TITLE="(Vx,Vy)"
VARIABLES=X,Y,Vx,Vy,Vm,V
ZONE T="T-Dummy" I=30, J=41, F=POINT
0.063333 0.007317 0.000000 0.000000 0.000000 0.000000
0.190000 0.007317 0.000000 0.000000 0.000000 0.000000
0.316667 0.007317 0.000000 0.000000 0.000000 0.000000
0.443333 0.007317 0.000000 0.000000 0.000000 0.000000
0.570000 0.007317 0.000000 0.000000 0.000000 0.000000
0.696667 0.007317 0.000000 0.000000 0.000000 0.000000
0.823333 0.007317 0.000000 0.000000 0.000000 0.000000
0.950000 0.007317 0.000000 0.000000 0.000000 0.000000
1.076667 0.007317 0.000000 0.000000 0.000000 0.000000
1.203333 0.007317 0.000000 0.000000 0.000000 0.000000
1.330000 0.007317 0.000000 0.000000 0.000000 0.000000
1.456667 0.007317 0.000000 0.000000 0.000000 0.000000
1.583333 0.007317 0.000000 0.000000 0.000000 0.000000
1.710000 0.007317 0.000000 0.000000 0.000000 0.000000
1.836667 0.007317 0.000000 0.000000 0.000000 0.000000
1.963333 0.007317 0.000000 0.000000 0.000000 0.000000
2.090000 0.007317 0.000000 0.000000 0.000000 0.000000
2.216667 0.007317 0.000000 0.000000 0.000000 0.000000
2.343333 0.007317 0.000000 0.000000 0.000000 0.000000
2.470000 0.007317 0.000000 0.000000 0.000000 0.000000
2.596667 0.007317 0.000000 0.000000 0.000000 0.000000
2.723333 0.007317 0.000000 0.000000 0.000000 0.000000
2.850000 0.007317 0.000000 0.000000 0.000000 0.000000
2.976667 0.007317 0.000000 0.000000 0.000000 0.000000
3.103333 0.007317 0.000000 0.000000 0.000000 0.000000
3.230000 0.007317 0.000000 0.000000 0.000000 0.000000
3.356667 0.007317 0.000000 0.000000 0.000000 0.000000
3.483333 0.007317 0.000000 0.000000 0.000000 0.000000
3.610000 0.007317 0.000000 0.000000 0.000000 0.000000
3.736667 0.007317 0.000000 0.000000 0.000000 0.000000
0.063333 0.021951 0.000000 0.000000 0.000000 0.000000
0.190000 0.021951 0.000000 0.000000 0.000000 0.000000
0.316667 0.021951 0.000000 0.000000 0.000000 0.000000
0.443333 0.021951 0.000000 0.000000 0.000000 0.000000
0.570000 0.021951 0.000000 0.000000 0.000000 0.000000
0.696667 0.021951 0.000000 0.000000 0.000000 0.000000
0.823333 0.021951 0.000000 0.000000 0.000000 0.000000
0.950000 0.021951 0.000000 0.000000 0.000000 0.000000
1.076667 0.021951 0.000000 0.000000 0.000000 0.000000
1.203333 0.021951 0.000000 0.000000 0.000000 0.000000
1.330000 0.021951 0.000000 0.000000 0.000000 0.000000
1.456667 0.021951 0.000000 0.000000 0.000000 0.000000
1.583333 0.021951 0.000000 0.000000 0.000000 0.000000
1.710000 0.021951 0.000000 0.000000 0.000000 0.000000
1.836667 0.021951 0.000000 0.000000 0.000000 0.000000
1.963333 0.021951 0.000000 0.000000 0.000000 0.000000
2.090000 0.021951 0.000000 0.000000 0.000000 0.000000
2.216667 0.021951 0.000000 0.000000 0.000000 0.000000
2.343333 0.021951 0.000000 0.000000 0.000000 0.000000
2.470000 0.021951 0.000000 0.000000 0.000000 0.000000
2.596667 0.021951 0.000000 0.000000 0.000000 0.000000
2.723333 0.021951 0.000000 0.000000 0.000000 0.000000
2.850000 0.021951 0.000000 0.000000 0.000000 0.000000
2.976667 0.021951 0.000000 0.000000 0.000000 0.000000
3.103333 0.021951 0.000000 0.000000 0.000000 0.000000
3.230000 0.021951 0.000000 0.000000 0.000000 0.000000
3.356667 0.021951 0.000000 0.000000 0.000000 0.000000
3.483333 0.021951 0.000000 0.000000 0.000000 0.000000
3.610000 0.021951 0.000000 0.000000 0.000000 0.000000
3.736667 0.021951 0.000000 0.000000 0.000000 0.000000
0.063333 0.036585 0.000000 0.000000 0.000000 0.000000
0.190000 0.036585 0.000000 0.000000 0.000000 0.000000
0.316667 0.036585 0.000000 0.000000 0.000000 0.000000
0.443333 0.036585 0.000000 0.000000 0.000000 0.000000
0.570000 0.036585 0.000000 0.000000 0.000000 0.000000
0.696667 0.036585 0.000000 0.000000 0.000000 0.000000
0.823333 0.036585 0.000000 0.000000 0.000000 0.000000
0.950000 0.036585 0.000000 0.000000 0.000000 0.000000
1.076667 0.036585 0.000000 0.000000 0.000000 0.000000
1.203333 0.036585 0.000000 0.000000 0.000000 0.000000
1.330000 0.036585 0.000000 0.000000 0.000000 0.000000
1.456667 0.036585 0.000000 0.000000 0.000000 0.000000
1.583333 0.036585 0.000000 0.000000 0.000000 0.000000
1.710000 0.036585 0.000000 0.000000 0.000000 0.000000
1.836667 0.036585 0.000000 0.000000 0.000000 0.000000
1.963333 0.036585 0.000000 0.000000 0.000000 0.000000
2.090000 0.036585 0.000000 0.000000 0.000000 0.000000
2.216667 0.036585 0.000000 0.000000 0.000000 0.000000
2.343333 0.036585 0.000000 0.000000 0.000000 0.000000
2.470000 0.036585 0.000000 0.000000 0.000000 0.000000
2.596667 0.036585 0.000000 0.000000 0.000000 0.000000
2.723333 0.036585 0.000000 0.000000 0.000000 0.000000
2.850000 0.036585 0.000000 0.000000 0.000000 0.000000
2.976667 0.036585 0.000000 0.000000 0.000000 0.000000
3.103333 0.036585 0.000000 0.000000 0.000000 0.000000
3.230000 0.036585 0.000000 0.000000 0.000000 0.000000
3.356667 0.036585 0.000000 0.000000 0.000000 0.000000
3.483333 0.036585 0.000000 0.000000 0.000000 0.000000
3.610000 0.036585 0.000000 0.000000 0.000000 0.000000
3.736667 0.036585 0.000000 0.000000 0.000000 0.000000
0.063333 0.051220 0.000000 0.000000 0.000000 0.000000
0.190000 0.051220 0.000000 0.000000 0.000000 0.000000
0.316667 0.051220 0.000000 0.000000 0.000000 0.000000
0.443333 0.051220 0.000000 0.000000 0.000000 0.000000
0.570000 0.051220 0.000000 0.000000 0.000000 0.000000
0.696667 0.051220 0.000000 0.000000 0.000000 0.000000
0.823333 0.051220 0.000000 0.000000 0.000000 0.000000
0.950000 0.051220 0.000000 0.000000 0.000000 0.000000
1.076667 0.051220 0.000000 0.000000 0.000000 0.000000
1.203333 0.051220 0.000000 0.000000 0.000000 0.000000
1.330000 0.051220 0.000000 0.000000 0.000000 0.000000
1.456667 0.051220 0.000000 0.000000 0.000000 0.000000
1.583333 0.051220 0.000000 0.000000 0.000000 0.000000
1.710000 0.051220 0.000000 0.000000 0.000000 0.000000
1.836667 0.051220 0.000000 0.000000 0.000000 0.000000
1.963333 0.051220 0.000000 0.000000 0.000000 0.000000
2.090000 0.051220 0.000000 0.000000 0.000000 0.000000
2.216667 0.051220 0.000000 0.000000 0.000000 0.000000
2.343333 0.051220 0.000000 0.000000 0.000000 0.000000
2.470000 0.051220 0.000000 0.000000 0.000000 0.000000
2.596667 0.051220 0.000000 0.000000 0.000000 0.000000
2.723333 0.051220 0.000000 0.000000 0.000000 0.000000
2.850000 0.051220 0.000000 0.000000 0.000000 0.000000
2.976667 0.051220 0.000000 0.000000 0.000000 0.000000
3.103333 0.051220 0.000000 0.000000 0.000000 0.000000
3.230000 0.051220 0.000000 0.000000 0.000000 0.000000
3.356667 0.051220 0.000000 0.000000 0.000000 0.000000
3.483333 0.051220 0.000000 0.000000 0.000000 0.000000
3.610000 0.051220 0.000000 0.000000 0.000000 0.000000
3.736667 0.051220 0.000000 0.000000 0.000000 0.000000
0.063333 0.065854 0.000000 0.000000 0.000000 0.000000
0.190000 0.065854 0.000000 0.000000 0.000000 0.000000
0.316667 0.065854 0.000000 0.000000 0.000000 0.000000
0.443333 0.065854 0.000000 0.000000 0.000000 0.000000
0.570000 0.065854 0.000000 0.000000 0.000000 0.000000
0.696667 0.065854 0.000000 0.000000 0.000000 0.000000
0.823333 0.065854 0.000000 0.000000 0.000000 0.000000
0.950000 0.065854 0.000000 0.000000 0.000000 0.000000
1.076667 0.065854 0.000000 0.000000 0.000000 0.000000
1.203333 0.065854 0.000000 0.000000 0.000000 0.000000
1.330000 0.065854 0.000000 0.000000 0.000000 0.000000
1.456667 0.065854 0.000000 0.000000 0.000000 0.000000
1.583333 0.065854 0.000000 0.000000 0.000000 0.000000
1.710000 0.065854 0.000000 0.000000 0.000000 0.000000
1.836667 0.065854 0.000000 0.000000 0.000000 0.000000
1.963333 0.065854 0.000000 0.000000 0.000000 0.000000
2.090000 0.065854 0.000000 0.000000 0.000000 0.000000
2.216667 0.065854 0.000000 0.000000 0.000000 0.000000
2.343333 0.065854 0.000000 0.000000 0.000000 0.000000
2.470000 0.065854 0.000000 0.000000 0.000000 0.000000
2.596667 0.065854 0.000000 0.000000 0.000000 0.000000
2.723333 0.065854 0.000000 0.000000 0.000000 0.000000
2.850000 0.065854 0.000000 0.000000 0.000000 0.000000
2.976667 0.065854 0.000000 0.000000 0.000000 0.000000
3.103333 0.065854 0.000000 0.000000 0.000000 0.000000
3.230000 0.065854 0.000000 0.000000 0.000000 0.000000
3.356667 0.065854 0.000000 0.000000 0.000000 0.000000
3.483333 0.065854 0.000000 0.000000 0.000000 0.000000
3.610000 0.065854 0.000000 0.000000 0.000000 0.000000
3.736667 0.065854 0.000000 0.000000 0.000000 0.000000
0.063333 0.080488 0.000000 0.000000 0.000000 0.000000
0.190000 0.080488 0.000000 0.000000 0.000000 0.000000
0.316667 0.080488 0.000000 0.000000 0.000000 0.000000
0.443333 0.080488 0.000000 0.000000 0.000000 0.000000
0.570000 0.080488 0.000000 0.000000 0.000000 0.000000
0.696667 0.080488 0.000000 0.000000 0.000000 0.000000
0.823333 0.080488 0.000000 0.000000 0.000000 0.000000
0.950000 0.080488 0.000000 0.000000 0.000000 0.000000
1.076667 0.080488 0.000000 0.000000 0.000000 0.000000
1.203333 0.080488 0.000000 0.000000 0.000000 0.000000
1.330000 0.080488 0.000000 0.000000 0.000000 0.000000
1.456667 0.080488 0.000000 0.000000 0.000000 0.000000
1.583333 0.080488 0.000000 0.000000 0.000000 0.000000
1.710000 0.080488 0.000000 0.000000 0.000000 0.000000
1.836667 0.080488 0.000000 0.000000 0.000000 0.000000
1.963333 0.080488 0.000000 0.000000 0.000000 0.000000
2.090000 0.080488 0.000000 0.000000 0.000000 0.000000
2.216667 0.080488 0.000000 0.000000 0.000000 0.000000
2.343333 0.080488 0.000000 0.000000 0.000000 0.000000
2.470000 0.080488 0.000000 0.000000 0.000000 0.000000
2.596667 0.080488 0.000000 0.000000 0.000000 0.000000
2.723333 0.080488 0.000000 0.000000 0.000000 0.000000
2.850000 0.080488 0.000000 0.000000 0.000000 0.000000
2.976667 0.080488 0.000000 0.000000 0.000000 0.000000
3.103333 0.080488 0.000000 0.000000 0.000000 0.000000
3.230000 0.080488 0.000000 0.000000 0.000000 0.000000
3.356667 0.080488 0.000000 0.000000 0.000000 0.000000
3.483333 0.080488 0.000000 0.000000 0.000000 0.000000
3.610000 0.080488 0.000000 0.000000 0.000000 0.000000
3.736667 0.080488 0.000000 0.000000 0.000000 0.000000
0.063333 0.095122 0.000000 0.000000 0.000000 0.000000
0.190000 0.095122 0.000000 0.000000 0.000000 0.000000
0.316667 0.095122 0.000000 0.000000 0.000000 0.000000
0.443333 0.095122 0.000000 0.000000 0.000000 0.000000
0.570000 0.095122 0.000000 0.000000 0.000000 0.000000
0.696667 0.095122 0.000000 0.000000 0.000000 0.000000
0.823333 0.095122 0.000000 0.000000 0.000000 0.000000
0.950000 0.095122 0.000000 0.000000 0.000000 0.000000
1.076667 0.095122 0.000000 0.000000 0.000000 0.000000
1.203333 0.095122 0.000000 0.000000 0.000000 0.000000
1.330000 0.095122 0.000000 0.000000 0.000000 0.000000
1.456667 0.095122 0.000000 0.000000 0.000000 0.000000
1.583333 0.095122 0.000000 0.000000 0.000000 0.000000
1.710000 0.095122 0.000000 0.000000 0.000000 0.000000
1.836667 0.095122 0.000000 0.000000 0.000000 0.000000
1.963333 0.095122 0.000000 0.000000 0.000000 0.000000
2.090000 0.095122 0.000000 0.000000 0.000000 0.000000
2.216667 0.095122 0.000000 0.000000 0.000000 0.000000
2.343333 0.095122 0.000000 0.000000 0.000000 0.000000
2.470000 0.095122 0.000000 0.000000 0.000000 0.000000
2.596667 0.095122 0.000000 0.000000 0.000000 0.000000
2.723333 0.095122 0.000000 0.000000 0.000000 0.000000
2.850000 0.095122 0.000000 0.000000 0.000000 0.000000
2.976667 0.095122 0.000000 0.000000 0.000000 0.000000
3.103333 0.095122 0.000000 0.000000 0.000000 0.000000
3.230000 0.095122 0.000000 0.000000 0.000000 0.000000
3.356667 0.095122 0.000000 0.000000 0.000000 0.000000
3.483333 0.095122 0.000000 0.000000 0.000000 0.000000
3.610000 0.095122 0.000000 0.000000 0.000000 0.000000
3.736667 0.095122 0.000000 0.000000 0.000000 0.000000
0.063333 0.109756 0.000000 0.000000 0.000000 0.000000
0.190000 0.109756 0.000000 0.000000 0.000000 0.000000
0.316667 0.109756 0.000000 0.000000 0.000000 0.000000
0.443333 0.109756 0.000000 0.000000 0.000000 0.000000
0.570000 0.109756 0.000000 0.000000 0.000000 0.000000
0.696667 0.109756 0.000000 0.000000 0.000000 0.000000
0.823333 0.109756 0.000000 0.000000 0.000000 0.000000
0.950000 0.109756 0.000000 0.000000 0.000000 0.000000
1.076667 0.109756 0.000000 0.000000 0.000000 0.000000
1.203333 0.109756 0.000000 0.000000 0.000000 0.000000
1.330000 0.109756 0.000000 0.000000 0.000000 0.000000
1.456667 0.109756 0.000000 0.000000 0.000000 0.000000
1.583333 0.109756 0.000000 0.000000 0.000000 0.000000
1.710000 0.109756 0.000000 0.000000 0.000000 0.000000
1.836667 0.109756 0.000000 0.000000 0.000000 0.000000
1.963333 0.109756 0.000000 0.000000 0.000000 0.000000
2.090000 0.109756 0.000000 0.000000 0.000000 0.000000
2.216667 0.109756 0.000000 0.000000 0.000000 0.000000
2.343333 0.109756 0.000000 0.000000 0.000000 0.000000
2.470000 0.109756 0.000000 0.000000 0.000000 0.000000
2.596667 0.109756 0.000000 0.000000 0.000000 0.000000
2.723333 0.109756 0.000000 0.000000 0.000000 0.000000
2.850000 0.109756 0.000000 0.000000 0.000000 0.000000
2.976667 0.109756 0.000000 0.000000 0.000000 0.000000
3.103333 0.109756 0.000000 0.000000 0.000000 0.000000
3.230000 0.109756 0.000000 0.000000 0.000000 0.000000
3.356667 0.109756 0.000000 0.000000 0.000000 0.000000
3.483333 0.109756 0.000000 0.000000 0.000000 0.000000
3.610000 0.109756 0.000000 0.000000 0.000000 0.000000
3.736667 0.109756 0.000000 0.000000 0.000000 0.000000
0.063333 0.124390 0.000000 0.000000 0.000000 0.000000
0.190000 0.124390 0.000000 0.000000 0.000000 0.000000
0.316667 0.124390 0.000000 0.000000 0.000000 0.000000
0.443333 0.124390 0.000000 0.000000 0.000000 0.000000
0.570000 0.124390 0.000000 0.000000 0.000000 0.000000
0.696667 0.124390 0.000000 0.000000 0.000000 0.000000
0.823333 0.124390 0.000000 0.000000 0.000000 0.000000
0.950000 0.124390 0.000000 0.000000 0.000000 0.000000
1.076667 0.124390 0.000000 0.000000 0.000000 0.000000
1.203333 0.124390 0.000000 0.000000 0.000000 0.000000
1.330000 0.124390 0.000000 0.000000 0.000000 0.000000
1.456667 0.124390 0.000000 0.000000 0.000000 0.000000
1.583333 0.124390 0.000000 0.000000 0.000000 0.000000
1.710000 0.124390 0.000000 0.000000 0.000000 0.000000
1.836667 0.124390 0.000000 0.000000 0.000000 0.000000
1.963333 0.124390 0.000000 0.000000 0.000000 0.000000
2.090000 0.124390 0.000000 0.000000 0.000000 0.000000
2.216667 0.124390 0.000000 0.000000 0.000000 0.000000
2.343333 0.124390 0.000000 0.000000 0.000000 0.000000
2.470000 0.124390 0.000000 0.000000 0.000000 0.000000
2.596667 0.124390 0.000000 0.000000 0.000000 0.000000
2.723333 0.124390 0.000000 0.000000 0.000000 0.000000
2.850000 0.124390 0.000000 0.000000 0.000000 0.000000
2.976667 0.124390 0.000000 0.000000 0.000000 0.000000
3.103333 0.124390 0.000000 0.000000 0.000000 0.000000
3.230000 0.124390 0.000000 0.000000 0.000000 0.000000
3.356667 0.124390 0.000000 0.000000 0.000000 0.000000
3.483333 0.124390 0.000000 0.000000 0.000000 0.000000
3.610000 0.124390 0.000000 0.000000 0.000000 0.000000
3.736667 0.124390 0.000000 0.000000 0.000000 0.000000
0.063333 0.139024 0.000000 0.000000 0.000000 0.000000
0.190000 0.139024 0.000000 0.000000 0.000000 0.000000
0.316667 0.139024 0.000000 0.000000 0.000000 0.000000
0.443333 0.139024 0.000000 0.000000 0.000000 0.000000
0.570000 0.139024 0.000000 0.000000 0.000000 0.000000
0.696667 0.139024 0.000000 0.000000 0.000000 0.000000
0.823333 0.139024 0.000000 0.000000 0.000000 0.000000
0.950000 0.139024 0.000000 0.000000 0.000000 0.000000
1.076667 0.139024 0.000000 0.000000 0.000000 0.000000
1.203333 0.139024 0.000000 0.000000 0.000000 0.000000
1.330000 0.139024 0.000000 0.000000 0.000000 0.000000
1.456667 0.139024 0.000000 0.000000 0.000000 0.000000
1.583333 0.139024 0.000000 0.000000 0.000000 0.000000
1.710000 0.139024 0.000000 0.000000 0.000000 0.000000
1.836667 0.139024 0.000000 0.000000 0.000000 0.000000
1.963333 0.139024 0.000000 0.000000 0.000000 0.000000
2.090000 0.139024 0.000000 0.000000 0.000000 0.000000
2.216667 0.139024 0.000000 0.000000 0.000000 0.000000
2.343333 0.139024 0.000000 0.000000 0.000000 0.000000
2.470000 0.139024 0.000000 0.000000 0.000000 0.000000
2.596667 0.139024 0.000000 0.000000 0.000000 0.000000
2.723333 0.139024 0.000000 0.000000 0.000000 0.000000
2.850000 0.139024 0.000000 0.000000 0.000000 0.000000
2.976667 0.139024 0.000000 0.000000 0.000000 0.000000
3.103333 0.139024 0.000000 0.000000 0.000000 0.000000
3.230000 0.139024 0.000000 0.000000 0.000000 0.000000
3.356667 0.139024 0.000000 0.000000 0.000000 0.000000
3.483333 0.139024 0.000000 0.000000 0.000000 0.000000
3.610000 0.139024 0.000000 0.000000 0.000000 0.000000
3.736667 0.139024 0.000000 0.000000 0.000000 0.000000
0.063333 0.153659 0.000000 0.000000 0.000000 0.000000
0.190000 0.153659 0.000000 0.000000 0.000000 0.000000
0.316667 0.153659 0.000000 0.000000 0.000000 0.000000
0.443333 0.153659 0.000000 0.000000 0.000000 0.000000
0.570000 0.153659 0.000000 0.000000 0.000000 0.000000
0.696667 0.153659 0.000000 0.000000 0.000000 0.000000
0.823333 0.153659 0.000000 0.000000 0.000000 0.000000
0.950000 0.153659 0.000000 0.000000 0.000000 0.000000
1.076667 0.153659 0.000000 0.000000 0.000000 0.000000
1.203333 0.153659 0.000000 0.000000 0.000000 0.000000
1.330000 0.153659 0.000000 0.000000 0.000000 0.000000
1.456667 0.153659 0.000000 0.000000 0.000000 0.000000
1.583333 0.153659 0.000000 0.000000 0.000000 0.000000
1.710000 0.153659 0.000000 0.000000 0.000000 0.000000
1.836667 0.153659 0.000000 0.000000 0.000000 0.000000
1.963333 0.153659 0.000000 0.000000 0.000000 0.000000
2.090000 0.153659 0.000000 0.000000 0.000000 0.000000
2.216667 0.153659 0.000000 0.000000 0.000000 0.000000
2.343333 0.153659 0.000000 0.000000 0.000000 0.000000
2.470000 0.153659 0.000000 0.000000 0.000000 0.000000
2.596667 0.153659 0.000000 0.000000 0.000000 0.000000
2.723333 0.153659 0.000000 0.000000 0.000000 0.000000
2.850000 0.153659 0.000000 0.000000 0.000000 0.000000
2.976667 0.153659 0.000000 0.000000 0.000000 0.000000
3.103333 0.153659 0.000000 0.000000 0.000000 0.000000
3.230000 0.153659 0.000000 0.000000 0.000000 0.000000
3.356667 0.153659 0.000000 0.000000 0.000000 0.000000
3.483333 0.153659 0.000000 0.000000 0.000000 0.000000
3.610000 0.153659 0.000000 0.000000 0.000000 0.000000
3.736667 0.153659 0.000000 0.000000 0.000000 0.000000
0.063333 0.168293 0.000000 0.000000 0.000000 0.000000
0.190000 0.168293 0.000000 0.000000 0.000000 0.000000
0.316667 0.168293 0.000000 0.000000 0.000000 0.000000
0.443333 0.168293 0.000000 0.000000 0.000000 0.000000
0.570000 0.168293 0.000000 0.000000 0.000000 0.000000
0.696667 0.168293 0.000000 0.000000 0.000000 0.000000
0.823333 0.168293 0.000000 0.000000 0.000000 0.000000
0.950000 0.168293 0.000000 0.000000 0.000000 0.000000
1.076667 0.168293 0.000000 0.000000 0.000000 0.000000
1.203333 0.168293 0.000000 0.000000 0.000000 0.000000
1.330000 0.168293 0.000000 0.000000 0.000000 0.000000
1.456667 0.168293 0.000000 0.000000 0.000000 0.000000
1.583333 0.168293 0.000000 0.000000 0.000000 0.000000
1.710000 0.168293 0.000000 0.000000 0.000000 0.000000
1.836667 0.168293 0.000000 0.000000 0.000000 0.000000
1.963333 0.168293 0.000000 0.000000 0.000000 0.000000
2.090000 0.168293 0.000000 0.000000 0.000000 0.000000
2.216667 0.168293 0.000000 0.000000 0.000000 0.000000
2.343333 0.168293 0.000000 0.000000 0.000000 0.000000
2.470000 0.168293 0.000000 0.000000 0.000000 0.000000
2.596667 0.168293 0.000000 0.000000 0.000000 0.000000
2.723333 0.168293 0.000000 0.000000 0.000000 0.000000
2.850000 0.168293 0.000000 0.000000 0.000000 0.000000
2.976667 0.168293 0.000000 0.000000 0.000000 0.000000
3.103333 0.168293 0.000000 0.000000 0.000000 0.000000
3.230000 0.168293 0.000000 0.000000 0.000000 0.000000
3.356667 0.168293 0.000000 0.000000 0.000000 0.000000
3.483333 0.168293 0.000000 0.000000 0.000000 0.000000
3.610000 0.168293 0.000000 0.000000 0.000000 0.000000
3.736667 0.168293 0.000000 0.000000 0.000000 0.000000
0.063333 0.182927 0.000000 0.000000 0.000000 0.000000
0.190000 0.182927 0.000000 0.000000 0.000000 0.000000
0.316667 0.182927 0.000000 0.000000 0.000000 0.000000
0.443333 0.182927 0.000000 0.000000 0.000000 0.000000
0.570000 0.182927 0.000000 0.000000 0.000000 0.000000
0.696667 0.182927 0.000000 0.000000 0.000000 0.000000
0.823333 0.182927 0.000000 0.000000 0.000000 0.000000
0.950000 0.182927 0.000000 0.000000 0.000000 0.000000
1.076667 0.182927 0.000000 0.000000 0.000000 0.000000
1.203333 0.182927 0.000000 0.000000 0.000000 0.000000
1.330000 0.182927 0.000000 0.000000 0.000000 0.000000
1.456667 0.182927 0.000000 0.000000 0.000000 0.000000
1.583333 0.182927 0.000000 0.000000 0.000000 0.000000
1.710000 0.182927 0.000000 0.000000 0.000000 0.000000
1.836667 0.182927 0.000000 0.000000 0.000000 0.000000
1.963333 0.182927 0.000000 0.000000 0.000000 0.000000
2.090000 0.182927 0.000000 0.000000 0.000000 0.000000
2.216667 0.182927 0.000000 0.000000 0.000000 0.000000
2.343333 0.182927 0.000000 0.000000 0.000000 0.000000
2.470000 0.182927 0.000000 0.000000 0.000000 0.000000
2.596667 0.182927 0.000000 0.000000 0.000000 0.000000
2.723333 0.182927 0.000000 0.000000 0.000000 0.000000
2.850000 0.182927 0.000000 0.000000 0.000000 0.000000
2.976667 0.182927 0.000000 0.000000 0.000000 0.000000
3.103333 0.182927 0.000000 0.000000 0.000000 0.000000
3.230000 0.182927 0.000000 0.000000 0.000000 0.000000
3.356667 0.182927 0.000000 0.000000 0.000000 0.000000
3.483333 0.182927 0.000000 0.000000 0.000000 0.000000
3.610000 0.182927 0.000000 0.000000 0.000000 0.000000
3.736667 0.182927 0.000000 0.000000 0.000000 0.000000
0.063333 0.197561 0.000000 0.000000 0.000000 0.000000
0.190000 0.197561 0.000000 0.000000 0.000000 0.000000
0.316667 0.197561 0.000000 0.000000 0.000000 0.000000
0.443333 0.197561 0.000000 0.000000 0.000000 0.000000
0.570000 0.197561 0.000000 0.000000 0.000000 0.000000
0.696667 0.197561 0.000000 0.000000 0.000000 0.000000
0.823333 0.197561 0.000000 0.000000 0.000000 0.000000
0.950000 0.197561 0.000000 0.000000 0.000000 0.000000
1.076667 0.197561 0.000000 0.000000 0.000000 0.000000
1.203333 0.197561 0.000000 0.000000 0.000000 0.000000
1.330000 0.197561 0.000000 0.000000 0.000000 0.000000
1.456667 0.197561 0.000000 0.000000 0.000000 0.000000
1.583333 0.197561 0.000000 0.000000 0.000000 0.000000
1.710000 0.197561 0.000000 0.000000 0.000000 0.000000
1.836667 0.197561 0.000000 0.000000 0.000000 0.000000
1.963333 0.197561 0.000000 0.000000 0.000000 0.000000
2.090000 0.197561 0.000000 0.000000 0.000000 0.000000
2.216667 0.197561 0.000000 0.000000 0.000000 0.000000
2.343333 0.197561 0.000000 0.000000 0.000000 0.000000
2.470000 0.197561 0.000000 0.000000 0.000000 0.000000
2.596667 0.197561 0.000000 0.000000 0.000000 0.000000
2.723333 0.197561 0.000000 0.000000 0.000000 0.000000
2.850000 0.197561 0.000000 0.000000 0.000000 0.000000
2.976667 0.197561 0.000000 0.000000 0.000000 0.000000
3.103333 0.197561 0.000000 0.000000 0.000000 0.000000
3.230000 0.197561 0.000000 0.000000 0.000000 0.000000
3.356667 0.197561 0.000000 0.000000 0.000000 0.000000
3.483333 0.197561 0.000000 0.000000 0.000000 0.000000
3.610000 0.197561 0.000000 0.000000 0.000000 0.000000
3.736667 0.197561 0.000000 0.000000 0.000000 0.000000
0.063333 0.212195 0.000000 0.000000 0.000000 0.000000
0.190000 0.212195 0.000000 0.000000 0.000000 0.000000
0.316667 0.212195 0.000000 0.000000 0.000000 0.000000
0.443333 0.212195 0.000000 0.000000 0.000000 0.000000
0.570000 0.212195 0.000000 0.000000 0.000000 0.000000
0.696667 0.212195 0.000000 0.000000 0.000000 0.000000
0.823333 0.212195 0.000000 0.000000 0.000000 0.000000
0.950000 0.212195 0.000000 0.000000 0.000000 0.000000
1.076667 0.212195 0.000000 0.000000 0.000000 0.000000
1.203333 0.212195 0.000000 0.000000 0.000000 0.000000
1.330000 0.212195 0.000000 0.000000 0.000000 0.000000
1.456667 0.212195 0.000000 0.000000 0.000000 0.000000
1.583333 0.212195 0.000000 0.000000 0.000000 0.000000
1.710000 0.212195 0.000000 0.000000 0.000000 0.000000
1.836667 0.212195 0.000000 0.000000 0.000000 0.000000
1.963333 0.212195 0.000000 0.000000 0.000000 0.000000
2.090000 0.212195 0.000000 0.000000 0.000000 0.000000
2.216667 0.212195 0.000000 0.000000 0.000000 0.000000
2.343333 0.212195 0.000000 0.000000 0.000000 0.000000
2.470000 0.212195 0.000000 0.000000 0.000000 0.000000
2.596667 0.212195 0.000000 0.000000 0.000000 0.000000
2.723333 0.212195 0.000000 0.000000 0.000000 0.000000
2.850000 0.212195 0.000000 0.000000 0.000000 0.000000
2.976667 0.212195 0.000000 0.000000 0.000000 0.000000
3.103333 0.212195 0.000000 0.000000 0.000000 0.000000
3.230000 0.212195 0.000000 0.000000 0.000000 0.000000
3.356667 0.212195 0.000000 0.000000 0.000000 0.000000
3.483333 0.212195 0.000000 0.000000 0.000000 0.000000
3.610000 0.212195 0.000000 0.000000 0.000000 0.000000
3.736667 0.212195 0.000000 0.000000 0.000000 0.000000
0.063333 0.226829 0.000000 0.000000 0.000000 0.000000
0.190000 0.226829 0.000000 0.000000 0.000000 0.000000
0.316667 0.226829 0.000000 0.000000 0.000000 0.000000
0.443333 0.226829 0.000000 0.000000 0.000000 0.000000
0.570000 0.226829 0.000000 0.000000 0.000000 0.000000
0.696667 0.226829 0.000000 0.000000 0.000000 0.000000
0.823333 0.226829 0.000000 0.000000 0.000000 0.000000
0.950000 0.226829 0.000000 0.000000 0.000000 0.000000
1.076667 0.226829 0.000000 0.000000 0.000000 0.000000
1.203333 0.226829 0.000000 0.000000 0.000000 0.000000
1.330000 0.226829 0.000000 0.000000 0.000000 0.000000
1.456667 0.226829 0.000000 0.000000 0.000000 0.000000
1.583333 0.226829 0.000000 0.000000 0.000000 0.000000
1.710000 0.226829 0.000000 0.000000 0.000000 0.000000
1.836667 0.226829 0.000000 0.000000 0.000000 0.000000
1.963333 0.226829 0.000000 0.000000 0.000000 0.000000
2.090000 0.226829 0.000000 0.000000 0.000000 0.000000
2.216667 0.226829 0.000000 0.000000 0.000000 0.000000
2.343333 0.226829 0.000000 0.000000 0.000000 0.000000
2.470000 0.226829 0.000000 0.000000 0.000000 0.000000
2.596667 0.226829 0.000000 0.000000 0.000000 0.000000
2.723333 0.226829 0.000000 0.000000 0.000000 0.000000
2.850000 0.226829 0.000000 0.000000 0.000000 0.000000
2.976667 0.226829 0.000000 0.000000 0.000000 0.000000
3.103333 0.226829 0.000000 0.000000 0.000000 0.000000
3.230000 0.226829 0.000000 0.000000 0.000000 0.000000
3.356667 0.226829 0.000000 0.000000 0.000000 0.000000
3.483333 0.226829 0.000000 0.000000 0.000000 0.000000
3.610000 0.226829 0.000000 0.000000 0.000000 0.000000
3.736667 0.226829 0.000000 0.000000 0.000000 0.000000
0.063333 0.241463 0.000000 0.000000 0.000000 0.000000
0.190000 0.241463 0.000000 0.000000 0.000000 0.000000
0.316667 0.241463 0.000000 0.000000 0.000000 0.000000
0.443333 0.241463 0.000000 0.000000 0.000000 0.000000
0.570000 0.241463 0.000000 0.000000 0.000000 0.000000
0.696667 0.241463 0.000000 0.000000 0.000000 0.000000
0.823333 0.241463 0.000000 0.000000 0.000000 0.000000
0.950000 0.241463 0.000000 0.000000 0.000000 0.000000
1.076667 0.241463 0.000000 0.000000 0.000000 0.000000
1.203333 0.241463 0.000000 0.000000 0.000000 0.000000
1.330000 0.241463 0.000000 0.000000 0.000000 0.000000
1.456667 0.241463 0.000000 0.000000 0.000000 0.000000
1.583333 0.241463 0.000000 0.000000 0.000000 0.000000
1.710000 0.241463 0.000000 0.000000 0.000000 0.000000
1.836667 0.241463 0.000000 0.000000 0.000000 0.000000
1.963333 0.241463 0.000000 0.000000 0.000000 0.000000
2.090000 0.241463 0.000000 0.000000 0.000000 0.000000
2.216667 0.241463 0.000000 0.000000 0.000000 0.000000
2.343333 0.241463 0.000000 0.000000 0.000000 0.000000
2.470000 0.241463 0.000000 0.000000 0.000000 0.000000
2.596667 0.241463 0.000000 0.000000 0.000000 0.000000
2.723333 0.241463 0.000000 0.000000 0.000000 0.000000
2.850000 0.241463 0.000000 0.000000 0.000000 0.000000
2.976667 0.241463 0.000000 0.000000 0.000000 0.000000
3.103333 0.241463 0.000000 0.000000 0.000000 0.000000
3.230000 0.241463 0.000000 0.000000 0.000000 0.000000
3.356667 0.241463 0.000000 0.000000 0.000000 0.000000
3.483333 0.241463 0.000000 0.000000 0.000000 0.000000
3.610000 0.241463 0.000000 0.000000 0.000000 0.000000
3.736667 0.241463 0.000000 0.000000 0.000000 0.000000
0.063333 0.256098 0.000000 0.000000 0.000000 0.000000
0.190000 0.256098 0.000000 0.000000 0.000000 0.000000
0.316667 0.256098 0.000000 0.000000 0.000000 0.000000
0.443333 0.256098 0.000000 0.000000 0.000000 0.000000
0.570000 0.256098 0.000000 0.000000 0.000000 0.000000
0.696667 0.256098 0.000000 0.000000 0.000000 0.000000
0.823333 0.256098 0.000000 0.000000 0.000000 0.000000
0.950000 0.256098 0.000000 0.000000 0.000000 0.000000
1.076667 0.256098 0.000000 0.000000 0.000000 0.000000
1.203333 0.256098 0.000000 0.000000 0.000000 0.000000
1.330000 0.256098 0.000000 0.000000 0.000000 0.000000
1.456667 0.256098 0.000000 0.000000 0.000000 0.000000
1.583333 0.256098 0.000000 0.000000 0.000000 0.000000
1.710000 0.256098 0.000000 0.000000 0.000000 0.000000
1.836667 0.256098 0.000000 0.000000 0.000000 0.000000
1.963333 0.256098 0.000000 0.000000 0.000000 0.000000
2.090000 0.256098 0.000000 0.000000 0.000000 0.000000
2.216667 0.256098 0.000000 0.000000 0.000000 0.000000
2.343333 0.256098 0.000000 0.000000 0.000000 0.000000
2.470000 0.256098 0.000000 0.000000 0.000000 0.000000
2.596667 0.256098 0.000000 0.000000 0.000000 0.000000
2.723333 0.256098 0.000000 0.000000 0.000000 0.000000
2.850000 0.256098 0.000000 0.000000 0.000000 0.000000
2.976667 0.256098 0.000000 0.000000 0.000000 0.000000
3.103333 0.256098 0.000000 0.000000 0.000000 0.000000
3.230000 0.256098 0.000000 0.000000 0.000000 0.000000
3.356667 0.256098 0.000000 0.000000 0.000000 0.000000
3.483333 0.256098 0.000000 0.000000 0.000000 0.000000
3.610000 0.256098 0.000000 0.000000 0.000000 0.000000
3.736667 0.256098 0.000000 0.000000 0.000000 0.000000
0.063333 0.270732 0.000000 0.000000 0.000000 0.000000
0.190000 0.270732 0.000000 0.000000 0.000000 0.000000
0.316667 0.270732 0.000000 0.000000 0.000000 0.000000
0.443333 0.270732 0.000000 0.000000 0.000000 0.000000
0.570000 0.270732 0.000000 0.000000 0.000000 0.000000
0.696667 0.270732 0.000000 0.000000 0.000000 0.000000
0.823333 0.270732 0.000000 0.000000 0.000000 0.000000
0.950000 0.270732 0.000000 0.000000 0.000000 0.000000
1.076667 0.270732 0.000000 0.000000 0.000000 0.000000
1.203333 0.270732 0.000000 0.000000 0.000000 0.000000
1.330000 0.270732 0.000000 0.000000 0.000000 0.000000
1.456667 0.270732 0.000000 0.000000 0.000000 0.000000
1.583333 0.270732 0.000000 0.000000 0.000000 0.000000
1.710000 0.270732 0.000000 0.000000 0.000000 0.000000
1.836667 0.270732 0.000000 0.000000 0.000000 0.000000
1.963333 0.270732 0.000000 0.000000 0.000000 0.000000
2.090000 0.270732 0.000000 0.000000 0.000000 0.000000
2.216667 0.270732 0.000000 0.000000 0.000000 0.000000
2.343333 0.270732 0.000000 0.000000 0.000000 0.000000
2.470000 0.270732 0.000000 0.000000 0.000000 0.000000
2.596667 0.270732 0.000000 0.000000 0.000000 0.000000
2.723333 0.270732 0.000000 0.000000 0.000000 0.000000
2.850000 0.270732 0.000000 0.000000 0.000000 0.000000
2.976667 0.270732 0.000000 0.000000 0.000000 0.000000
3.103333 0.270732 0.000000 0.000000 0.000000 0.000000
3.230000 0.270732 0.000000 0.000000 0.000000 0.000000
3.356667 0.270732 0.000000 0.000000 0.000000 0.000000
3.483333 0.270732 0.000000 0.000000 0.000000 0.000000
3.610000 0.270732 0.000000 0.000000 0.000000 0.000000
3.736667 0.270732 0.000000 0.000000 0.000000 0.000000
0.063333 0.285366 0.000000 0.000000 0.000000 0.000000
0.190000 0.285366 0.000000 0.000000 0.000000 0.000000
0.316667 0.285366 0.000000 0.000000 0.000000 0.000000
0.443333 0.285366 0.000000 0.000000 0.000000 0.000000
0.570000 0.285366 0.000000 0.000000 0.000000 0.000000
0.696667 0.285366 0.000000 0.000000 0.000000 0.000000
0.823333 0.285366 0.000000 0.000000 0.000000 0.000000
0.950000 0.285366 0.000000 0.000000 0.000000 0.000000
1.076667 0.285366 0.000000 0.000000 0.000000 0.000000
1.203333 0.285366 0.000000 0.000000 0.000000 0.000000
1.330000 0.285366 0.000000 0.000000 0.000000 0.000000
1.456667 0.285366 0.000000 0.000000 0.000000 0.000000
1.583333 0.285366 0.000000 0.000000 0.000000 0.000000
1.710000 0.285366 0.000000 0.000000 0.000000 0.000000
1.836667 0.285366 0.000000 0.000000 0.000000 0.000000
1.963333 0.285366 0.000000 0.000000 0.000000 0.000000
2.090000 0.285366 0.000000 0.000000 0.000000 0.000000
2.216667 0.285366 0.000000 0.000000 0.000000 0.000000
2.343333 0.285366 0.000000 0.000000 0.000000 0.000000
2.470000 0.285366 0.000000 0.000000 0.000000 0.000000
2.596667 0.285366 0.000000 0.000000 0.000000 0.000000
2.723333 0.285366 0.000000 0.000000 0.000000 0.000000
2.850000 0.285366 0.000000 0.000000 0.000000 0.000000
2.976667 0.285366 0.000000 0.000000 0.000000 0.000000
3.103333 0.285366 0.000000 0.000000 0.000000 0.000000
3.230000 0.285366 0.000000 0.000000 0.000000 0.000000
3.356667 0.285366 0.000000 0.000000 0.000000 0.000000
3.483333 0.285366 0.000000 0.000000 0.000000 0.000000
3.610000 0.285366 0.000000 0.000000 0.000000 0.000000
3.736667 0.285366 0.000000 0.000000 0.000000 0.000000
0.063333 0.300000 0.000000 0.000000 0.000000 0.000000
0.190000 0.300000 0.000000 0.000000 0.000000 0.000000
0.316667 0.300000 0.000000 0.000000 0.000000 0.000000
0.443333 0.300000 0.000000 0.000000 0.000000 0.000000
0.570000 0.300000 0.000000 0.000000 0.000000 0.000000
0.696667 0.300000 0.000000 0.000000 0.000000 0.000000
0.823333 0.300000 0.000000 0.000000 0.000000 0.000000
0.950000 0.300000 0.000000 0.000000 0.000000 0.000000
1.076667 0.300000 0.000000 0.000000 0.000000 0.000000
1.203333 0.300000 0.000000 0.000000 0.000000 0.000000
1.330000 0.300000 0.000000 0.000000 0.000000 0.000000
1.456667 0.300000 0.000000 0.000000 0.000000 0.000000
1.583333 0.300000 0.000000 0.000000 0.000000 0.000000
1.710000 0.300000 0.000000 0.000000 0.000000 0.000000
1.836667 0.300000 0.000000 0.000000 0.000000 0.000000
1.963333 0.300000 0.000000 0.000000 0.000000 0.000000
2.090000 0.300000 0.000000 0.000000 0.000000 0.000000
2.216667 0.300000 0.000000 0.000000 0.000000 0.000000
2.343333 0.300000 0.000000 0.000000 0.000000 0.000000
2.470000 0.300000 0.000000 0.000000 0.000000 0.000000
2.596667 0.300000 0.000000 0.000000 0.000000 0.000000
2.723333 0.300000 0.000000 0.000000 0.000000 0.000000
2.850000 0.300000 0.000000 0.000000 0.000000 0.000000
2.976667 0.300000 0.000000 0.000000 0.000000 0.000000
3.103333 0.300000 0.000000 0.000000 0.000000 0.000000
3.230000 0.300000 0.000000 0.000000 0.000000 0.000000
3.356667 0.300000 0.000000 0.000000 0.000000 0.000000
3.483333 0.300000 0.000000 0.000000 0.000000 0.000000
3.610000 0.300000 0.000000 0.000000 0.000000 0.000000
3.736667 0.300000 0.000000 0.000000 0.000000 0.000000
0.063333 0.314634 0.000000 0.000000 0.000000 0.000000
0.190000 0.314634 0.000000 0.000000 0.000000 0.000000
0.316667 0.314634 0.000000 0.000000 0.000000 0.000000
0.443333 0.314634 0.000000 0.000000 0.000000 0.000000
0.570000 0.314634 0.000000 0.000000 0.000000 0.000000
0.696667 0.314634 0.000000 0.000000 0.000000 0.000000
0.823333 0.314634 0.000000 0.000000 0.000000 0.000000
0.950000 0.314634 0.000000 0.000000 0.000000 0.000000
1.076667 0.314634 0.000000 0.000000 0.000000 0.000000
1.203333 0.314634 0.000000 0.000000 0.000000 0.000000
1.330000 0.314634 0.000000 0.000000 0.000000 0.000000
1.456667 0.314634 0.000000 0.000000 0.000000 0.000000
1.583333 0.314634 0.000000 0.000000 0.000000 0.000000
1.710000 0.314634 0.000000 0.000000 0.000000 0.000000
1.836667 0.314634 0.000000 0.000000 0.000000 0.000000
1.963333 0.314634 0.000000 0.000000 0.000000 0.000000
2.090000 0.314634 0.000000 0.000000 0.000000 0.000000
2.216667 0.314634 0.000000 0.000000 0.000000 0.000000
2.343333 0.314634 0.000000 0.000000 0.000000 0.000000
2.470000 0.314634 0.000000 0.000000 0.000000 0.000000
2.596667 0.314634 0.000000 0.000000 0.000000 0.000000
2.723333 0.314634 0.000000 0.000000 0.000000 0.000000
2.850000 0.314634 0.000000 0.000000 0.000000 0.000000
2.976667 0.314634 0.000000 0.000000 0.000000 0.000000
3.103333 0.314634 0.000000 0.000000 0.000000 0.000000
3.230000 0.314634 0.000000 0.000000 0.000000 0.000000
3.356667 0.314634 0.000000 0.000000 0.000000 0.000000
3.483333 0.314634 0.000000 0.000000 0.000000 0.000000
3.610000 0.314634 0.000000 0.000000 0.000000 0.000000
3.736667 0.314634 0.000000 0.000000 0.000000 0.000000
0.063333 0.329268 0.000000 0.000000 0.000000 0.000000
0.190000 0.329268 0.000000 0.000000 0.000000 0.000000
0.316667 0.329268 0.000000 0.000000 0.000000 0.000000
0.443333 0.329268 0.000000 0.000000 0.000000 0.000000
0.570000 0.329268 0.000000 0.000000 0.000000 0.000000
0.696667 0.329268 0.000000 0.000000 0.000000 0.000000
0.823333 0.329268 0.000000 0.000000 0.000000 0.000000
0.950000 0.329268 0.000000 0.000000 0.000000 0.000000
1.076667 0.329268 0.000000 0.000000 0.000000 0.000000
1.203333 0.329268 0.000000 0.000000 0.000000 0.000000
1.330000 0.329268 0.000000 0.000000 0.000000 0.000000
1.456667 0.329268 0.000000 0.000000 0.000000 0.000000
1.583333 0.329268 0.000000 0.000000 0.000000 0.000000
1.710000 0.329268 0.000000 0.000000 0.000000 0.000000
1.836667 0.329268 0.000000 0.000000 0.000000 0.000000
1.963333 0.329268 0.000000 0.000000 0.000000 0.000000
2.090000 0.329268 0.000000 0.000000 0.000000 0.000000
2.216667 0.329268 0.000000 0.000000 0.000000 0.000000
2.343333 0.329268 0.000000 0.000000 0.000000 0.000000
2.470000 0.329268 0.000000 0.000000 0.000000 0.000000
2.596667 0.329268 0.000000 0.000000 0.000000 0.000000
2.723333 0.329268 0.000000 0.000000 0.000000 0.000000
2.850000 0.329268 0.000000 0.000000 0.000000 0.000000
2.976667 0.329268 0.000000 0.000000 0.000000 0.000000
3.103333 0.329268 0.000000 0.000000 0.000000 0.000000
3.230000 0.329268 0.000000 0.000000 0.000000 0.000000
3.356667 0.329268 0.000000 0.000000 0.000000 0.000000
3.483333 0.329268 0.000000 0.000000 0.000000 0.000000
3.610000 0.329268 0.000000 0.000000 0.000000 0.000000
3.736667 0.329268 0.000000 0.000000 0.000000 0.000000
0.063333 0.343902 0.000000 0.000000 0.000000 0.000000
0.190000 0.343902 0.000000 0.000000 0.000000 0.000000
0.316667 0.343902 0.000000 0.000000 0.000000 0.000000
0.443333 0.343902 0.000000 0.000000 0.000000 0.000000
0.570000 0.343902 0.000000 0.000000 0.000000 0.000000
0.696667 0.343902 0.000000 0.000000 0.000000 0.000000
0.823333 0.343902 0.000000 0.000000 0.000000 0.000000
0.950000 0.343902 0.000000 0.000000 0.000000 0.000000
1.076667 0.343902 0.000000 0.000000 0.000000 0.000000
1.203333 0.343902 0.000000 0.000000 0.000000 0.000000
1.330000 0.343902 0.000000 0.000000 0.000000 0.000000
1.456667 0.343902 0.000000 0.000000 0.000000 0.000000
1.583333 0.343902 0.000000 0.000000 0.000000 0.000000
1.710000 0.343902 0.000000 0.000000 0.000000 0.000000
1.836667 0.343902 0.000000 0.000000 0.000000 0.000000
1.963333 0.343902 0.000000 0.000000 0.000000 0.000000
2.090000 0.343902 0.000000 0.000000 0.000000 0.000000
2.216667 0.343902 0.000000 0.000000 0.000000 0.000000
2.343333 0.343902 0.000000 0.000000 0.000000 0.000000
2.470000 0.343902 0.000000 0.000000 0.000000 0.000000
2.596667 0.343902 0.000000 0.000000 0.000000 0.000000
2.723333 0.343902 0.000000 0.000000 0.000000 0.000000
2.850000 0.343902 0.000000 0.000000 0.000000 0.000000
2.976667 0.343902 0.000000 0.000000 0.000000 0.000000
3.103333 0.343902 0.000000 0.000000 0.000000 0.000000
3.230000 0.343902 0.000000 0.000000 0.000000 0.000000
3.356667 0.343902 0.000000 0.000000 0.000000 0.000000
3.483333 0.343902 0.000000 0.000000 0.000000 0.000000
3.610000 0.343902 0.000000 0.000000 0.000000 0.000000
3.736667 0.343902 0.000000 0.000000 0.000000 0.000000
0.063333 0.358537 0.000000 0.000000 0.000000 0.000000
0.190000 0.358537 0.000000 0.000000 0.000000 0.000000
0.316667 0.358537 0.000000 0.000000 0.000000 0.000000
0.443333 0.358537 0.000000 0.000000 0.000000 0.000000
0.570000 0.358537 0.000000 0.000000 0.000000 0.000000
0.696667 0.358537 0.000000 0.000000 0.000000 0.000000
0.823333 0.358537 0.000000 0.000000 0.000000 0.000000
0.950000 0.358537 0.000000 0.000000 0.000000 0.000000
1.076667 0.358537 0.000000 0.000000 0.000000 0.000000
1.203333 0.358537 0.000000 0.000000 0.000000 0.000000
1.330000 0.358537 0.000000 0.000000 0.000000 0.000000
1.456667 0.358537 0.000000 0.000000 0.000000 0.000000
1.583333 0.358537 0.000000 0.000000 0.000000 0.000000
1.710000 0.358537 0.000000 0.000000 0.000000 0.000000
1.836667 0.358537 0.000000 0.000000 0.000000 0.000000
1.963333 0.358537 0.000000 0.000000 0.000000 0.000000
2.090000 0.358537 0.000000 0.000000 0.000000 0.000000
2.216667 0.358537 0.000000 0.000000 0.000000 0.000000
2.343333 0.358537 0.000000 0.000000 0.000000 0.000000
2.470000 0.358537 0.000000 0.000000 0.000000 0.000000
2.596667 0.358537 0.000000 0.000000 0.000000 0.000000
2.723333 0.358537 0.000000 0.000000 0.000000 0.000000
2.850000 0.358537 0.000000 0.000000 0.000000 0.000000
2.976667 0.358537 0.000000 0.000000 0.000000 0.000000
3.103333 0.358537 0.000000 0.000000 0.000000 0.000000
3.230000 0.358537 0.000000 0.000000 0.000000 0.000000
3.356667 0.358537 0.000000 0.000000 0.000000 0.000000
3.483333 0.358537 0.000000 0.000000 0.000000 0.000000
3.610000 0.358537 0.000000 0.000000 0.000000 0.000000
3.736667 0.358537 0.000000 0.000000 0.000000 0.000000
0.063333 0.373171 0.000000 0.000000 0.000000 0.000000
0.190000 0.373171 0.000000 0.000000 0.000000 0.000000
0.316667 0.373171 0.000000 0.000000 0.000000 0.000000
0.443333 0.373171 0.000000 0.000000 0.000000 0.000000
0.570000 0.373171 0.000000 0.000000 0.000000 0.000000
0.696667 0.373171 0.000000 0.000000 0.000000 0.000000
0.823333 0.373171 0.000000 0.000000 0.000000 0.000000
0.950000 0.373171 0.000000 0.000000 0.000000 0.000000
1.076667 0.373171 0.000000 0.000000 0.000000 0.000000
1.203333 0.373171 0.000000 0.000000 0.000000 0.000000
1.330000 0.373171 0.000000 0.000000 0.000000 0.000000
1.456667 0.373171 0.000000 0.000000 0.000000 0.000000
1.583333 0.373171 0.000000 0.000000 0.000000 0.000000
1.710000 0.373171 0.000000 0.000000 0.000000 0.000000
1.836667 0.373171 0.000000 0.000000 0.000000 0.000000
1.963333 0.373171 0.000000 0.000000 0.000000 0.000000
2.090000 0.373171 0.000000 0.000000 0.000000 0.000000
2.216667 0.373171 0.000000 0.000000 0.000000 0.000000
2.343333 0.373171 0.000000 0.000000 0.000000 0.000000
2.470000 0.373171 0.000000 0.000000 0.000000 0.000000
2.596667 0.373171 0.000000 0.000000 0.000000 0.000000
2.723333 0.373171 0.000000 0.000000 0.000000 0.000000
2.850000 0.373171 0.000000 0.000000 0.000000 0.000000
2.976667 0.373171 0.000000 0.000000 0.000000 0.000000
3.103333 0.373171 0.000000 0.000000 0.000000 0.000000
3.230000 0.373171 0.000000 0.000000 0.000000 0.000000
3.356667 0.373171 0.000000 0.000000 0.000000 0.000000
3.483333 0.373171 0.000000 0.000000 0.000000 0.000000
3.610000 0.373171 0.000000 0.000000 0.000000 0.000000
3.736667 0.373171 0.000000 0.000000 0.000000 0.000000
0.063333 0.387805 0.000000 0.000000 0.000000 0.000000
0.190000 0.387805 0.000000 0.000000 0.000000 0.000000
0.316667 0.387805 0.000000 0.000000 0.000000 0.000000
0.443333 0.387805 0.000000 0.000000 0.000000 0.000000
0.570000 0.387805 0.000000 0.000000 0.000000 0.000000
0.696667 0.387805 0.000000 0.000000 0.000000 0.000000
0.823333 0.387805 0.000000 0.000000 0.000000 0.000000
0.950000 0.387805 0.000000 0.000000 0.000000 0.000000
1.076667 0.387805 0.000000 0.000000 0.000000 0.000000
1.203333 0.387805 0.000000 0.000000 0.000000 0.000000
1.330000 0.387805 0.000000 0.000000 0.000000 0.000000
1.456667 0.387805 0.000000 0.000000 0.000000 0.000000
1.583333 0.387805 0.000000 0.000000 0.000000 0.000000
1.710000 0.387805 0.000000 0.000000 0.000000 0.000000
1.836667 0.387805 0.000000 0.000000 0.000000 0.000000
1.963333 0.387805 0.000000 0.000000 0.000000 0.000000
2.090000 0.387805 0.000000 0.000000 0.000000 0.000000
2.216667 0.387805 0.000000 0.000000 0.000000 0.000000
2.343333 0.387805 0.000000 0.000000 0.000000 0.000000
2.470000 0.387805 0.000000 0.000000 0.000000 0.000000
2.596667 0.387805 0.000000 0.000000 0.000000 0.000000
2.723333 0.387805 0.000000 0.000000 0.000000 0.000000
2.850000 0.387805 0.000000 0.000000 0.000000 0.000000
2.976667 0.387805 0.000000 0.000000 0.000000 0.000000
3.103333 0.387805 0.000000 0.000000 0.000000 0.000000
3.230000 0.387805 0.000000 0.000000 0.000000 0.000000
3.356667 0.387805 0.000000 0.000000 0.000000 0.000000
3.483333 0.387805 0.000000 0.000000 0.000000 0.000000
3.610000 0.387805 0.000000 0.000000 0.000000 0.000000
3.736667 0.387805 0.000000 0.000000 0.000000 0.000000
0.063333 0.402439 0.000000 0.000000 0.000000 0.000000
0.190000 0.402439 0.000000 0.000000 0.000000 0.000000
0.316667 0.402439 0.000000 0.000000 0.000000 0.000000
0.443333 0.402439 0.000000 0.000000 0.000000 0.000000
0.570000 0.402439 0.000000 0.000000 0.000000 0.000000
0.696667 0.402439 0.000000 0.000000 0.000000 0.000000
0.823333 0.402439 0.000000 0.000000 0.000000 0.000000
0.950000 0.402439 0.000000 0.000000 0.000000 0.000000
1.076667 0.402439 0.000000 0.000000 0.000000 0.000000
1.203333 0.402439 0.000000 0.000000 0.000000 0.000000
1.330000 0.402439 0.000000 0.000000 0.000000 0.000000
1.456667 0.402439 0.000000 0.000000 0.000000 0.000000
1.583333 0.402439 0.000000 0.000000 0.000000 0.000000
1.710000 0.402439 0.000000 0.000000 0.000000 0.000000
1.836667 0.402439 0.000000 0.000000 0.000000 0.000000
1.963333 0.402439 0.000000 0.000000 0.000000 0.000000
2.090000 0.402439 0.000000 0.000000 0.000000 0.000000
2.216667 0.402439 0.000000 0.000000 0.000000 0.000000
2.343333 0.402439 0.000000 0.000000 0.000000 0.000000
2.470000 0.402439 0.000000 0.000000 0.000000 0.000000
2.596667 0.402439 0.000000 0.000000 0.000000 0.000000
2.723333 0.402439 0.000000 0.000000 0.000000 0.000000
2.850000 0.402439 0.000000 0.000000 0.000000 0.000000
2.976667 0.402439 0.000000 0.000000 0.000000 0.000000
3.103333 0.402439 0.000000 0.000000 0.000000 0.000000
3.230000 0.402439 0.000000 0.000000 0.000000 0.000000
3.356667 0.402439 0.000000 0.000000 0.000000 0.000000
3.483333 0.402439 0.000000 0.000000 0.000000 0.000000
3.610000 0.402439 0.000000 0.000000 0.000000 0.000000
3.736667 0.402439 0.000000 0.000000 0.000000 0.000000
0.063333 0.417073 0.000000 0.000000 0.000000 0.000000
0.190000 0.417073 0.000000 0.000000 0.000000 0.000000
0.316667 0.417073 0.000000 0.000000 0.000000 0.000000
0.443333 0.417073 0.000000 0.000000 0.000000 0.000000
0.570000 0.417073 0.000000 0.000000 0.000000 0.000000
0.696667 0.417073 0.000000 0.000000 0.000000 0.000000
0.823333 0.417073 0.000000 0.000000 0.000000 0.000000
0.950000 0.417073 0.000000 0.000000 0.000000 0.000000
1.076667 0.417073 0.000000 0.000000 0.000000 0.000000
1.203333 0.417073 0.000000 0.000000 0.000000 0.000000
1.330000 0.417073 0.000000 0.000000 0.000000 0.000000
1.456667 0.417073 0.000000 0.000000 0.000000 0.000000
1.583333 0.417073 0.000000 0.000000 0.000000 0.000000
1.710000 0.417073 0.000000 0.000000 0.000000 0.000000
1.836667 0.417073 0.000000 0.000000 0.000000 0.000000
1.963333 0.417073 0.000000 0.000000 0.000000 0.000000
2.090000 0.417073 0.000000 0.000000 0.000000 0.000000
2.216667 0.417073 0.000000 0.000000 0.000000 0.000000
2.343333 0.417073 0.000000 0.000000 0.000000 0.000000
2.470000 0.417073 0.000000 0.000000 0.000000 0.000000
2.596667 0.417073 0.000000 0.000000 0.000000 0.000000
2.723333 0.417073 0.000000 0.000000 0.000000 0.000000
2.850000 0.417073 0.000000 0.000000 0.000000 0.000000
2.976667 0.417073 0.000000 0.000000 0.000000 0.000000
3.103333 0.417073 0.000000 0.000000 0.000000 0.000000
3.230000 0.417073 0.000000 0.000000 0.000000 0.000000
3.356667 0.417073 0.000000 0.000000 0.000000 0.000000
3.483333 0.417073 0.000000 0.000000 0.000000 0.000000
3.610000 0.417073 0.000000 0.000000 0.000000 0.000000
3.736667 0.417073 0.000000 0.000000 0.000000 0.000000
0.063333 0.431707 0.000000 0.000000 0.000000 0.000000
0.190000 0.431707 0.000000 0.000000 0.000000 0.000000
0.316667 0.431707 0.000000 0.000000 0.000000 0.000000
0.443333 0.431707 0.000000 0.000000 0.000000 0.000000
0.570000 0.431707 0.000000 0.000000 0.000000 0.000000
0.696667 0.431707 0.000000 0.000000 0.000000 0.000000
0.823333 0.431707 0.000000 0.000000 0.000000 0.000000
0.950000 0.431707 0.000000 0.000000 0.000000 0.000000
1.076667 0.431707 0.000000 0.000000 0.000000 0.000000
1.203333 0.431707 0.000000 0.000000 0.000000 0.000000
1.330000 0.431707 0.000000 0.000000 0.000000 0.000000
1.456667 0.431707 0.000000 0.000000 0.000000 0.000000
1.583333 0.431707 0.000000 0.000000 0.000000 0.000000
1.710000 0.431707 0.000000 0.000000 0.000000 0.000000
1.836667 0.431707 0.000000 0.000000 0.000000 0.000000
1.963333 0.431707 0.000000 0.000000 0.000000 0.000000
2.090000 0.431707 0.000000 0.000000 0.000000 0.000000
2.216667 0.431707 0.000000 0.000000 0.000000 0.000000
2.343333 0.431707 0.000000 0.000000 0.000000 0.000000
2.470000 0.431707 0.000000 0.000000 0.000000 0.000000
2.596667 0.431707 0.000000 0.000000 0.000000 0.000000
2.723333 0.431707 0.000000 0.000000 0.000000 0.000000
2.850000 0.431707 0.000000 0.000000 0.000000 0.000000
2.976667 0.431707 0.000000 0.000000 0.000000 0.000000
3.103333 0.431707 0.000000 0.000000 0.000000 0.000000
3.230000 0.431707 0.000000 0.000000 0.000000 0.000000
3.356667 0.431707 0.000000 0.000000 0.000000 0.000000
3.483333 0.431707 0.000000 0.000000 0.000000 0.000000
3.610000 0.431707 0.000000 0.000000 0.000000 0.000000
3.736667 0.431707 0.000000 0.000000 0.000000 0.000000
0.063333 0.446341 0.000000 0.000000 0.000000 0.000000
0.190000 0.446341 0.000000 0.000000 0.000000 0.000000
0.316667 0.446341 0.000000 0.000000 0.000000 0.000000
0.443333 0.446341 0.000000 0.000000 0.000000 0.000000
0.570000 0.446341 0.000000 0.000000 0.000000 0.000000
0.696667 0.446341 0.000000 0.000000 0.000000 0.000000
0.823333 0.446341 0.000000 0.000000 0.000000 0.000000
0.950000 0.446341 0.000000 0.000000 0.000000 0.000000
1.076667 0.446341 0.000000 0.000000 0.000000 0.000000
1.203333 0.446341 0.000000 0.000000 0.000000 0.000000
1.330000 0.446341 0.000000 0.000000 0.000000 0.000000
1.456667 0.446341 0.000000 0.000000 0.000000 0.000000
1.583333 0.446341 0.000000 0.000000 0.000000 0.000000
1.710000 0.446341 0.000000 0.000000 0.000000 0.000000
1.836667 0.446341 0.000000 0.000000 0.000000 0.000000
1.963333 0.446341 0.000000 0.000000 0.000000 0.000000
2.090000 0.446341 0.000000 0.000000 0.000000 0.000000
2.216667 0.446341 0.000000 0.000000 0.000000 0.000000
2.343333 0.446341 0.000000 0.000000 0.000000 0.000000
2.470000 0.446341 0.000000 0.000000 0.000000 0.000000
2.596667 0.446341 0.000000 0.000000 0.000000 0.000000
2.723333 0.446341 0.000000 0.000000 0.000000 0.000000
2.850000 0.446341 0.000000 0.000000 0.000000 0.000000
2.976667 0.446341 0.000000 0.000000 0.000000 0.000000
3.103333 0.446341 0.000000 0.000000 0.000000 0.000000
3.230000 0.446341 0.000000 0.000000 0.000000 0.000000
3.356667 0.446341 0.000000 0.000000 0.000000 0.000000
3.483333 0.446341 0.000000 0.000000 0.000000 0.000000
3.610000 0.446341 0.000000 0.000000 0.000000 0.000000
3.736667 0.446341 0.000000 0.000000 0.000000 0.000000
0.063333 0.460976 0.000000 0.000000 0.000000 0.000000
0.190000 0.460976 0.000000 0.000000 0.000000 0.000000
0.316667 0.460976 0.000000 0.000000 0.000000 0.000000
0.443333 0.460976 0.000000 0.000000 0.000000 0.000000
0.570000 0.460976 0.000000 0.000000 0.000000 0.000000
0.696667 0.460976 0.000000 0.000000 0.000000 0.000000
0.823333 0.460976 0.000000 0.000000 0.000000 0.000000
0.950000 0.460976 0.000000 0.000000 0.000000 0.000000
1.076667 0.460976 0.000000 0.000000 0.000000 0.000000
1.203333 0.460976 0.000000 0.000000 0.000000 0.000000
1.330000 0.460976 0.000000 0.000000 0.000000 0.000000
1.456667 0.460976 0.000000 0.000000 0.000000 0.000000
1.583333 0.460976 0.000000 0.000000 0.000000 0.000000
1.710000 0.460976 0.000000 0.000000 0.000000 0.000000
1.836667 0.460976 0.000000 0.000000 0.000000 0.000000
1.963333 0.460976 0.000000 0.000000 0.000000 0.000000
2.090000 0.460976 0.000000 0.000000 0.000000 0.000000
2.216667 0.460976 0.000000 0.000000 0.000000 0.000000
2.343333 0.460976 0.000000 0.000000 0.000000 0.000000
2.470000 0.460976 0.000000 0.000000 0.000000 0.000000
2.596667 0.460976 0.000000 0.000000 0.000000 0.000000
2.723333 0.460976 0.000000 0.000000 0.000000 0.000000
2.850000 0.460976 0.000000 0.000000 0.000000 0.000000
2.976667 0.460976 0.000000 0.000000 0.000000 0.000000
3.103333 0.460976 0.000000 0.000000 0.000000 0.000000
3.230000 0.460976 0.000000 0.000000 0.000000 0.000000
3.356667 0.460976 0.000000 0.000000 0.000000 0.000000
3.483333 0.460976 0.000000 0.000000 0.000000 0.000000
3.610000 0.460976 0.000000 0.000000 0.000000 0.000000
3.736667 0.460976 0.000000 0.000000 0.000000 0.000000
0.063333 0.475610 0.000000 0.000000 0.000000 0.000000
0.190000 0.475610 0.000000 0.000000 0.000000 0.000000
0.316667 0.475610 0.000000 0.000000 0.000000 0.000000
0.443333 0.475610 0.000000 0.000000 0.000000 0.000000
0.570000 0.475610 0.000000 0.000000 0.000000 0.000000
0.696667 0.475610 0.000000 0.000000 0.000000 0.000000
0.823333 0.475610 0.000000 0.000000 0.000000 0.000000
0.950000 0.475610 0.000000 0.000000 0.000000 0.000000
1.076667 0.475610 0.000000 0.000000 0.000000 0.000000
1.203333 0.475610 0.000000 0.000000 0.000000 0.000000
1.330000 0.475610 0.000000 0.000000 0.000000 0.000000
1.456667 0.475610 0.000000 0.000000 0.000000 0.000000
1.583333 0.475610 0.000000 0.000000 0.000000 0.000000
1.710000 0.475610 0.000000 0.000000 0.000000 0.000000
1.836667 0.475610 0.000000 0.000000 0.000000 0.000000
1.963333 0.475610 0.000000 0.000000 0.000000 0.000000
2.090000 0.475610 0.000000 0.000000 0.000000 0.000000
2.216667 0.475610 0.000000 0.000000 0.000000 0.000000
2.343333 0.475610 0.000000 0.000000 0.000000 0.000000
2.470000 0.475610 0.000000 0.000000 0.000000 0.000000
2.596667 0.475610 0.000000 0.000000 0.000000 0.000000
2.723333 0.475610 0.000000 0.000000 0.000000 0.000000
2.850000 0.475610 0.000000 0.000000 0.000000 0.000000
2.976667 0.475610 0.000000 0.000000 0.000000 0.000000
3.103333 0.475610 0.000000 0.000000 0.000000 0.000000
3.230000 0.475610 0.000000 0.000000 0.000000 0.000000
3.356667 0.475610 0.000000 0.000000 0.000000 0.000000
3.483333 0.475610 0.000000 0.000000 0.000000 0.000000
3.610000 0.475610 0.000000 0.000000 0.000000 0.000000
3.736667 0.475610 0.000000 0.000000 0.000000 0.000000
0.063333 0.490244 0.000000 0.000000 0.000000 0.000000
0.190000 0.490244 0.000000 0.000000 0.000000 0.000000
0.316667 0.490244 0.000000 0.000000 0.000000 0.000000
0.443333 0.490244 0.000000 0.000000 0.000000 0.000000
0.570000 0.490244 0.000000 0.000000 0.000000 0.000000
0.696667 0.490244 0.000000 0.000000 0.000000 0.000000
0.823333 0.490244 0.000000 0.000000 0.000000 0.000000
0.950000 0.490244 0.000000 0.000000 0.000000 0.000000
1.076667 0.490244 0.000000 0.000000 0.000000 0.000000
1.203333 0.490244 0.000000 0.000000 0.000000 0.000000
1.330000 0.490244 0.000000 0.000000 0.000000 0.000000
1.456667 0.490244 0.000000 0.000000 0.000000 0.000000
1.583333 0.490244 0.000000 0.000000 0.000000 0.000000
1.710000 0.490244 0.000000 0.000000 0.000000 0.000000
1.836667 0.490244 0.000000 0.000000 0.000000 0.000000
1.963333 0.490244 0.000000 0.000000 0.000000 0.000000
2.090000 0.490244 0.000000 0.000000 0.000000 0.000000
2.216667 0.490244 0.000000 0.000000 0.000000 0.000000
2.343333 0.490244 0.000000 0.000000 0.000000 0.000000
2.470000 0.490244 0.000000 0.000000 0.000000 0.000000
2.596667 0.490244 0.000000 0.000000 0.000000 0.000000
2.723333 0.490244 0.000000 0.000000 0.000000 0.000000
2.850000 0.490244 0.000000 0.000000 0.000000 0.000000
2.976667 0.490244 0.000000 0.000000 0.000000 0.000000
3.103333 0.490244 0.000000 0.000000 0.000000 0.000000
3.230000 0.490244 0.000000 0.000000 0.000000 0.000000
3.356667 0.490244 0.000000 0.000000 0.000000 0.000000
3.483333 0.490244 0.000000 0.000000 0.000000 0.000000
3.610000 0.490244 0.000000 0.000000 0.000000 0.000000
3.736667 0.490244 0.000000 0.000000 0.000000 0.000000
0.063333 0.504878 0.000000 0.000000 0.000000 0.000000
0.190000 0.504878 0.000000 0.000000 0.000000 0.000000
0.316667 0.504878 0.000000 0.000000 0.000000 0.000000
0.443333 0.504878 0.000000 0.000000 0.000000 0.000000
0.570000 0.504878 0.000000 0.000000 0.000000 0.000000
0.696667 0.504878 0.000000 0.000000 0.000000 0.000000
0.823333 0.504878 0.000000 0.000000 0.000000 0.000000
0.950000 0.504878 0.000000 0.000000 0.000000 0.000000
1.076667 0.504878 0.000000 0.000000 0.000000 0.000000
1.203333 0.504878 0.000000 0.000000 0.000000 0.000000
1.330000 0.504878 0.000000 0.000000 0.000000 0.000000
1.456667 0.504878 0.000000 0.000000 0.000000 0.000000
1.583333 0.504878 0.000000 0.000000 0.000000 0.000000
1.710000 0.504878 0.000000 0.000000 0.000000 0.000000
1.836667 0.504878 0.000000 0.000000 0.000000 0.000000
1.963333 0.504878 0.000000 0.000000 0.000000 0.000000
2.090000 0.504878 0.000000 0.000000 0.000000 0.000000
2.216667 0.504878 0.000000 0.000000 0.000000 0.000000
2.343333 0.504878 0.000000 0.000000 0.000000 0.000000
2.470000 0.504878 0.000000 0.000000 0.000000 0.000000
2.596667 0.504878 0.000000 0.000000 0.000000 0.000000
2.723333 0.504878 0.000000 0.000000 0.000000 0.000000
2.850000 0.504878 0.000000 0.000000 0.000000 0.000000
2.976667 0.504878 0.000000 0.000000 0.000000 0.000000
3.103333 0.504878 0.000000 0.000000 0.000000 0.000000
3.230000 0.504878 0.000000 0.000000 0.000000 0.000000
3.356667 0.504878 0.000000 0.000000 0.000000 0.000000
3.483333 0.504878 0.000000 0.000000 0.000000 0.000000
3.610000 0.504878 0.000000 0.000000 0.000000 0.000000
3.736667 0.504878 0.000000 0.000000 0.000000 0.000000
0.063333 0.519512 0.000000 0.000000 0.000000 0.000000
0.190000 0.519512 0.000000 0.000000 0.000000 0.000000
0.316667 0.519512 0.000000 0.000000 0.000000 0.000000
0.443333 0.519512 0.000000 0.000000 0.000000 0.000000
0.570000 0.519512 0.000000 0.000000 0.000000 0.000000
0.696667 0.519512 0.000000 0.000000 0.000000 0.000000
0.823333 0.519512 0.000000 0.000000 0.000000 0.000000
0.950000 0.519512 0.000000 0.000000 0.000000 0.000000
1.076667 0.519512 0.000000 0.000000 0.000000 0.000000
1.203333 0.519512 0.000000 0.000000 0.000000 0.000000
1.330000 0.519512 0.000000 0.000000 0.000000 0.000000
1.456667 0.519512 0.000000 0.000000 0.000000 0.000000
1.583333 0.519512 0.000000 0.000000 0.000000 0.000000
1.710000 0.519512 0.000000 0.000000 0.000000 0.000000
1.836667 0.519512 0.000000 0.000000 0.000000 0.000000
1.963333 0.519512 0.000000 0.000000 0.000000 0.000000
2.090000 0.519512 0.000000 0.000000 0.000000 0.000000
2.216667 0.519512 0.000000 0.000000 0.000000 0.000000
2.343333 0.519512 0.000000 0.000000 0.000000 0.000000
2.470000 0.519512 0.000000 0.000000 0.000000 0.000000
2.596667 0.519512 0.000000 0.000000 0.000000 0.000000
2.723333 0.519512 0.000000 0.000000 0.000000 0.000000
2.850000 0.519512 0.000000 0.000000 0.000000 0.000000
2.976667 0.519512 0.000000 0.000000 0.000000 0.000000
3.103333 0.519512 0.000000 0.000000 0.000000 0.000000
3.230000 0.519512 0.000000 0.000000 0.000000 0.000000
3.356667 0.519512 0.000000 0.000000 0.000000 0.000000
3.483333 0.519512 0.000000 0.000000 0.000000 0.000000
3.610000 0.519512 0.000000 0.000000 0.000000 0.000000
3.736667 0.519512 0.000000 0.000000 0.000000 0.000000
0.063333 0.534146 0.000000 0.000000 0.000000 0.000000
0.190000 0.534146 0.000000 0.000000 0.000000 0.000000
0.316667 0.534146 0.000000 0.000000 0.000000 0.000000
0.443333 0.534146 0.000000 0.000000 0.000000 0.000000
0.570000 0.534146 0.000000 0.000000 0.000000 0.000000
0.696667 0.534146 0.000000 0.000000 0.000000 0.000000
0.823333 0.534146 0.000000 0.000000 0.000000 0.000000
0.950000 0.534146 0.000000 0.000000 0.000000 0.000000
1.076667 0.534146 0.000000 0.000000 0.000000 0.000000
1.203333 0.534146 0.000000 0.000000 0.000000 0.000000
1.330000 0.534146 0.000000 0.000000 0.000000 0.000000
1.456667 0.534146 0.000000 0.000000 0.000000 0.000000
1.583333 0.534146 0.000000 0.000000 0.000000 0.000000
1.710000 0.534146 0.000000 0.000000 0.000000 0.000000
1.836667 0.534146 0.000000 0.000000 0.000000 0.000000
1.963333 0.534146 0.000000 0.000000 0.000000 0.000000
2.090000 0.534146 0.000000 0.000000 0.000000 0.000000
2.216667 0.534146 0.000000 0.000000 0.000000 0.000000
2.343333 0.534146 0.000000 0.000000 0.000000 0.000000
2.470000 0.534146 0.000000 0.000000 0.000000 0.000000
2.596667 0.534146 0.000000 0.000000 0.000000 0.000000
2.723333 0.534146 0.000000 0.000000 0.000000 0.000000
2.850000 0.534146 0.000000 0.000000 0.000000 0.000000
2.976667 0.534146 0.000000 0.000000 0.000000 0.000000
3.103333 0.534146 0.000000 0.000000 0.000000 0.000000
3.230000 0.534146 0.000000 0.000000 0.000000 0.000000
3.356667 0.534146 0.000000 0.000000 0.000000 0.000000
3.483333 0.534146 0.000000 0.000000 0.000000 0.000000
3.610000 0.534146 0.000000 0.000000 0.000000 0.000000
3.736667 0.534146 0.000000 0.000000 0.000000 0.000000
0.063333 0.548780 0.000000 0.000000 0.000000 0.000000
0.190000 0.548780 0.000000 0.000000 0.000000 0.000000
0.316667 0.548780 0.000000 0.000000 0.000000 0.000000
0.443333 0.548780 0.000000 0.000000 0.000000 0.000000
0.570000 0.548780 0.000000 0.000000 0.000000 0.000000
0.696667 0.548780 0.000000 0.000000 0.000000 0.000000
0.823333 0.548780 0.000000 0.000000 0.000000 0.000000
0.950000 0.548780 0.000000 0.000000 0.000000 0.000000
1.076667 0.548780 0.000000 0.000000 0.000000 0.000000
1.203333 0.548780 0.000000 0.000000 0.000000 0.000000
1.330000 0.548780 0.000000 0.000000 0.000000 0.000000
1.456667 0.548780 0.000000 0.000000 0.000000 0.000000
1.583333 0.548780 0.000000 0.000000 0.000000 0.000000
1.710000 0.548780 0.000000 0.000000 0.000000 0.000000
1.836667 0.548780 0.000000 0.000000 0.000000 0.000000
1.963333 0.548780 0.000000 0.000000 0.000000 0.000000
2.090000 0.548780 0.000000 0.000000 0.000000 0.000000
2.216667 0.548780 0.000000 0.000000 0.000000 0.000000
2.343333 0.548780 0.000000 0.000000 0.000000 0.000000
2.470000 0.548780 0.000000 0.000000 0.000000 0.000000
2.596667 0.548780 0.000000 0.000000 0.000000 0.000000
2.723333 0.548780 0.000000 0.000000 0.000000 0.000000
2.850000 0.548780 0.000000 0.000000 0.000000 0.000000
2.976667 0.548780 0.000000 0.000000 0.000000 0.000000
3.103333 0.548780 0.000000 0.000000 0.000000 0.000000
3.230000 0.548780 0.000000 0.000000 0.000000 0.000000
3.356667 0.548780 0.000000 0.000000 0.000000 0.000000
3.483333 0.548780 0.000000 0.000000 0.000000 0.000000
3.610000 0.548780 0.000000 0.000000 0.000000 0.000000
3.736667 0.548780 0.000000 0.000000 0.000000 0.000000
0.063333 0.563415 0.000000 0.000000 0.000000 0.000000
0.190000 0.563415 0.000000 0.000000 0.000000 0.000000
0.316667 0.563415 0.000000 0.000000 0.000000 0.000000
0.443333 0.563415 0.000000 0.000000 0.000000 0.000000
0.570000 0.563415 0.000000 0.000000 0.000000 0.000000
0.696667 0.563415 0.000000 0.000000 0.000000 0.000000
0.823333 0.563415 0.000000 0.000000 0.000000 0.000000
0.950000 0.563415 0.000000 0.000000 0.000000 0.000000
1.076667 0.563415 0.000000 0.000000 0.000000 0.000000
1.203333 0.563415 0.000000 0.000000 0.000000 0.000000
1.330000 0.563415 0.000000 0.000000 0.000000 0.000000
1.456667 0.563415 0.000000 0.000000 0.000000 0.000000
1.583333 0.563415 0.000000 0.000000 0.000000 0.000000
1.710000 0.563415 0.000000 0.000000 0.000000 0.000000
1.836667 0.563415 0.000000 0.000000 0.000000 0.000000
1.963333 0.563415 0.000000 0.000000 0.000000 0.000000
2.090000 0.563415 0.000000 0.000000 0.000000 0.000000
2.216667 0.563415 0.000000 0.000000 0.000000 0.000000
2.343333 0.563415 0.000000 0.000000 0.000000 0.000000
2.470000 0.563415 0.000000 0.000000 0.000000 0.000000
2.596667 0.563415 0.000000 0.000000 0.000000 0.000000
2.723333 0.563415 0.000000 0.000000 0.000000 0.000000
2.850000 0.563415 0.000000 0.000000 0.000000 0.000000
2.976667 0.563415 0.000000 0.000000 0.000000 0.000000
3.103333 0.563415 0.000000 0.000000 0.000000 0.000000
3.230000 0.563415 0.000000 0.000000 0.000000 0.000000
3.356667 0.563415 0.000000 0.000000 0.000000 0.000000
3.483333 0.563415 0.000000 0.000000 0.000000 0.000000
3.610000 0.563415 0.000000 0.000000 0.000000 0.000000
3.736667 0.563415 0.000000 0.000000 0.000000 0.000000
0.063333 0.578049 0.000000 0.000000 0.000000 0.000000
0.190000 0.578049 0.000000 0.000000 0.000000 0.000000
0.316667 0.578049 0.000000 0.000000 0.000000 0.000000
0.443333 0.578049 0.000000 0.000000 0.000000 0.000000
0.570000 0.578049 0.000000 0.000000 0.000000 0.000000
0.696667 0.578049 0.000000 0.000000 0.000000 0.000000
0.823333 0.578049 0.000000 0.000000 0.000000 0.000000
0.950000 0.578049 0.000000 0.000000 0.000000 0.000000
1.076667 0.578049 0.000000 0.000000 0.000000 0.000000
1.203333 0.578049 0.000000 0.000000 0.000000 0.000000
1.330000 0.578049 0.000000 0.000000 0.000000 0.000000
1.456667 0.578049 0.000000 0.000000 0.000000 0.000000
1.583333 0.578049 0.000000 0.000000 0.000000 0.000000
1.710000 0.578049 0.000000 0.000000 0.000000 0.000000
1.836667 0.578049 0.000000 0.000000 0.000000 0.000000
1.963333 0.578049 0.000000 0.000000 0.000000 0.000000
2.090000 0.578049 0.000000 0.000000 0.000000 0.000000
2.216667 0.578049 0.000000 0.000000 0.000000 0.000000
2.343333 0.578049 0.000000 0.000000 0.000000 0.000000
2.470000 0.578049 0.000000 0.000000 0.000000 0.000000
2.596667 0.578049 0.000000 0.000000 0.000000 0.000000
2.723333 0.578049 0.000000 0.000000 0.000000 0.000000
2.850000 0.578049 0.000000 0.000000 0.000000 0.000000
2.976667 0.578049 0.000000 0.000000 0.000000 0.000000
3.103333 0.578049 0.000000 0.000000 0.000000 0.000000
3.230000 0.578049 0.000000 0.000000 0.000000 0.000000
3.356667 0.578049 0.000000 0.000000 0.000000 0.000000
3.483333 0.578049 0.000000 0.000000 0.000000 0.000000
3.610000 0.578049 0.000000 0.000000 0.000000 0.000000
3.736667 0.578049 0.000000 0.000000 0.000000 0.000000
0.063333 0.592683 0.000000 0.000000 0.000000 0.000000
0.190000 0.592683 0.000000 0.000000 0.000000 0.000000
0.316667 0.592683 0.000000 0.000000 0.000000 0.000000
0.443333 0.592683 0.000000 0.000000 0.000000 0.000000
0.570000 0.592683 0.000000 0.000000 0.000000 0.000000
0.696667 0.592683 0.000000 0.000000 0.000000 0.000000
0.823333 0.592683 0.000000 0.000000 0.000000 0.000000
0.950000 0.592683 0.000000 0.000000 0.000000 0.000000
1.076667 0.592683 0.000000 0.000000 0.000000 0.000000
1.203333 0.592683 0.000000 0.000000 0.000000 0.000000
1.330000 0.592683 0.000000 0.000000 0.000000 0.000000
1.456667 0.592683 0.000000 0.000000 0.000000 0.000000
1.583333 0.592683 0.000000 0.000000 0.000000 0.000000
1.710000 0.592683 0.000000 0.000000 0.000000 0.000000
1.836667 0.592683 0.000000 0.000000 0.000000 0.000000
1.963333 0.592683 0.000000 0.000000 0.000000 0.000000
2.090000 0.592683 0.000000 0.000000 0.000000 0.000000
2.216667 0.592683 0.000000 0.000000 0.000000 0.000000
2.343333 0.592683 0.000000 0.000000 0.000000 0.000000
2.470000 0.592683 0.000000 0.000000 0.000000 0.000000
2.596667 0.592683 0.000000 0.000000 0.000000 0.000000
2.723333 0.592683 0.000000 0.000000 0.000000 0.000000
2.850000 0.592683 0.000000 0.000000 0.000000 0.000000
2.976667 0.592683 0.000000 0.000000 0.000000 0.000000
3.103333 0.592683 0.000000 0.000000 0.000000 0.000000
3.230000 0.592683 0.000000 0.000000 0.000000 0.000000
3.356667 0.592683 0.000000 0.000000 0.000000 0.000000
3.483333 0.592683 0.000000 0.000000 0.000000 0.000000
3.610000 0.592683 0.000000 0.000000 0.000000 0.000000
3.736667 0.592683 0.000000 0.000000 0.000000 0.000000
