TITLE="(Vx,Vy)"
VARIABLES=X,Y,Vx,Vy,Vm,V
ZONE T="T-Dummy" I=30, J=41, F=POINT
0.063333 0.007317 0.000000 0.000000 0.000000 0.000000
0.190000 0.007317 0.000000 0.000000 0.000000 0.000000
0.316667 0.007317 0.000000 0.000000 0.000000 0.000000
0.443333 0.007317 0.000000 0.000000 0.000000 0.000000
0.570000 0.007317 0.000000 0.000000 0.000000 0.000000
0.696667 0.007317 0.000000 0.000000 0.000000 0.000000
0.823333 0.007317 0.000000 0.000000 0.000000 0.000000
0.950000 0.007317 0.000000 0.000000 0.000000 0.000000
1.076667 0.007317 0.000000 0.000000 0.000000 0.000000
1.203333 0.007317 0.000000 0.000000 0.000000 0.000000
1.330000 0.007317 0.000000 0.000000 0.000000 0.000000
1.456667 0.007317 0.000000 0.000000 0.000000 0.000000
1.583333 0.007317 0.000000 0.000000 0.000000 0.000000
1.710000 0.007317 0.000000 0.000000 0.000000 0.000000
1.836667 0.007317 0.000000 0.000000 0.000000 0.000000
1.963333 0.007317 0.000000 0.000000 0.000000 0.000000
2.090000 0.007317 0.000000 0.000000 0.000000 0.000000
2.216667 0.007317 0.000000 0.000000 0.000000 0.000000
2.343333 0.007317 0.000000 0.000000 0.000000 0.000000
2.470000 0.007317 0.000000 0.000000 0.000000 0.000000
2.596667 0.007317 0.000000 0.000000 0.000000 0.000000
2.723333 0.007317 0.000000 0.000000 0.000000 0.000000
2.850000 0.007317 0.000000 0.000000 0.000000 0.000000
2.976667 0.007317 0.000000 0.000000 0.000000 0.000000
3.103333 0.007317 0.000000 0.000000 0.000000 0.000000
3.230000 0.007317 0.000000 0.000000 0.000000 0.000000
3.356667 0.007317 0.000000 0.000000 0.000000 0.000000
3.483333 0.007317 0.000000 0.000000 0.000000 0.000000
3.610000 0.007317 0.000000 0.000000 0.000000 0.000000
3.736667 0.007317 0.000000 0.000000 0.000000 0.000000
0.063333 0.021951 0.000000 0.000000 0.000000 0.000000
0.190000 0.021951 0.000000 -0.000000 0.900000 0.000000
0.316667 0.021951 0.000000 0.000000 0.900000 0.000000
0.443333 0.021951 0.000000 -0.000000 0.900000 0.000000
0.570000 0.021951 -0.000000 0.000000 0.900000 0.000000
0.696667 0.021951 -0.000000 -0.000000 0.900000 0.000000
0.823333 0.021951 -0.000000 -0.000000 0.900000 0.000000
0.950000 0.021951 -0.000000 -0.000000 0.900000 0.000000
1.076667 0.021951 0.000000 -0.000000 0.900000 0.000000
1.203333 0.021951 0.000000 0.000000 0.900000 0.000000
1.330000 0.021951 0.000000 -0.000000 0.900000 0.000000
1.456667 0.021951 0.000000 -0.000000 0.900000 0.000000
1.583333 0.021951 0.000000 -0.000000 0.900000 0.000000
1.710000 0.021951 0.000000 0.000000 0.900000 0.000000
1.836667 0.021951 -0.000000 -0.000000 0.900000 0.000000
1.963333 0.021951 -0.000000 -0.000000 0.900000 0.000000
2.090000 0.021951 -0.000000 -0.000000 0.900000 0.000000
2.216667 0.021951 0.000000 -0.000000 0.900000 0.000000
2.343333 0.021951 0.000000 -0.000000 0.900000 0.000000
2.470000 0.021951 -0.000000 0.000000 0.900000 0.000000
2.596667 0.021951 -0.000000 -0.000000 0.900000 0.000000
2.723333 0.021951 -0.000000 -0.000000 0.900000 0.000000
2.850000 0.021951 0.000000 -0.000000 0.900000 0.000000
2.976667 0.021951 -0.000000 0.000000 0.900000 0.000000
3.103333 0.021951 -0.000000 -0.000000 0.900000 0.000000
3.230000 0.021951 0.000000 -0.000000 0.900000 0.000000
3.356667 0.021951 0.000000 0.000000 0.900000 0.000000
3.483333 0.021951 0.000000 0.000000 0.900000 0.000000
3.610000 0.021951 0.000000 0.000000 0.900000 0.000000
3.736667 0.021951 0.000000 0.000000 0.000000 0.000000
0.063333 0.036585 0.000000 0.000000 0.000000 0.000000
0.190000 0.036585 0.000000 -0.000000 0.900000 0.000000
0.316667 0.036585 0.000000 0.000000 0.900000 0.000000
0.443333 0.036585 0.000000 -0.000000 0.900000 0.000000
0.570000 0.036585 -0.000000 0.000000 0.900000 0.000000
0.696667 0.036585 -0.000000 0.000000 0.900000 0.000000
0.823333 0.036585 -0.000000 -0.000000 0.900000 0.000000
0.950000 0.036585 -0.000000 0.000000 0.900000 0.000000
1.076667 0.036585 -0.000000 -0.000000 0.900000 0.000000
1.203333 0.036585 -0.000000 0.000000 0.900000 0.000000
1.330000 0.036585 0.000000 -0.000000 0.900000 0.000000
1.456667 0.036585 0.000000 -0.000000 0.900000 0.000000
1.583333 0.036585 0.000000 -0.000000 0.900000 0.000000
1.710000 0.036585 0.000000 0.000000 0.900000 0.000000
1.836667 0.036585 0.000000 -0.000000 0.900000 0.000000
1.963333 0.036585 0.000000 -0.000000 0.900000 0.000000
2.090000 0.036585 0.000000 -0.000000 0.900000 0.000000
2.216667 0.036585 0.000000 -0.000000 0.900000 0.000000
2.343333 0.036585 0.000000 -0.000000 0.900000 0.000000
2.470000 0.036585 0.000000 0.000000 0.900000 0.000000
2.596667 0.036585 0.000000 -0.000000 0.900000 0.000000
2.723333 0.036585 0.000000 -0.000000 0.900000 0.000000
2.850000 0.036585 0.000000 -0.000000 0.900000 0.000000
2.976667 0.036585 0.000000 0.000000 0.900000 0.000000
3.103333 0.036585 -0.000000 -0.000000 0.900000 0.000000
3.230000 0.036585 0.000000 -0.000000 0.900000 0.000000
3.356667 0.036585 0.000000 0.000000 0.900000 0.000000
3.483333 0.036585 0.000000 0.000000 0.900000 0.000000
3.610000 0.036585 0.000000 0.000000 0.900000 0.000000
3.736667 0.036585 0.000000 0.000000 0.000000 0.000000
0.063333 0.051220 0.000000 0.000000 0.000000 0.000000
0.190000 0.051220 0.000000 -0.000000 0.900000 0.000000
0.316667 0.051220 0.000000 0.000000 0.900000 0.000000
0.443333 0.051220 0.000000 -0.000000 0.900000 0.000000
0.570000 0.051220 -0.000000 0.000000 0.900000 0.000000
0.696667 0.051220 -0.000000 0.000000 0.900000 0.000000
0.823333 0.051220 -0.000000 -0.000000 0.900000 0.000000
0.950000 0.051220 -0.000000 0.000000 0.900000 0.000000
1.076667 0.051220 -0.000000 -0.000000 0.900000 0.000000
1.203333 0.051220 -0.000000 -0.000000 0.900000 0.000000
1.330000 0.051220 0.000000 -0.000000 0.900000 0.000000
1.456667 0.051220 0.000000 0.000000 0.900000 0.000000
1.583333 0.051220 0.000000 -0.000000 0.900000 0.000000
1.710000 0.051220 0.000000 0.000000 0.900000 0.000000
1.836667 0.051220 0.000000 0.000000 0.900000 0.000000
1.963333 0.051220 0.000000 -0.000000 0.900000 0.000000
2.090000 0.051220 0.000000 -0.000000 0.900000 0.000000
2.216667 0.051220 0.000000 -0.000000 0.900000 0.000000
2.343333 0.051220 0.000000 -0.000000 0.900000 0.000000
2.470000 0.051220 0.000000 0.000000 0.900000 0.000000
2.596667 0.051220 0.000000 -0.000000 0.900000 0.000000
2.723333 0.051220 0.000000 -0.000000 0.900000 0.000000
2.850000 0.051220 0.000000 -0.000000 0.900000 0.000000
2.976667 0.051220 0.000000 0.000000 0.900000 0.000000
3.103333 0.051220 0.000000 -0.000000 0.900000 0.000000
3.230000 0.051220 0.000000 -0.000000 0.900000 0.000000
3.356667 0.051220 0.000000 0.000000 0.900000 0.000000
3.483333 0.051220 0.000000 0.000000 0.900000 0.000000
3.610000 0.051220 0.000000 0.000000 0.900000 0.000000
3.736667 0.051220 0.000000 0.000000 0.000000 0.000000
0.063333 0.065854 0.000000 0.000000 0.000000 0.000000
0.190000 0.065854 0.000000 -0.000000 0.900000 0.000000
0.316667 0.065854 0.000000 0.000000 0.900000 0.000000
0.443333 0.065854 -0.000000 -0.000000 0.900000 0.000000
0.570000 0.065854 -0.000000 0.000000 0.900000 0.000000
0.696667 0.065854 -0.000000 0.000000 0.900000 0.000000
0.823333 0.065854 -0.000000 -0.000000 0.900000 0.000000
0.950000 0.065854 -0.000000 -0.000000 0.900000 0.000000
1.076667 0.065854 -0.000000 -0.000000 0.900000 0.000000
1.203333 0.065854 -0.000000 -0.000000 0.900000 0.000000
1.330000 0.065854 0.000000 -0.000000 0.900000 0.000000
1.456667 0.065854 0.000000 -0.000000 0.900000 0.000000
1.583333 0.065854 0.000000 -0.000000 0.900000 0.000000
1.710000 0.065854 0.000000 0.000000 0.900000 0.000000
1.836667 0.065854 0.000000 0.000000 0.900000 0.000000
1.963333 0.065854 0.000000 -0.000000 0.900000 0.000000
2.090000 0.065854 0.000000 -0.000000 0.900000 0.000000
2.216667 0.065854 0.000000 -0.000000 0.900000 0.000000
2.343333 0.065854 0.000000 -0.000000 0.900000 0.000000
2.470000 0.065854 0.000000 0.000000 0.900000 0.000000
2.596667 0.065854 0.000000 -0.000000 0.900000 0.000000
2.723333 0.065854 0.000000 -0.000000 0.900000 0.000000
2.850000 0.065854 0.000000 0.000000 0.900000 0.000000
2.976667 0.065854 0.000000 0.000000 0.900000 0.000000
3.103333 0.065854 0.000000 -0.000000 0.900000 0.000000
3.230000 0.065854 0.000000 -0.000000 0.900000 0.000000
3.356667 0.065854 0.000000 -0.000000 0.900000 0.000000
3.483333 0.065854 0.000000 0.000000 0.900000 0.000000
3.610000 0.065854 0.000000 0.000000 0.900000 0.000000
3.736667 0.065854 0.000000 0.000000 0.000000 0.000000
0.063333 0.080488 0.000000 0.000000 0.000000 0.000000
0.190000 0.080488 -0.000000 -0.000000 0.900000 0.000000
0.316667 0.080488 -0.000000 0.000000 0.900000 0.000000
0.443333 0.080488 -0.000000 -0.000000 0.900000 0.000000
0.570000 0.080488 -0.000000 0.000000 0.900000 0.000000
0.696667 0.080488 -0.000000 0.000000 0.900000 0.000000
0.823333 0.080488 -0.000000 -0.000000 0.900000 0.000000
0.950000 0.080488 -0.000000 -0.000000 0.900000 0.000000
1.076667 0.080488 -0.000000 -0.000000 0.900000 0.000000
1.203333 0.080488 -0.000000 -0.000000 0.900000 0.000000
1.330000 0.080488 0.000000 -0.000000 0.900000 0.000000
1.456667 0.080488 0.000000 -0.000000 0.900000 0.000000
1.583333 0.080488 0.000000 -0.000000 0.900000 0.000000
1.710000 0.080488 0.000000 0.000000 0.900000 0.000000
1.836667 0.080488 0.000000 0.000000 0.900000 0.000000
1.963333 0.080488 0.000000 -0.000000 0.900000 0.000000
2.090000 0.080488 0.000000 -0.000000 0.900000 0.000000
2.216667 0.080488 0.000000 -0.000000 0.900000 0.000000
2.343333 0.080488 0.000000 -0.000000 0.900000 0.000000
2.470000 0.080488 0.000000 0.000000 0.900000 0.000000
2.596667 0.080488 0.000000 -0.000000 0.900000 0.000000
2.723333 0.080488 0.000000 -0.000000 0.900000 0.000000
2.850000 0.080488 0.000000 0.000000 0.900000 0.000000
2.976667 0.080488 0.000000 0.000000 0.900000 0.000000
3.103333 0.080488 0.000000 -0.000000 0.900000 0.000000
3.230000 0.080488 0.000000 -0.000000 0.900000 0.000000
3.356667 0.080488 0.000000 -0.000000 0.900000 0.000000
3.483333 0.080488 0.000000 0.000000 0.900000 0.000000
3.610000 0.080488 0.000000 0.000000 0.900000 0.000000
3.736667 0.080488 0.000000 0.000000 0.000000 0.000000
0.063333 0.095122 0.000000 0.000000 0.000000 0.000000
0.190000 0.095122 -0.000000 -0.000000 0.900000 0.000000
0.316667 0.095122 -0.000000 0.000000 0.900000 0.000000
0.443333 0.095122 -0.000000 -0.000000 0.900000 0.000000
0.570000 0.095122 -0.000000 0.000000 0.900000 0.000000
0.696667 0.095122 -0.000000 0.000000 0.900000 0.000000
0.823333 0.095122 -0.000000 -0.000000 0.900000 0.000000
0.950000 0.095122 -0.000000 -0.000000 0.900000 0.000000
1.076667 0.095122 -0.000000 -0.000000 0.900000 0.000000
1.203333 0.095122 -0.000000 -0.000000 0.900000 0.000000
1.330000 0.095122 0.000000 -0.000000 0.900000 0.000000
1.456667 0.095122 0.000000 -0.000000 0.900000 0.000000
1.583333 0.095122 0.000000 -0.000000 0.900000 0.000000
1.710000 0.095122 0.000000 0.000000 0.900000 0.000000
1.836667 0.095122 0.000000 0.000000 0.900000 0.000000
1.963333 0.095122 0.000000 -0.000000 0.900000 0.000000
2.090000 0.095122 0.000000 -0.000000 0.900000 0.000000
2.216667 0.095122 0.000000 -0.000000 0.900000 0.000000
2.343333 0.095122 0.000000 -0.000000 0.900000 0.000000
2.470000 0.095122 0.000000 0.000000 0.900000 0.000000
2.596667 0.095122 0.000000 -0.000000 0.900000 0.000000
2.723333 0.095122 0.000000 -0.000000 0.900000 0.000000
2.850000 0.095122 0.000000 0.000000 0.900000 0.000000
2.976667 0.095122 0.000000 0.000000 0.900000 0.000000
3.103333 0.095122 0.000000 -0.000000 0.900000 0.000000
3.230000 0.095122 0.000000 -0.000000 0.900000 0.000000
3.356667 0.095122 0.000000 -0.000000 0.900000 0.000000
3.483333 0.095122 0.000000 0.000000 0.900000 0.000000
3.610000 0.095122 0.000000 0.000000 0.900000 0.000000
3.736667 0.095122 0.000000 0.000000 0.000000 0.000000
0.063333 0.109756 0.000000 0.000000 0.000000 0.000000
0.190000 0.109756 -0.000000 -0.000000 0.900000 0.000000
0.316667 0.109756 -0.000000 0.000000 0.900000 0.000000
0.443333 0.109756 -0.000000 -0.000000 0.900000 0.000000
0.570000 0.109756 -0.000000 0.000000 0.900000 0.000000
0.696667 0.109756 -0.000000 0.000000 0.900000 0.000000
0.823333 0.109756 -0.000000 -0.000000 0.900000 0.000000
0.950000 0.109756 -0.000000 -0.000000 0.900000 0.000000
1.076667 0.109756 -0.000000 -0.000000 0.900000 0.000000
1.203333 0.109756 -0.000000 -0.000000 0.900000 0.000000
1.330000 0.109756 0.000000 -0.000000 0.900000 0.000000
1.456667 0.109756 0.000000 -0.000000 0.900000 0.000000
1.583333 0.109756 0.000000 -0.000000 0.900000 0.000000
1.710000 0.109756 0.000000 0.000000 0.900000 0.000000
1.836667 0.109756 0.000000 0.000000 0.900000 0.000000
1.963333 0.109756 0.000000 -0.000000 0.900000 0.000000
2.090000 0.109756 0.000000 -0.000000 0.900000 0.000000
2.216667 0.109756 0.000000 -0.000000 0.900000 0.000000
2.343333 0.109756 0.000000 -0.000000 0.900000 0.000000
2.470000 0.109756 0.000000 0.000000 0.900000 0.000000
2.596667 0.109756 0.000000 -0.000000 0.900000 0.000000
2.723333 0.109756 0.000000 -0.000000 0.900000 0.000000
2.850000 0.109756 0.000000 0.000000 0.900000 0.000000
2.976667 0.109756 0.000000 0.000000 0.900000 0.000000
3.103333 0.109756 0.000000 -0.000000 0.900000 0.000000
3.230000 0.109756 0.000000 -0.000000 0.900000 0.000000
3.356667 0.109756 0.000000 -0.000000 0.900000 0.000000
3.483333 0.109756 0.000000 0.000000 0.900000 0.000000
3.610000 0.109756 0.000000 0.000000 0.900000 0.000000
3.736667 0.109756 0.000000 0.000000 0.000000 0.000000
0.063333 0.124390 0.000000 0.000000 0.000000 0.000000
0.190000 0.124390 -0.000000 -0.000000 0.900000 0.000000
0.316667 0.124390 -0.000000 0.000000 0.900000 0.000000
0.443333 0.124390 -0.000000 -0.000000 0.900000 0.000000
0.570000 0.124390 -0.000000 0.000000 0.900000 0.000000
0.696667 0.124390 -0.000000 0.000000 0.900000 0.000000
0.823333 0.124390 -0.000000 -0.000000 0.900000 0.000000
0.950000 0.124390 -0.000000 -0.000000 0.900000 0.000000
1.076667 0.124390 -0.000000 -0.000000 0.900000 0.000000
1.203333 0.124390 -0.000000 -0.000000 0.900000 0.000000
1.330000 0.124390 0.000000 -0.000000 0.900000 0.000000
1.456667 0.124390 0.000000 -0.000000 0.900000 0.000000
1.583333 0.124390 0.000000 -0.000000 0.900000 0.000000
1.710000 0.124390 0.000000 0.000000 0.900000 0.000000
1.836667 0.124390 0.000000 0.000000 0.900000 0.000000
1.963333 0.124390 0.000000 -0.000000 0.900000 0.000000
2.090000 0.124390 0.000000 -0.000000 0.900000 0.000000
2.216667 0.124390 0.000000 -0.000000 0.900000 0.000000
2.343333 0.124390 0.000000 -0.000000 0.900000 0.000000
2.470000 0.124390 0.000000 0.000000 0.900000 0.000000
2.596667 0.124390 0.000000 -0.000000 0.900000 0.000000
2.723333 0.124390 0.000000 -0.000000 0.900000 0.000000
2.850000 0.124390 0.000000 0.000000 0.900000 0.000000
2.976667 0.124390 0.000000 0.000000 0.900000 0.000000
3.103333 0.124390 0.000000 -0.000000 0.899997 0.000000
3.230000 0.124390 0.000000 -0.000000 0.899998 0.000000
3.356667 0.124390 0.000000 -0.000000 0.900000 0.000000
3.483333 0.124390 0.000000 0.000000 0.900000 0.000000
3.610000 0.124390 0.000000 0.000000 0.900000 0.000000
3.736667 0.124390 0.000000 0.000000 0.000000 0.000000
0.063333 0.139024 0.000000 0.000000 0.000000 0.000000
0.190000 0.139024 -0.000000 -0.000000 0.900000 0.000000
0.316667 0.139024 -0.000000 0.000000 0.900000 0.000000
0.443333 0.139024 -0.000000 -0.000000 0.900000 0.000000
0.570000 0.139024 -0.000000 0.000000 0.900000 0.000000
0.696667 0.139024 -0.000000 0.000000 0.900000 0.000000
0.823333 0.139024 -0.000000 -0.000000 0.900000 0.000000
0.950000 0.139024 -0.000000 -0.000000 0.900000 0.000000
1.076667 0.139024 -0.000000 -0.000000 0.900000 0.000000
1.203333 0.139024 -0.000000 -0.000000 0.900000 0.000000
1.330000 0.139024 0.000000 -0.000000 0.900000 0.000000
1.456667 0.139024 0.000000 -0.000000 0.900000 0.000000
1.583333 0.139024 0.000000 -0.000000 0.900000 0.000000
1.710000 0.139024 0.000000 0.000000 0.900000 0.000000
1.836667 0.139024 0.000000 -0.000000 0.900000 0.000000
1.963333 0.139024 0.000000 -0.000000 0.900000 0.000000
2.090000 0.139024 0.000000 -0.000000 0.900000 0.000000
2.216667 0.139024 0.000000 -0.000000 0.900000 0.000000
2.343333 0.139024 0.000000 -0.000000 0.900000 0.000000
2.470000 0.139024 0.000000 0.000000 0.900000 0.000000
2.596667 0.139024 0.000000 -0.000000 0.900000 0.000000
2.723333 0.139024 0.000000 -0.000000 0.900000 0.000000
2.850000 0.139024 0.000000 0.000000 0.900000 0.000000
2.976667 0.139024 0.000000 0.000000 0.900000 0.000000
3.103333 0.139024 0.000002 -0.000001 0.899971 0.000002
3.230000 0.139024 0.000001 -0.000001 0.899974 0.000002
3.356667 0.139024 0.000000 -0.000000 0.899999 0.000000
3.483333 0.139024 0.000000 0.000000 0.900000 0.000000
3.610000 0.139024 0.000000 0.000000 0.900000 0.000000
3.736667 0.139024 0.000000 0.000000 0.000000 0.000000
0.063333 0.153659 0.000000 0.000000 0.000000 0.000000
0.190000 0.153659 -0.000000 -0.000000 0.900000 0.000000
0.316667 0.153659 -0.000000 0.000000 0.900000 0.000000
0.443333 0.153659 -0.000000 -0.000000 0.899999 0.000000
0.570000 0.153659 -0.000000 0.000000 0.900000 0.000000
0.696667 0.153659 -0.000000 0.000000 0.900000 0.000000
0.823333 0.153659 -0.000000 -0.000000 0.899998 0.000000
0.950000 0.153659 -0.000000 -0.000000 0.899999 0.000000
1.076667 0.153659 -0.000000 -0.000000 0.900000 0.000000
1.203333 0.153659 -0.000000 -0.000000 0.900000 0.000000
1.330000 0.153659 0.000000 -0.000000 0.900000 0.000000
1.456667 0.153659 0.000000 -0.000000 0.900000 0.000000
1.583333 0.153659 0.000000 -0.000000 0.900000 0.000000
1.710000 0.153659 0.000000 -0.000000 0.900000 0.000000
1.836667 0.153659 0.000000 -0.000000 0.900000 0.000000
1.963333 0.153659 0.000000 -0.000000 0.900000 0.000000
2.090000 0.153659 0.000000 -0.000000 0.900000 0.000000
2.216667 0.153659 0.000000 -0.000000 0.900000 0.000000
2.343333 0.153659 0.000000 -0.000000 0.900000 0.000000
2.470000 0.153659 0.000000 0.000000 0.900000 0.000000
2.596667 0.153659 0.000000 -0.000000 0.900000 0.000000
2.723333 0.153659 0.000000 -0.000000 0.900000 0.000000
2.850000 0.153659 0.000000 0.000000 0.900000 0.000000
2.976667 0.153659 0.000000 0.000000 0.900000 0.000000
3.103333 0.153659 0.000016 -0.000006 0.899739 0.000017
3.230000 0.153659 0.000010 -0.000009 0.899754 0.000013
3.356667 0.153659 0.000000 -0.000000 0.899987 0.000000
3.483333 0.153659 0.000000 0.000000 0.900000 0.000000
3.610000 0.153659 0.000000 0.000000 0.900000 0.000000
3.736667 0.153659 0.000000 0.000000 0.000000 0.000000
0.063333 0.168293 0.000000 0.000000 0.000000 0.000000
0.190000 0.168293 -0.000000 -0.000000 0.900000 0.000000
0.316667 0.168293 -0.000000 0.000000 0.900000 0.000000
0.443333 0.168293 -0.000001 -0.000000 0.899993 0.000001
0.570000 0.168293 -0.000000 0.000000 0.900000 0.000000
0.696667 0.168293 -0.000000 0.000000 0.900000 0.000000
0.823333 0.168293 -0.000001 -0.000001 0.899983 0.000002
0.950000 0.168293 -0.000001 -0.000000 0.899988 0.000001
1.076667 0.168293 -0.000000 -0.000000 0.899999 0.000000
1.203333 0.168293 -0.000000 -0.000000 0.899999 0.000000
1.330000 0.168293 0.000000 -0.000000 0.900000 0.000000
1.456667 0.168293 0.000000 -0.000000 0.899999 0.000000
1.583333 0.168293 0.000000 -0.000000 0.900000 0.000000
1.710000 0.168293 0.000000 -0.000000 0.899999 0.000000
1.836667 0.168293 0.000000 -0.000000 0.900000 0.000000
1.963333 0.168293 0.000000 -0.000000 0.900000 0.000000
2.090000 0.168293 0.000000 -0.000000 0.900000 0.000000
2.216667 0.168293 0.000000 -0.000000 0.900000 0.000000
2.343333 0.168293 0.000000 -0.000000 0.900000 0.000000
2.470000 0.168293 0.000000 0.000000 0.900000 0.000000
2.596667 0.168293 0.000000 -0.000000 0.900000 0.000000
2.723333 0.168293 0.000000 -0.000000 0.899997 0.000000
2.850000 0.168293 0.000000 0.000000 0.900000 0.000000
2.976667 0.168293 0.000000 0.000000 0.899999 0.000000
3.103333 0.168293 0.000105 -0.000036 0.898190 0.000111
3.230000 0.168293 0.000078 -0.000058 0.897948 0.000097
3.356667 0.168293 0.000004 -0.000001 0.899754 0.000005
3.483333 0.168293 0.000000 0.000000 0.899998 0.000000
3.610000 0.168293 0.000000 0.000000 0.900000 0.000000
3.736667 0.168293 0.000000 0.000000 0.000000 0.000000
0.063333 0.182927 0.000000 0.000000 0.000000 0.000000
0.190000 0.182927 -0.000000 0.000000 0.900000 0.000000
0.316667 0.182927 -0.000000 0.000000 0.899999 0.000000
0.443333 0.182927 -0.000005 -0.000001 0.899935 0.000006
0.570000 0.182927 -0.000000 0.000000 0.900000 0.000000
0.696667 0.182927 -0.000000 0.000000 0.899999 0.000000
0.823333 0.182927 -0.000011 -0.000006 0.899867 0.000012
0.950000 0.182927 -0.000016 -0.000005 0.899852 0.000017
1.076667 0.182927 -0.000001 -0.000000 0.899985 0.000001
1.203333 0.182927 -0.000001 -0.000001 0.899972 0.000001
1.330000 0.182927 0.000000 -0.000000 0.899989 0.000000
1.456667 0.182927 0.000001 -0.000001 0.899969 0.000001
1.583333 0.182927 0.000000 -0.000000 0.899997 0.000000
1.710000 0.182927 0.000001 -0.000000 0.899981 0.000001
1.836667 0.182927 0.000000 -0.000000 0.899999 0.000000
1.963333 0.182927 0.000000 -0.000000 0.899998 0.000000
2.090000 0.182927 0.000000 -0.000000 0.899995 0.000000
2.216667 0.182927 0.000000 -0.000000 0.899999 0.000000
2.343333 0.182927 0.000000 -0.000000 0.899997 0.000000
2.470000 0.182927 0.000000 0.000000 0.899996 0.000000
2.596667 0.182927 0.000001 -0.000000 0.899986 0.000001
2.723333 0.182927 0.000006 -0.000000 0.899909 0.000006
2.850000 0.182927 0.000000 0.000000 0.899998 0.000000
2.976667 0.182927 0.000002 0.000000 0.899968 0.000002
3.103333 0.182927 0.000558 -0.000147 0.891152 0.000577
3.230000 0.182927 0.000665 -0.000336 0.884761 0.000745
3.356667 0.182927 0.000038 -0.000009 0.896281 0.000039
3.483333 0.182927 0.000001 0.000001 0.899975 0.000001
3.610000 0.182927 0.000010 0.000023 0.899536 0.000025
3.736667 0.182927 0.000000 0.000000 0.000000 0.000000
0.063333 0.197561 0.000000 0.000000 0.000000 0.000000
0.190000 0.197561 -0.000000 0.000000 0.899999 0.000000
0.316667 0.197561 -0.000001 0.000000 0.899975 0.000001
0.443333 0.197561 -0.000049 -0.000010 0.899459 0.000050
0.570000 0.197561 -0.000000 0.000000 0.900000 0.000000
0.696667 0.197561 -0.000000 0.000000 0.899993 0.000000
0.823333 0.197561 -0.000081 -0.000035 0.898999 0.000088
0.950000 0.197561 -0.000150 -0.000046 0.898610 0.000157
1.076667 0.197561 -0.000013 -0.000005 0.899719 0.000014
1.203333 0.197561 -0.000007 -0.000010 0.899589 0.000012
1.330000 0.197561 0.000001 -0.000004 0.899800 0.000005
1.456667 0.197561 0.000011 -0.000010 0.899617 0.000015
1.583333 0.197561 0.000004 -0.000001 0.899913 0.000004
1.710000 0.197561 0.000017 -0.000004 0.899715 0.000017
1.836667 0.197561 0.000003 -0.000000 0.899950 0.000003
1.963333 0.197561 0.000004 -0.000000 0.899914 0.000004
2.090000 0.197561 0.000012 -0.000002 0.899761 0.000012
2.216667 0.197561 0.000003 -0.000000 0.899937 0.000003
2.343333 0.197561 0.000009 -0.000001 0.899842 0.000009
2.470000 0.197561 0.000012 0.000000 0.899772 0.000012
2.596667 0.197561 0.000026 -0.000002 0.899454 0.000026
2.723333 0.197561 0.000149 -0.000004 0.897703 0.000149
2.850000 0.197561 0.000014 0.000001 0.899833 0.000014
2.976667 0.197561 0.000091 0.000004 0.898575 0.000091
3.103333 0.197561 0.002286 -0.000546 0.862178 0.002351
3.230000 0.197561 0.002874 -0.001558 0.814026 0.003269
3.356667 0.197561 -0.001922 0.000012 0.819568 0.001922
3.483333 0.197561 -0.000882 0.003356 0.792456 0.003470
3.610000 0.197561 0.000869 0.006870 0.765722 0.006925
3.736667 0.197561 0.000000 0.000000 0.000000 0.000000
0.063333 0.212195 0.000000 0.000000 0.000000 0.000000
0.190000 0.212195 -0.000001 0.000001 0.899964 0.000001
0.316667 0.212195 -0.000047 0.000001 0.899314 0.000047
0.443333 0.212195 -0.000439 -0.000059 0.895591 0.000443
0.570000 0.212195 -0.000000 0.000000 0.899999 0.000000
0.696667 0.212195 -0.000001 0.000002 0.899943 0.000002
0.823333 0.212195 -0.000530 -0.000188 0.892901 0.000562
0.950000 0.212195 -0.001041 -0.000317 0.889894 0.001088
1.076667 0.212195 -0.000156 -0.000081 0.896033 0.000176
1.203333 0.212195 -0.000058 -0.000102 0.895419 0.000117
1.330000 0.212195 -0.000004 -0.000061 0.897083 0.000062
1.456667 0.212195 0.000085 -0.000074 0.896543 0.000113
1.583333 0.212195 0.000076 -0.000026 0.898358 0.000080
1.710000 0.212195 0.000195 -0.000049 0.896800 0.000202
1.836667 0.212195 0.000084 -0.000010 0.898670 0.000085
1.963333 0.212195 0.000166 -0.000018 0.896761 0.000167
2.090000 0.212195 0.000392 -0.000049 0.892668 0.000395
2.216667 0.212195 0.000255 -0.000022 0.895354 0.000256
2.343333 0.212195 0.000449 -0.000026 0.892536 0.000450
2.470000 0.212195 0.000394 -0.000001 0.892305 0.000394
2.596667 0.212195 0.000407 -0.000038 0.886211 0.000409
2.723333 0.212195 0.002873 -0.000131 0.826926 0.002876
2.850000 0.212195 0.006743 0.000692 0.790328 0.006779
2.976667 0.212195 0.005810 0.000358 0.730212 0.005821
3.103333 0.212195 0.005589 -0.003027 0.656575 0.006356
3.230000 0.212195 0.001415 -0.004876 0.606521 0.005077
3.356667 0.212195 -0.015071 0.001507 0.604324 0.015146
3.483333 0.212195 -0.012066 0.006245 0.643715 0.013586
3.610000 0.212195 -0.003534 0.012027 0.654159 0.012536
3.736667 0.212195 0.000000 0.000000 0.000000 0.000000
0.063333 0.226829 0.000000 0.000000 0.000000 0.000000
0.190000 0.226829 -0.001121 0.001052 0.854045 0.001537
0.316667 0.226829 -0.000822 0.000019 0.885878 0.000822
0.443333 0.226829 -0.003546 -0.000319 0.864483 0.003560
0.570000 0.226829 -0.000008 0.000002 0.899907 0.000008
0.696667 0.226829 -0.000003 0.000005 0.899759 0.000006
0.823333 0.226829 -0.001726 -0.000862 0.856460 0.001929
0.950000 0.226829 -0.003860 -0.001543 0.845266 0.004157
1.076667 0.226829 -0.001197 -0.000748 0.863892 0.001412
1.203333 0.226829 -0.000585 -0.000797 0.860932 0.000988
1.330000 0.226829 -0.000189 -0.000598 0.868524 0.000627
1.456667 0.226829 0.000604 -0.000495 0.869606 0.000781
1.583333 0.226829 0.001258 -0.000335 0.874404 0.001302
1.710000 0.226829 0.002165 -0.000441 0.865219 0.002209
1.836667 0.226829 0.001485 -0.000204 0.870360 0.001499
1.963333 0.226829 0.002124 -0.000433 0.826773 0.002168
2.090000 0.226829 0.004132 -0.000785 0.780054 0.004206
2.216667 0.226829 0.006313 -0.000767 0.741818 0.006359
2.343333 0.226829 0.010055 -0.000828 0.692090 0.010089
2.470000 0.226829 0.009735 -0.000026 0.650587 0.009735
2.596667 0.226829 0.004213 0.000068 0.604955 0.004213
2.723333 0.226829 0.008162 -0.000676 0.600142 0.008190
2.850000 0.226829 0.010790 0.001790 0.613796 0.010937
2.976667 0.226829 -0.000069 0.000341 0.604250 0.000348
3.103333 0.226829 -0.002811 -0.002934 0.600374 0.004063
3.230000 0.226829 -0.003761 -0.005650 0.600007 0.006787
3.356667 0.226829 -0.014359 0.003141 0.600220 0.014698
3.483333 0.226829 -0.013345 0.005588 0.604663 0.014468
3.610000 0.226829 -0.004536 0.012655 0.611015 0.013443
3.736667 0.226829 0.000000 0.000000 0.000000 0.000000
0.063333 0.241463 0.000000 0.000000 0.000000 0.000000
0.190000 0.241463 -0.001710 0.005692 0.669502 0.005943
0.316667 0.241463 -0.007413 0.000885 0.638144 0.007466
0.443333 0.241463 -0.015816 -0.001304 0.688032 0.015870
0.570000 0.241463 -0.009283 0.002480 0.760467 0.009609
0.696667 0.241463 -0.000316 0.001693 0.772493 0.001722
0.823333 0.241463 -0.004617 -0.002992 0.714932 0.005502
0.950000 0.241463 -0.010806 -0.004696 0.705540 0.011782
1.076667 0.241463 -0.007891 -0.003593 0.713242 0.008670
1.203333 0.241463 -0.006379 -0.003944 0.699670 0.007500
1.330000 0.241463 -0.005188 -0.003329 0.689691 0.006164
1.456667 0.241463 -0.000510 -0.003527 0.669983 0.003563
1.583333 0.241463 0.007970 -0.002985 0.647275 0.008511
1.710000 0.241463 0.015268 -0.003143 0.615139 0.015589
1.836667 0.241463 0.012976 -0.001329 0.605056 0.013044
1.963333 0.241463 0.004641 -0.001694 0.600548 0.004940
2.090000 0.241463 0.006042 -0.001981 0.600254 0.006359
2.216667 0.241463 0.006998 -0.001351 0.600827 0.007127
2.343333 0.241463 0.008682 -0.001437 0.600093 0.008800
2.470000 0.241463 0.005045 -0.000032 0.601578 0.005045
2.596667 0.241463 0.000740 0.000452 0.600141 0.000867
2.723333 0.241463 0.006547 -0.000629 0.600002 0.006577
2.850000 0.241463 0.007410 0.002354 0.600949 0.007775
2.976667 0.241463 -0.001572 -0.000439 0.600040 0.001632
3.103333 0.241463 -0.002673 -0.002017 0.600001 0.003349
3.230000 0.241463 -0.003822 -0.007058 0.600000 0.008026
3.356667 0.241463 -0.013863 0.004570 0.600011 0.014596
3.483333 0.241463 -0.012976 0.004705 0.600300 0.013802
3.610000 0.241463 -0.004257 0.011513 0.601485 0.012275
3.736667 0.241463 0.000000 0.000000 0.000000 0.000000
0.063333 0.256098 0.000000 0.000000 0.000000 0.000000
0.190000 0.256098 -0.001683 0.006997 0.610547 0.007197
0.316667 0.256098 -0.003614 0.001156 0.600392 0.003795
0.443333 0.256098 -0.014694 -0.001164 0.601490 0.014740
0.570000 0.256098 -0.014498 0.003305 0.626245 0.014870
0.696667 0.256098 -0.003706 0.002549 0.624994 0.004498
0.823333 0.256098 -0.013959 -0.004486 0.600165 0.014663
0.950000 0.256098 -0.020691 -0.006352 0.600012 0.021644
1.076667 0.256098 -0.017621 -0.005056 0.600241 0.018332
1.203333 0.256098 -0.013999 -0.006288 0.600077 0.015346
1.330000 0.256098 -0.007121 -0.003922 0.600477 0.008129
1.456667 0.256098 -0.001869 -0.005537 0.600625 0.005844
1.583333 0.256098 0.002849 -0.003284 0.600373 0.004347
1.710000 0.256098 0.009413 -0.003298 0.600055 0.009974
1.836667 0.256098 0.008869 -0.000612 0.600058 0.008890
1.963333 0.256098 0.001617 -0.001525 0.600001 0.002223
2.090000 0.256098 0.003114 -0.001978 0.600001 0.003689
2.216667 0.256098 0.003951 -0.001120 0.600015 0.004107
2.343333 0.256098 0.005829 -0.001715 0.600000 0.006075
2.470000 0.256098 0.003942 -0.000211 0.600062 0.003947
2.596667 0.256098 -0.000882 0.000534 0.600004 0.001031
2.723333 0.256098 0.002367 -0.000216 0.600000 0.002377
2.850000 0.256098 0.005120 0.002526 0.600073 0.005710
2.976667 0.256098 -0.004107 -0.001213 0.600001 0.004282
3.103333 0.256098 -0.005666 -0.001385 0.600000 0.005833
3.230000 0.256098 -0.003780 -0.008553 0.600000 0.009351
3.356667 0.256098 -0.013350 0.006021 0.600001 0.014645
3.483333 0.256098 -0.012544 0.003984 0.600014 0.013162
3.610000 0.256098 -0.003908 0.010083 0.600139 0.010814
3.736667 0.256098 0.000000 0.000000 0.000000 0.000000
0.063333 0.270732 0.000000 0.000000 0.000000 0.000000
0.190000 0.270732 -0.002444 0.007060 0.601050 0.007471
0.316667 0.270732 -0.004936 0.000823 0.600002 0.005004
0.443333 0.270732 -0.014840 -0.000587 0.600074 0.014852
0.570000 0.270732 -0.015943 0.002203 0.601813 0.016095
0.696667 0.270732 -0.008053 0.002264 0.601741 0.008366
0.823333 0.270732 -0.017244 -0.004691 0.600000 0.017871
0.950000 0.270732 -0.021206 -0.005815 0.600001 0.021989
1.076667 0.270732 -0.019216 -0.004319 0.600016 0.019696
1.203333 0.270732 -0.015537 -0.007065 0.600000 0.017068
1.330000 0.270732 -0.003730 -0.003985 0.600002 0.005458
1.456667 0.270732 0.001965 -0.006229 0.600001 0.006532
1.583333 0.270732 0.001591 -0.002851 0.600003 0.003266
1.710000 0.270732 0.006645 -0.003391 0.600000 0.007460
1.836667 0.270732 0.005750 -0.000104 0.600001 0.005751
1.963333 0.270732 -0.001162 -0.001371 0.600000 0.001797
2.090000 0.270732 0.000300 -0.001958 0.600000 0.001981
2.216667 0.270732 0.001141 -0.000896 0.600000 0.001451
2.343333 0.270732 0.003025 -0.001965 0.600000 0.003607
2.470000 0.270732 0.002598 -0.000756 0.600002 0.002706
2.596667 0.270732 -0.002397 0.001068 0.600000 0.002624
2.723333 0.270732 0.001342 0.000200 0.600000 0.001357
2.850000 0.270732 0.006282 0.002393 0.600004 0.006723
2.976667 0.270732 -0.005978 -0.001303 0.600000 0.006118
3.103333 0.270732 -0.008077 -0.001382 0.600000 0.008194
3.230000 0.270732 -0.003655 -0.009078 0.600000 0.009786
3.356667 0.270732 -0.013047 0.007452 0.600000 0.015025
3.483333 0.270732 -0.012091 0.003183 0.600000 0.012503
3.610000 0.270732 -0.003596 0.008679 0.600009 0.009395
3.736667 0.270732 0.000000 0.000000 0.000000 0.000000
0.063333 0.285366 0.000000 0.000000 0.000000 0.000000
0.190000 0.285366 -0.003052 0.007030 0.600077 0.007664
0.316667 0.285366 -0.006022 0.000431 0.600000 0.006037
0.443333 0.285366 -0.015376 -0.000197 0.600002 0.015378
0.570000 0.285366 -0.016864 0.001027 0.600056 0.016895
0.696667 0.285366 -0.011414 0.002180 0.600087 0.011621
0.823333 0.285366 -0.019921 -0.005498 0.600000 0.020666
0.950000 0.285366 -0.021971 -0.005353 0.600000 0.022614
1.076667 0.285366 -0.018045 -0.003862 0.600002 0.018454
1.203333 0.285366 -0.014478 -0.007565 0.600000 0.016335
1.330000 0.285366 -0.004944 -0.004601 0.600000 0.006753
1.456667 0.285366 0.001310 -0.006305 0.600000 0.006439
1.583333 0.285366 0.002563 -0.002334 0.600000 0.003466
1.710000 0.285366 0.008319 -0.003331 0.600000 0.008961
1.836667 0.285366 0.006659 0.000359 0.600000 0.006669
1.963333 0.285366 -0.000177 -0.001257 0.600000 0.001269
2.090000 0.285366 0.001465 -0.001890 0.600000 0.002392
2.216667 0.285366 0.002720 -0.000748 0.600000 0.002821
2.343333 0.285366 0.004641 -0.002134 0.600000 0.005108
2.470000 0.285366 0.003322 -0.001443 0.600000 0.003622
2.596667 0.285366 -0.001779 0.001800 0.600000 0.002531
2.723333 0.285366 0.002703 0.000430 0.600000 0.002737
2.850000 0.285366 0.007843 0.002275 0.600000 0.008167
2.976667 0.285366 -0.004476 -0.001040 0.600000 0.004596
3.103333 0.285366 -0.006781 -0.001681 0.600000 0.006986
3.230000 0.285366 -0.001472 -0.007796 0.600000 0.007934
3.356667 0.285366 -0.011144 0.008969 0.600000 0.014305
3.483333 0.285366 -0.011307 0.002278 0.600000 0.011534
3.610000 0.285366 -0.003022 0.007368 0.600000 0.007964
3.736667 0.285366 0.000000 0.000000 0.000000 0.000000
0.063333 0.300000 0.000000 0.000000 0.000000 0.000000
0.190000 0.300000 -0.003575 0.007047 0.600004 0.007902
0.316667 0.300000 -0.006812 -0.000070 0.600000 0.006812
0.443333 0.300000 -0.015573 0.000102 0.600000 0.015573
0.570000 0.300000 -0.017428 0.000101 0.600001 0.017429
0.696667 0.300000 -0.014060 0.002460 0.600004 0.014273
0.823333 0.300000 -0.021827 -0.006829 0.600000 0.022870
0.950000 0.300000 -0.022174 -0.004987 0.600000 0.022728
1.076667 0.300000 -0.016774 -0.003947 0.600000 0.017232
1.203333 0.300000 -0.013271 -0.007454 0.600000 0.015221
1.330000 0.300000 -0.006153 -0.005191 0.600000 0.008050
1.456667 0.300000 0.000343 -0.006324 0.600000 0.006334
1.583333 0.300000 0.003730 -0.001920 0.600000 0.004196
1.710000 0.300000 0.008934 -0.002947 0.600000 0.009407
1.836667 0.300000 0.006462 0.000699 0.600000 0.006500
1.963333 0.300000 0.001026 -0.001216 0.600000 0.001591
2.090000 0.300000 0.002994 -0.001782 0.600000 0.003484
2.216667 0.300000 0.004191 -0.000662 0.600000 0.004243
2.343333 0.300000 0.006045 -0.002297 0.600000 0.006467
2.470000 0.300000 0.004257 -0.002052 0.600000 0.004725
2.596667 0.300000 -0.000992 0.002459 0.600000 0.002651
2.723333 0.300000 0.004148 0.000598 0.600000 0.004191
2.850000 0.300000 0.009306 0.002172 0.600000 0.009556
2.976667 0.300000 -0.002812 -0.000807 0.600000 0.002926
3.103333 0.300000 -0.005506 -0.001877 0.600000 0.005817
3.230000 0.300000 0.000744 -0.005994 0.600000 0.006040
3.356667 0.300000 -0.008965 0.010786 0.600000 0.014025
3.483333 0.300000 -0.010540 0.001247 0.600000 0.010614
3.610000 0.300000 -0.002444 0.006186 0.600000 0.006651
3.736667 0.300000 0.000000 0.000000 0.000000 0.000000
0.063333 0.314634 0.000000 0.000000 0.000000 0.000000
0.190000 0.314634 -0.003331 0.007197 0.600000 0.007931
0.316667 0.314634 -0.005710 -0.000341 0.600000 0.005721
0.443333 0.314634 -0.013659 0.000347 0.600000 0.013663
0.570000 0.314634 -0.014955 -0.000658 0.600000 0.014969
0.696667 0.314634 -0.010414 0.002885 0.600000 0.010806
0.823333 0.314634 -0.019721 -0.007965 0.600000 0.021268
0.950000 0.314634 -0.020915 -0.004857 0.600000 0.021471
1.076667 0.314634 -0.016497 -0.004034 0.600000 0.016983
1.203333 0.314634 -0.014578 -0.007120 0.600000 0.016224
1.330000 0.314634 -0.007349 -0.005621 0.600000 0.009252
1.456667 0.314634 -0.000786 -0.006357 0.600000 0.006405
1.583333 0.314634 0.002682 -0.001345 0.600000 0.003000
1.710000 0.314634 0.007368 -0.002875 0.600000 0.007909
1.836667 0.314634 0.006412 0.000736 0.600000 0.006454
1.963333 0.314634 0.002310 -0.001244 0.600000 0.002624
2.090000 0.314634 0.004353 -0.001617 0.600000 0.004644
2.216667 0.314634 0.004756 -0.000519 0.600000 0.004784
2.343333 0.314634 0.006601 -0.002601 0.600000 0.007095
2.470000 0.314634 0.005174 -0.002603 0.600000 0.005792
2.596667 0.314634 -0.000170 0.003025 0.600000 0.003029
2.723333 0.314634 0.005394 0.000723 0.600000 0.005442
2.850000 0.314634 0.008240 0.002320 0.600000 0.008560
2.976667 0.314634 -0.003603 -0.000898 0.600000 0.003713
3.103333 0.314634 -0.004929 -0.001805 0.600000 0.005249
3.230000 0.314634 0.000803 -0.004478 0.600000 0.004549
3.356667 0.314634 -0.007561 0.012692 0.600000 0.014773
3.483333 0.314634 -0.009350 0.000244 0.600000 0.009353
3.610000 0.314634 -0.002227 0.005094 0.600000 0.005559
3.736667 0.314634 0.000000 0.000000 0.000000 0.000000
0.063333 0.329268 0.000000 0.000000 0.000000 0.000000
0.190000 0.329268 -0.002982 0.007608 0.600000 0.008172
0.316667 0.329268 -0.004464 0.000004 0.600000 0.004464
0.443333 0.329268 -0.011863 0.000591 0.600000 0.011878
0.570000 0.329268 -0.012639 -0.001359 0.600000 0.012712
0.696667 0.329268 -0.006789 0.003244 0.600000 0.007525
0.823333 0.329268 -0.017780 -0.008110 0.600000 0.019542
0.950000 0.329268 -0.020203 -0.005057 0.600000 0.020827
1.076667 0.329268 -0.016582 -0.003653 0.600000 0.016980
1.203333 0.329268 -0.014164 -0.007077 0.600000 0.015833
1.330000 0.329268 -0.006832 -0.005645 0.600000 0.008862
1.456667 0.329268 -0.001928 -0.006413 0.600000 0.006696
1.583333 0.329268 0.004211 -0.000659 0.600000 0.004263
1.710000 0.329268 0.009780 -0.003651 0.600000 0.010440
1.836667 0.329268 0.007628 0.000598 0.600000 0.007652
1.963333 0.329268 0.003161 -0.001300 0.600000 0.003418
2.090000 0.329268 0.004964 -0.001345 0.600000 0.005143
2.216667 0.329268 0.004939 -0.000322 0.600000 0.004950
2.343333 0.329268 0.006786 -0.003079 0.600000 0.007451
2.470000 0.329268 0.005857 -0.003193 0.600000 0.006671
2.596667 0.329268 0.000622 0.003540 0.600000 0.003594
2.723333 0.329268 0.004270 0.001063 0.600000 0.004401
2.850000 0.329268 0.004655 0.002753 0.600000 0.005408
2.976667 0.329268 -0.005242 -0.001558 0.600000 0.005469
3.103333 0.329268 -0.004751 -0.001440 0.600000 0.004964
3.230000 0.329268 0.001061 -0.002994 0.600000 0.003176
3.356667 0.329268 -0.005928 0.014426 0.600000 0.015596
3.483333 0.329268 -0.007857 -0.000580 0.600000 0.007879
3.610000 0.329268 -0.001851 0.004071 0.600000 0.004472
3.736667 0.329268 0.000000 0.000000 0.000000 0.000000
0.063333 0.343902 0.000000 0.000000 0.000000 0.000000
0.190000 0.343902 -0.003097 0.008160 0.600000 0.008728
0.316667 0.343902 -0.004672 0.000606 0.600000 0.004711
0.443333 0.343902 -0.012254 0.000879 0.600000 0.012286
0.570000 0.343902 -0.013586 -0.001809 0.600000 0.013706
0.696667 0.343902 -0.009702 0.003873 0.600000 0.010446
0.823333 0.343902 -0.020109 -0.007768 0.600000 0.021557
0.950000 0.343902 -0.021063 -0.005253 0.600000 0.021708
1.076667 0.343902 -0.018854 -0.002888 0.600000 0.019074
1.203333 0.343902 -0.014375 -0.007512 0.600000 0.016220
1.330000 0.343902 -0.005530 -0.005193 0.600000 0.007586
1.456667 0.343902 -0.002157 -0.006333 0.600000 0.006690
1.583333 0.343902 0.005403 -0.000154 0.600000 0.005405
1.710000 0.343902 0.011873 -0.004534 0.600000 0.012709
1.836667 0.343902 0.007316 0.000611 0.600000 0.007342
1.963333 0.343902 0.000243 -0.001261 0.600000 0.001284
2.090000 0.343902 0.001729 -0.000998 0.600000 0.001996
2.216667 0.343902 0.001790 -0.000088 0.600000 0.001793
2.343333 0.343902 0.003353 -0.003638 0.600000 0.004948
2.470000 0.343902 0.004819 -0.004086 0.600000 0.006318
2.596667 0.343902 -0.000598 0.004209 0.600000 0.004251
2.723333 0.343902 0.000953 0.001694 0.600000 0.001944
2.850000 0.343902 0.003161 0.003017 0.600000 0.004370
2.976667 0.343902 -0.006681 -0.002399 0.600000 0.007098
3.103333 0.343902 -0.006481 -0.001048 0.600000 0.006565
3.230000 0.343902 0.001384 -0.001551 0.600000 0.002079
3.356667 0.343902 -0.005045 0.016085 0.600000 0.016857
3.483333 0.343902 -0.007114 -0.001335 0.600000 0.007238
3.610000 0.343902 -0.001469 0.003141 0.600000 0.003467
3.736667 0.343902 0.000000 0.000000 0.000000 0.000000
0.063333 0.358537 0.000000 0.000000 0.000000 0.000000
0.190000 0.358537 -0.003180 0.008690 0.600000 0.009254
0.316667 0.358537 -0.004894 0.001090 0.600000 0.005014
0.443333 0.358537 -0.012571 0.001220 0.600000 0.012630
0.570000 0.358537 -0.014536 -0.001733 0.600000 0.014639
0.696667 0.358537 -0.013496 0.005209 0.600000 0.014466
0.823333 0.358537 -0.023333 -0.007704 0.599992 0.024572
0.950000 0.358537 -0.021953 -0.005180 0.600000 0.022556
1.076667 0.358537 -0.021014 -0.001789 0.600000 0.021090
1.203333 0.358537 -0.016605 -0.008171 0.600000 0.018507
1.330000 0.358537 -0.005719 -0.004669 0.600000 0.007382
1.456667 0.358537 -0.001864 -0.005912 0.600000 0.006199
1.583333 0.358537 0.003732 0.000491 0.600000 0.003764
1.710000 0.358537 0.011016 -0.005267 0.600000 0.012210
1.836667 0.358537 0.006920 0.001071 0.600000 0.007002
1.963333 0.358537 -0.002601 -0.001038 0.600000 0.002801
2.090000 0.358537 -0.001277 -0.000601 0.600000 0.001411
2.216667 0.358537 -0.001270 0.000281 0.600000 0.001301
2.343333 0.358537 0.000044 -0.004262 0.600000 0.004263
2.470000 0.358537 0.004033 -0.005443 0.600000 0.006774
2.596667 0.358537 -0.001582 0.005206 0.600000 0.005441
2.723333 0.358537 -0.000027 0.002289 0.600000 0.002289
2.850000 0.358537 0.004130 0.003050 0.600000 0.005134
2.976667 0.358537 -0.007290 -0.002950 0.600000 0.007865
3.103333 0.358537 -0.007697 -0.000763 0.600000 0.007735
3.230000 0.358537 0.001574 -0.000122 0.600000 0.001579
3.356667 0.358537 -0.003927 0.017699 0.600000 0.018129
3.483333 0.358537 -0.006214 -0.002061 0.600000 0.006547
3.610000 0.358537 -0.001297 0.002283 0.600000 0.002625
3.736667 0.358537 0.000000 0.000000 0.000000 0.000000
0.063333 0.373171 0.000000 0.000000 0.000000 0.000000
0.190000 0.373171 -0.003240 0.009180 0.600000 0.009735
0.316667 0.373171 -0.004975 0.001433 0.600000 0.005177
0.443333 0.373171 -0.012325 0.001566 0.600000 0.012424
0.570000 0.373171 -0.014976 -0.000911 0.600000 0.015003
0.696667 0.373171 -0.017380 0.007465 0.599995 0.018915
0.823333 0.373171 -0.026741 -0.008024 0.599880 0.027919
0.950000 0.373171 -0.022699 -0.004858 0.599998 0.023213
1.076667 0.373171 -0.019878 -0.000612 0.600000 0.019888
1.203333 0.373171 -0.015754 -0.008368 0.599999 0.017838
1.330000 0.373171 -0.006333 -0.004279 0.600000 0.007643
1.456667 0.373171 -0.001959 -0.005140 0.600000 0.005500
1.583333 0.373171 0.001995 0.000908 0.600000 0.002192
1.710000 0.373171 0.010063 -0.006105 0.599999 0.011770
1.836667 0.373171 0.007684 0.001968 0.600000 0.007932
1.963333 0.373171 -0.002079 -0.000770 0.600000 0.002217
2.090000 0.373171 -0.000493 -0.000014 0.600000 0.000493
2.216667 0.373171 -0.000522 0.000745 0.600000 0.000909
2.343333 0.373171 0.000411 -0.004949 0.599999 0.004966
2.470000 0.373171 0.004826 -0.007124 0.599999 0.008605
2.596667 0.373171 -0.000293 0.006413 0.600000 0.006420
2.723333 0.373171 0.001326 0.002850 0.600000 0.003144
2.850000 0.373171 0.005287 0.003035 0.600000 0.006096
2.976667 0.373171 -0.005786 -0.003241 0.599997 0.006632
3.103333 0.373171 -0.006830 -0.000236 0.600000 0.006834
3.230000 0.373171 0.001703 0.001371 0.600000 0.002186
3.356667 0.373171 -0.002716 0.019190 0.600000 0.019382
3.483333 0.373171 -0.005139 -0.002672 0.600000 0.005792
3.610000 0.373171 -0.001097 0.001475 0.600000 0.001839
3.736667 0.373171 0.000000 0.000000 0.000000 0.000000
0.063333 0.387805 0.000000 0.000000 0.000000 0.000000
0.190000 0.387805 -0.003204 0.009624 0.600000 0.010144
0.316667 0.387805 -0.004714 0.001601 0.600000 0.004979
0.443333 0.387805 -0.011630 0.001893 0.600000 0.011783
0.570000 0.387805 -0.015157 0.000914 0.599999 0.015184
0.696667 0.387805 -0.021003 0.010779 0.599912 0.023607
0.823333 0.387805 -0.029596 -0.008649 0.598764 0.030834
0.950000 0.387805 -0.023006 -0.004520 0.599978 0.023446
1.076667 0.387805 -0.018267 0.000450 0.599999 0.018273
1.203333 0.387805 -0.014369 -0.007623 0.599992 0.016266
1.330000 0.387805 -0.007177 -0.003841 0.600000 0.008140
1.456667 0.387805 -0.004054 -0.003934 0.599999 0.005649
1.583333 0.387805 -0.001572 0.000361 0.600000 0.001613
1.710000 0.387805 0.008900 -0.007024 0.599993 0.011338
1.836667 0.387805 0.008531 0.003024 0.600000 0.009051
1.963333 0.387805 -0.001467 -0.000620 0.599999 0.001593
2.090000 0.387805 0.000583 0.000907 0.599996 0.001078
2.216667 0.387805 0.000780 0.001196 0.600000 0.001428
2.343333 0.387805 0.001009 -0.005635 0.599989 0.005725
2.470000 0.387805 0.005472 -0.009059 0.599995 0.010583
2.596667 0.387805 0.001114 0.007720 0.599998 0.007800
2.723333 0.387805 0.002743 0.003530 0.599999 0.004470
2.850000 0.387805 0.006177 0.002961 0.600000 0.006850
2.976667 0.387805 -0.004299 -0.003523 0.599955 0.005558
3.103333 0.387805 -0.005494 0.000820 0.599986 0.005555
3.230000 0.387805 0.002074 0.003037 0.600000 0.003678
3.356667 0.387805 -0.001797 0.020566 0.600000 0.020644
3.483333 0.387805 -0.004267 -0.003183 0.600000 0.005324
3.610000 0.387805 -0.000855 0.000728 0.600000 0.001123
3.736667 0.387805 0.000000 0.000000 0.000000 0.000000
0.063333 0.402439 0.000000 0.000000 0.000000 0.000000
0.190000 0.402439 -0.002517 0.009947 0.600000 0.010261
0.316667 0.402439 -0.003039 0.001560 0.599999 0.003417
0.443333 0.402439 -0.008329 0.002075 0.599986 0.008583
0.570000 0.402439 -0.012223 0.004116 0.599977 0.012898
0.696667 0.402439 -0.019377 0.015306 0.599227 0.024693
0.823333 0.402439 -0.027371 -0.008852 0.592508 0.028767
0.950000 0.402439 -0.021138 -0.004445 0.599755 0.021600
1.076667 0.402439 -0.018158 0.002219 0.599925 0.018294
1.203333 0.402439 -0.015749 -0.006157 0.599928 0.016909
1.330000 0.402439 -0.008448 -0.003020 0.599999 0.008972
1.456667 0.402439 -0.007563 -0.001924 0.599975 0.007804
1.583333 0.402439 -0.006478 -0.000374 0.599992 0.006489
1.710000 0.402439 0.007713 -0.008029 0.599834 0.011133
1.836667 0.402439 0.010164 0.004134 0.599996 0.010973
1.963333 0.402439 -0.000601 -0.000619 0.599933 0.000863
2.090000 0.402439 0.002306 0.002241 0.599704 0.003215
2.216667 0.402439 0.002856 0.001750 0.599975 0.003350
2.343333 0.402439 0.001908 -0.006279 0.599905 0.006562
2.470000 0.402439 0.007570 -0.011422 0.599967 0.013703
2.596667 0.402439 0.004817 0.009374 0.599944 0.010540
2.723333 0.402439 0.005750 0.004429 0.599975 0.007258
2.850000 0.402439 0.006338 0.003013 0.599999 0.007017
2.976667 0.402439 -0.003232 -0.004163 0.599603 0.005270
3.103333 0.402439 -0.002901 0.002652 0.599609 0.003930
3.230000 0.402439 0.002741 0.005132 0.599996 0.005818
3.356667 0.402439 -0.000812 0.021811 0.600000 0.021826
3.483333 0.402439 -0.003235 -0.003615 0.600000 0.004851
3.610000 0.402439 -0.000577 0.000057 0.600000 0.000580
3.736667 0.402439 0.000000 0.000000 0.000000 0.000000
0.063333 0.417073 0.000000 0.000000 0.000000 0.000000
0.190000 0.417073 -0.001703 0.010066 0.600000 0.010209
0.316667 0.417073 -0.001417 0.001372 0.599972 0.001973
0.443333 0.417073 -0.009212 0.002369 0.596692 0.009512
0.570000 0.417073 -0.011319 0.003944 0.555246 0.011986
0.696667 0.417073 0.005650 0.013533 0.565882 0.014664
0.823333 0.417073 0.008062 -0.007052 0.558434 0.010711
0.950000 0.417073 -0.001437 -0.004809 0.559855 0.005019
1.076667 0.417073 -0.000118 0.001351 0.562122 0.001356
1.203333 0.417073 -0.000845 -0.005367 0.556901 0.005433
1.330000 0.417073 -0.002120 -0.003425 0.563042 0.004028
1.456667 0.417073 0.001284 -0.002180 0.563460 0.002530
1.583333 0.417073 0.007592 -0.002321 0.565556 0.007939
1.710000 0.417073 0.009798 -0.008549 0.562812 0.013004
1.836667 0.417073 0.005993 0.004538 0.598621 0.007517
1.963333 0.417073 -0.011187 0.000621 0.595737 0.011204
2.090000 0.417073 -0.018450 0.000910 0.564195 0.018472
2.216667 0.417073 -0.011424 0.000083 0.567738 0.011425
2.343333 0.417073 -0.007644 -0.006547 0.563473 0.010065
2.470000 0.417073 -0.017137 -0.011703 0.561761 0.020752
2.596667 0.417073 -0.022944 0.007045 0.563206 0.024001
2.723333 0.417073 -0.015960 0.003091 0.559157 0.016257
2.850000 0.417073 -0.010605 0.001685 0.562986 0.010738
2.976667 0.417073 -0.015126 -0.004301 0.555984 0.015726
3.103333 0.417073 -0.015459 0.001669 0.561769 0.015549
3.230000 0.417073 -0.001427 0.004502 0.559053 0.004723
3.356667 0.417073 0.001111 0.022631 0.597974 0.022658
3.483333 0.417073 -0.001808 -0.003924 0.599997 0.004320
3.610000 0.417073 -0.000274 -0.000525 0.600000 0.000592
3.736667 0.417073 0.000000 0.000000 0.000000 0.000000
0.063333 0.431707 0.000000 0.000000 0.000000 0.000000
0.190000 0.431707 -0.001295 0.010018 0.600000 0.010101
0.316667 0.431707 -0.000806 0.001123 0.599998 0.001382
0.443333 0.431707 -0.003546 0.002378 0.599492 0.004269
0.570000 0.431707 -0.003773 0.001143 0.299128 0.003943
0.696667 0.431707 0.003297 0.008318 0.297228 0.008948
0.823333 0.431707 0.005193 -0.005233 0.299961 0.007372
0.950000 0.431707 -0.000212 -0.004819 0.299991 0.004824
1.076667 0.431707 0.000259 -0.000605 0.299998 0.000658
1.203333 0.431707 0.000033 -0.005813 0.300000 0.005813
1.330000 0.431707 -0.000722 -0.003896 0.300000 0.003962
1.456667 0.431707 0.000584 -0.003478 0.300000 0.003527
1.583333 0.431707 0.004066 -0.003695 0.299993 0.005494
1.710000 0.431707 0.004621 -0.004810 0.300000 0.006670
1.836667 0.431707 0.002761 0.004115 0.599781 0.004955
1.963333 0.431707 -0.005589 0.002166 0.599696 0.005994
2.090000 0.431707 -0.007414 -0.001195 0.299999 0.007510
2.216667 0.431707 -0.007371 -0.001118 0.299940 0.007455
2.343333 0.431707 -0.005302 -0.005696 0.299955 0.007781
2.470000 0.431707 -0.010453 -0.009806 0.299969 0.014332
2.596667 0.431707 -0.013437 0.003356 0.299277 0.013850
2.723333 0.431707 -0.010324 0.001186 0.299737 0.010391
2.850000 0.431707 -0.007078 0.000693 0.299947 0.007112
2.976667 0.431707 -0.009032 -0.004172 0.299999 0.009949
3.103333 0.431707 -0.008986 -0.000376 0.299974 0.008994
3.230000 0.431707 -0.003036 0.004686 0.299211 0.005584
3.356667 0.431707 -0.002192 0.022781 0.599066 0.022887
3.483333 0.431707 -0.000613 -0.004105 0.599997 0.004151
3.610000 0.431707 0.000019 -0.001012 0.600000 0.001013
3.736667 0.431707 0.000000 0.000000 0.000000 0.000000
0.063333 0.446341 0.000000 0.000000 0.000000 0.000000
0.190000 0.446341 -0.000871 0.009854 0.600000 0.009892
0.316667 0.446341 -0.000199 0.000840 0.600000 0.000863
0.443333 0.446341 -0.002950 0.001775 0.599955 0.003443
0.570000 0.446341 -0.001642 -0.000196 0.299982 0.001654
0.696667 0.446341 0.002485 0.009838 0.299269 0.010146
0.823333 0.446341 0.001671 -0.006597 0.299993 0.006805
0.950000 0.446341 -0.000748 -0.006157 0.300000 0.006202
1.076667 0.446341 -0.000763 -0.001233 0.300000 0.001450
1.203333 0.446341 -0.000422 -0.008242 0.300000 0.008253
1.330000 0.446341 -0.000320 -0.004997 0.300000 0.005007
1.456667 0.446341 -0.000346 -0.004990 0.300000 0.005002
1.583333 0.446341 0.003016 -0.005331 0.300000 0.006125
1.710000 0.446341 0.003963 -0.004217 0.300000 0.005787
1.836667 0.446341 0.000630 0.003623 0.599985 0.003677
1.963333 0.446341 -0.008894 0.002582 0.599983 0.009262
2.090000 0.446341 -0.008294 -0.002351 0.300000 0.008621
2.216667 0.446341 -0.008925 -0.001043 0.299993 0.008986
2.343333 0.446341 -0.008090 -0.006789 0.299998 0.010561
2.470000 0.446341 -0.009397 -0.011619 0.299998 0.014943
2.596667 0.446341 -0.011242 0.003153 0.299942 0.011676
2.723333 0.446341 -0.010692 0.000906 0.299993 0.010730
2.850000 0.446341 -0.007348 0.001089 0.299995 0.007428
2.976667 0.446341 -0.007824 -0.005629 0.300000 0.009638
3.103333 0.446341 -0.011136 -0.001013 0.299999 0.011182
3.230000 0.446341 -0.006689 0.006901 0.299940 0.009611
3.356667 0.446341 -0.002171 0.022046 0.599734 0.022153
3.483333 0.446341 0.000149 -0.004219 0.599999 0.004222
3.610000 0.446341 0.000309 -0.001406 0.600000 0.001440
3.736667 0.446341 0.000000 0.000000 0.000000 0.000000
0.063333 0.460976 0.000000 0.000000 0.000000 0.000000
0.190000 0.460976 -0.000455 0.009576 0.600000 0.009586
0.316667 0.460976 0.000421 0.000528 0.600000 0.000676
0.443333 0.460976 -0.002266 0.001202 0.599997 0.002566
0.570000 0.460976 -0.001590 -0.001785 0.300000 0.002391
0.696667 0.460976 0.002330 0.008445 0.299875 0.008761
0.823333 0.460976 0.002501 -0.006175 0.299999 0.006662
0.950000 0.460976 0.000569 -0.005763 0.300000 0.005791
1.076667 0.460976 0.001434 -0.001693 0.300000 0.002219
1.203333 0.460976 0.001286 -0.008417 0.300000 0.008515
1.330000 0.460976 -0.000139 -0.004748 0.300000 0.004751
1.456667 0.460976 0.000028 -0.004958 0.300000 0.004958
1.583333 0.460976 0.003294 -0.005490 0.300000 0.006403
1.710000 0.460976 0.003837 -0.004376 0.300000 0.005819
1.836667 0.460976 -0.000400 0.003201 0.600000 0.003226
1.963333 0.460976 -0.009993 0.002834 0.599999 0.010387
2.090000 0.460976 -0.009284 -0.003064 0.300000 0.009776
2.216667 0.460976 -0.010111 -0.000614 0.299999 0.010130
2.343333 0.460976 -0.009184 -0.005926 0.300000 0.010930
2.470000 0.460976 -0.010486 -0.009896 0.300000 0.014418
2.596667 0.460976 -0.012176 0.001869 0.299998 0.012319
2.723333 0.460976 -0.011799 0.000261 0.300000 0.011802
2.850000 0.460976 -0.008427 0.001174 0.300000 0.008508
2.976667 0.460976 -0.008418 -0.005583 0.300000 0.010101
3.103333 0.460976 -0.011369 -0.001445 0.300000 0.011461
3.230000 0.460976 -0.007008 0.006007 0.299997 0.009230
3.356667 0.460976 -0.002042 0.021014 0.599949 0.021113
3.483333 0.460976 0.000956 -0.004301 0.600000 0.004406
3.610000 0.460976 0.000601 -0.001711 0.600000 0.001813
3.736667 0.460976 0.000000 0.000000 0.000000 0.000000
0.063333 0.475610 0.000000 0.000000 0.000000 0.000000
0.190000 0.475610 -0.000006 0.009183 0.600000 0.009183
0.316667 0.475610 0.001172 0.000183 0.600000 0.001186
0.443333 0.475610 -0.001569 0.000694 0.600000 0.001716
0.570000 0.475610 -0.001496 -0.002926 0.300000 0.003286
0.696667 0.475610 0.002403 0.007250 0.299985 0.007638
0.823333 0.475610 0.003462 -0.005780 0.300000 0.006738
0.950000 0.475610 0.001928 -0.005311 0.300000 0.005651
1.076667 0.475610 0.003195 -0.002170 0.300000 0.003862
1.203333 0.475610 0.002592 -0.008128 0.300000 0.008531
1.330000 0.475610 0.000103 -0.004462 0.300000 0.004463
1.456667 0.475610 0.000790 -0.004288 0.300000 0.004360
1.583333 0.475610 0.003890 -0.004918 0.300000 0.006270
1.710000 0.475610 0.003609 -0.004513 0.300000 0.005778
1.836667 0.475610 -0.001288 0.002765 0.600000 0.003050
1.963333 0.475610 -0.010969 0.002956 0.600000 0.011360
2.090000 0.475610 -0.010220 -0.003472 0.300000 0.010794
2.216667 0.475610 -0.011188 -0.000293 0.300000 0.011191
2.343333 0.475610 -0.010093 -0.005125 0.300000 0.011319
2.470000 0.475610 -0.011585 -0.008451 0.300000 0.014340
2.596667 0.475610 -0.013239 0.000922 0.300000 0.013271
2.723333 0.475610 -0.012852 -0.000196 0.300000 0.012854
2.850000 0.475610 -0.009500 0.001176 0.300000 0.009573
2.976667 0.475610 -0.009110 -0.005436 0.300000 0.010609
3.103333 0.475610 -0.011701 -0.001694 0.300000 0.011823
3.230000 0.475610 -0.007423 0.005223 0.300000 0.009076
3.356667 0.475610 -0.001900 0.019747 0.599993 0.019838
3.483333 0.475610 0.002015 -0.004339 0.600000 0.004784
3.610000 0.475610 0.001015 -0.001908 0.600000 0.002161
3.736667 0.475610 0.000000 0.000000 0.000000 0.000000
0.063333 0.490244 0.000000 0.000000 0.000000 0.000000
0.190000 0.490244 0.000823 0.008632 0.600000 0.008671
0.316667 0.490244 0.002881 -0.000206 0.600000 0.002888
0.443333 0.490244 -0.000020 0.000583 0.600000 0.000583
0.570000 0.490244 -0.001221 -0.003677 0.300000 0.003874
0.696667 0.490244 0.003220 0.006151 0.299999 0.006943
0.823333 0.490244 0.005020 -0.005323 0.300000 0.007317
0.950000 0.490244 0.003688 -0.004886 0.300000 0.006122
1.076667 0.490244 0.004510 -0.002466 0.300000 0.005140
1.203333 0.490244 0.003058 -0.007587 0.300000 0.008180
1.330000 0.490244 0.000479 -0.004104 0.300000 0.004132
1.456667 0.490244 0.001359 -0.003507 0.300000 0.003761
1.583333 0.490244 0.004225 -0.004047 0.300000 0.005851
1.710000 0.490244 0.003067 -0.004493 0.300000 0.005440
1.836667 0.490244 -0.002667 0.002265 0.600000 0.003499
1.963333 0.490244 -0.011963 0.002982 0.600000 0.012329
2.090000 0.490244 -0.011173 -0.003628 0.300000 0.011748
2.216667 0.490244 -0.012273 -0.000059 0.300000 0.012274
2.343333 0.490244 -0.010972 -0.004389 0.300000 0.011817
2.470000 0.490244 -0.012689 -0.007147 0.300000 0.014563
2.596667 0.490244 -0.014342 0.000242 0.300000 0.014344
2.723333 0.490244 -0.013885 -0.000487 0.300000 0.013893
2.850000 0.490244 -0.010635 0.001124 0.300000 0.010694
2.976667 0.490244 -0.009895 -0.005217 0.300000 0.011186
3.103333 0.490244 -0.011935 -0.001781 0.300000 0.012068
3.230000 0.490244 -0.007630 0.004428 0.300000 0.008822
3.356667 0.490244 -0.001470 0.018037 0.599999 0.018096
3.483333 0.490244 0.003158 -0.004308 0.600000 0.005342
3.610000 0.490244 0.001384 -0.001975 0.600000 0.002412
3.736667 0.490244 0.000000 0.000000 0.000000 0.000000
0.063333 0.504878 0.000000 0.000000 0.000000 0.000000
0.190000 0.504878 0.001714 0.007872 0.600000 0.008056
0.316667 0.504878 0.004062 -0.000577 0.600000 0.004102
0.443333 0.504878 0.001119 0.000956 0.600000 0.001472
0.570000 0.504878 -0.000845 -0.004035 0.300000 0.004123
0.696667 0.504878 0.003971 0.005044 0.300000 0.006419
0.823333 0.504878 0.006456 -0.004721 0.300000 0.007998
0.950000 0.504878 0.005093 -0.004495 0.300000 0.006793
1.076667 0.504878 0.005613 -0.002493 0.300000 0.006141
1.203333 0.504878 0.003630 -0.006916 0.300000 0.007811
1.330000 0.504878 0.000966 -0.003667 0.300000 0.003792
1.456667 0.504878 0.001611 -0.002896 0.300000 0.003314
1.583333 0.504878 0.004093 -0.003290 0.300000 0.005252
1.710000 0.504878 0.002616 -0.004262 0.300000 0.005001
1.836667 0.504878 -0.003837 0.001670 0.600000 0.004184
1.963333 0.504878 -0.013092 0.002933 0.600000 0.013416
2.090000 0.504878 -0.012163 -0.003581 0.300000 0.012680
2.216667 0.504878 -0.013424 0.000110 0.300000 0.013425
2.343333 0.504878 -0.011977 -0.003711 0.300000 0.012539
2.470000 0.504878 -0.013879 -0.005945 0.300000 0.015099
2.596667 0.504878 -0.015495 -0.000222 0.300000 0.015497
2.723333 0.504878 -0.014943 -0.000637 0.300000 0.014956
2.850000 0.504878 -0.011809 0.001027 0.300000 0.011854
2.976667 0.504878 -0.010827 -0.004943 0.300000 0.011902
3.103333 0.504878 -0.012338 -0.001746 0.300000 0.012461
3.230000 0.504878 -0.007802 0.003491 0.300000 0.008548
3.356667 0.504878 -0.000783 0.015693 0.600000 0.015713
3.483333 0.504878 0.004211 -0.004157 0.600000 0.005917
3.610000 0.504878 0.001598 -0.001932 0.600000 0.002507
3.736667 0.504878 0.000000 0.000000 0.000000 0.000000
0.063333 0.519512 0.000000 0.000000 0.000000 0.000000
0.190000 0.519512 0.002413 0.006915 0.600000 0.007324
0.316667 0.519512 0.004595 -0.000833 0.600000 0.004670
0.443333 0.519512 0.001381 0.001331 0.600000 0.001918
0.570000 0.519512 -0.000717 -0.004044 0.300000 0.004107
0.696667 0.519512 0.004148 0.003988 0.300000 0.005754
0.823333 0.519512 0.007363 -0.004034 0.300000 0.008396
0.950000 0.519512 0.005945 -0.004019 0.300000 0.007176
1.076667 0.519512 0.006200 -0.002340 0.300000 0.006626
1.203333 0.519512 0.004236 -0.006100 0.300000 0.007427
1.330000 0.519512 0.001793 -0.003196 0.300000 0.003664
1.456667 0.519512 0.002273 -0.002323 0.300000 0.003250
1.583333 0.519512 0.004022 -0.002640 0.300000 0.004811
1.710000 0.519512 0.002413 -0.003887 0.300000 0.004575
1.836667 0.519512 -0.005568 0.001189 0.600000 0.005693
1.963333 0.519512 -0.015298 0.002694 0.600000 0.015534
2.090000 0.519512 -0.013486 -0.003326 0.300000 0.013890
2.216667 0.519512 -0.014891 0.000194 0.300000 0.014893
2.343333 0.519512 -0.013308 -0.003036 0.300000 0.013650
2.470000 0.519512 -0.015473 -0.004864 0.300000 0.016219
2.596667 0.519512 -0.016946 -0.000486 0.300000 0.016953
2.723333 0.519512 -0.016184 -0.000720 0.300000 0.016200
2.850000 0.519512 -0.012911 0.000891 0.300000 0.012942
2.976667 0.519512 -0.012167 -0.004562 0.300000 0.012994
3.103333 0.519512 -0.013329 -0.001634 0.300000 0.013429
3.230000 0.519512 -0.008142 0.002532 0.300000 0.008526
3.356667 0.519512 0.000043 0.012987 0.600000 0.012987
3.483333 0.519512 0.005488 -0.003840 0.600000 0.006698
3.610000 0.519512 0.001870 -0.001790 0.600000 0.002588
3.736667 0.519512 0.000000 0.000000 0.000000 0.000000
0.063333 0.534146 0.000000 0.000000 0.000000 0.000000
0.190000 0.534146 0.003166 0.005774 0.600000 0.006585
0.316667 0.534146 0.005233 -0.000945 0.600000 0.005317
0.443333 0.534146 0.001690 0.001456 0.600000 0.002231
0.570000 0.534146 -0.000660 -0.003747 0.300000 0.003805
0.696667 0.534146 0.004284 0.003034 0.300000 0.005250
0.823333 0.534146 0.008255 -0.003312 0.300000 0.008895
0.950000 0.534146 0.006770 -0.003392 0.300000 0.007572
1.076667 0.534146 0.006867 -0.002046 0.300000 0.007166
1.203333 0.534146 0.004898 -0.005117 0.300000 0.007083
1.330000 0.534146 0.002420 -0.002703 0.300000 0.003628
1.456667 0.534146 0.002779 -0.001747 0.300000 0.003283
1.583333 0.534146 0.004069 -0.002056 0.300000 0.004559
1.710000 0.534146 0.002215 -0.003369 0.300000 0.004032
1.836667 0.534146 -0.007079 0.000947 0.600000 0.007142
1.963333 0.534146 -0.017126 0.002198 0.600000 0.017266
2.090000 0.534146 -0.014621 -0.002859 0.300000 0.014898
2.216667 0.534146 -0.016130 0.000182 0.300000 0.016131
2.343333 0.534146 -0.014353 -0.002332 0.300000 0.014541
2.470000 0.534146 -0.016890 -0.003879 0.300000 0.017329
2.596667 0.534146 -0.018337 -0.000572 0.300000 0.018346
2.723333 0.534146 -0.017294 -0.000777 0.300000 0.017312
2.850000 0.534146 -0.013916 0.000742 0.300000 0.013935
2.976667 0.534146 -0.013188 -0.003872 0.300000 0.013745
3.103333 0.534146 -0.014125 -0.001453 0.300000 0.014199
3.230000 0.534146 -0.008537 0.001734 0.300000 0.008711
3.356667 0.534146 0.000968 0.010096 0.600000 0.010143
3.483333 0.534146 0.006897 -0.003332 0.600000 0.007659
3.610000 0.534146 0.002120 -0.001547 0.600000 0.002624
3.736667 0.534146 0.000000 0.000000 0.000000 0.000000
0.063333 0.548780 0.000000 0.000000 0.000000 0.000000
0.190000 0.548780 0.004017 0.004430 0.600000 0.005981
0.316667 0.548780 0.006014 -0.000903 0.600000 0.006082
0.443333 0.548780 0.002096 0.001349 0.600000 0.002493
0.570000 0.548780 -0.000635 -0.003130 0.300000 0.003193
0.696667 0.548780 0.004497 0.002148 0.300000 0.004983
0.823333 0.548780 0.009263 -0.002525 0.300000 0.009601
0.950000 0.548780 0.007587 -0.002619 0.300000 0.008026
1.076667 0.548780 0.007597 -0.001616 0.300000 0.007767
1.203333 0.548780 0.005649 -0.003946 0.300000 0.006890
1.330000 0.548780 0.002778 -0.002114 0.300000 0.003491
1.456667 0.548780 0.003294 -0.001228 0.300000 0.003515
1.583333 0.548780 0.004465 -0.001475 0.300000 0.004702
1.710000 0.548780 0.001990 -0.002653 0.300000 0.003316
1.836667 0.548780 -0.007796 0.000789 0.600000 0.007836
1.963333 0.548780 -0.018024 0.001599 0.600000 0.018095
2.090000 0.548780 -0.015434 -0.002235 0.300000 0.015595
2.216667 0.548780 -0.017021 0.000129 0.300000 0.017022
2.343333 0.548780 -0.015024 -0.001640 0.300000 0.015113
2.470000 0.548780 -0.017982 -0.002877 0.300000 0.018211
2.596667 0.548780 -0.019512 -0.000538 0.300000 0.019520
2.723333 0.548780 -0.018206 -0.000740 0.300000 0.018222
2.850000 0.548780 -0.014838 0.000581 0.300000 0.014849
2.976667 0.548780 -0.013891 -0.002835 0.300000 0.014178
3.103333 0.548780 -0.014626 -0.001178 0.300000 0.014673
3.230000 0.548780 -0.008663 0.001139 0.300000 0.008738
3.356667 0.548780 0.001961 0.007135 0.600000 0.007400
3.483333 0.548780 0.007957 -0.002636 0.600000 0.008382
3.610000 0.548780 0.002303 -0.001212 0.600000 0.002603
3.736667 0.548780 0.000000 0.000000 0.000000 0.000000
0.063333 0.563415 0.000000 0.000000 0.000000 0.000000
0.190000 0.563415 0.005006 0.002853 0.600000 0.005762
0.316667 0.563415 0.006971 -0.000689 0.600000 0.007005
0.443333 0.563415 0.002629 0.000999 0.600000 0.002813
0.570000 0.563415 -0.000617 -0.002158 0.300000 0.002245
0.696667 0.563415 0.004818 0.001291 0.300000 0.004988
0.823333 0.563415 0.010427 -0.001631 0.300000 0.010554
0.950000 0.563415 0.008410 -0.001692 0.300000 0.008579
1.076667 0.563415 0.008389 -0.001061 0.300000 0.008456
1.203333 0.563415 0.006451 -0.002559 0.300000 0.006940
1.330000 0.563415 0.003174 -0.001379 0.300000 0.003461
1.456667 0.563415 0.003619 -0.000770 0.300000 0.003700
1.583333 0.563415 0.004736 -0.000870 0.300000 0.004815
1.710000 0.563415 0.001774 -0.001722 0.300000 0.002472
1.836667 0.563415 -0.008740 0.000572 0.600000 0.008758
1.963333 0.563415 -0.018955 0.000988 0.600000 0.018981
2.090000 0.563415 -0.016294 -0.001469 0.300000 0.016360
2.216667 0.563415 -0.018007 0.000077 0.300000 0.018007
2.343333 0.563415 -0.015773 -0.000977 0.300000 0.015804
2.470000 0.563415 -0.019114 -0.001795 0.300000 0.019198
2.596667 0.563415 -0.020699 -0.000404 0.300000 0.020703
2.723333 0.563415 -0.019156 -0.000555 0.300000 0.019164
2.850000 0.563415 -0.015754 0.000383 0.300000 0.015758
2.976667 0.563415 -0.014626 -0.001697 0.300000 0.014724
3.103333 0.563415 -0.015235 -0.000798 0.300000 0.015256
3.230000 0.563415 -0.008854 0.000651 0.300000 0.008878
3.356667 0.563415 0.003082 0.004251 0.600000 0.005250
3.483333 0.563415 0.009207 -0.001750 0.600000 0.009372
3.610000 0.563415 0.002498 -0.000790 0.600000 0.002620
3.736667 0.563415 0.000000 0.000000 0.000000 0.000000
0.063333 0.578049 0.000000 0.000000 0.000000 0.000000
0.190000 0.578049 0.006176 0.001001 0.600000 0.006256
0.316667 0.578049 0.008126 -0.000268 0.600000 0.008131
0.443333 0.578049 0.003269 0.000381 0.600000 0.003291
0.570000 0.578049 -0.000605 -0.000790 0.300000 0.000994
0.696667 0.578049 0.005276 0.000432 0.300000 0.005294
0.823333 0.578049 0.011756 -0.000576 0.300000 0.011770
0.950000 0.578049 0.009207 -0.000594 0.300000 0.009227
1.076667 0.578049 0.009227 -0.000377 0.300000 0.009235
1.203333 0.578049 0.007251 -0.000903 0.300000 0.007307
1.330000 0.578049 0.003529 -0.000487 0.300000 0.003563
1.456667 0.578049 0.003679 -0.000272 0.300000 0.003689
1.583333 0.578049 0.004788 -0.000284 0.300000 0.004797
1.710000 0.578049 0.001548 -0.000604 0.300000 0.001661
1.836667 0.578049 -0.009904 0.000219 0.600000 0.009906
1.963333 0.578049 -0.019961 0.000338 0.600000 0.019964
2.090000 0.578049 -0.017235 -0.000523 0.300000 0.017243
2.216667 0.578049 -0.019058 0.000026 0.300000 0.019058
2.343333 0.578049 -0.016510 -0.000326 0.300000 0.016513
2.470000 0.578049 -0.020291 -0.000617 0.300000 0.020300
2.596667 0.578049 -0.021940 -0.000155 0.300000 0.021941
2.723333 0.578049 -0.020174 -0.000212 0.300000 0.020175
2.850000 0.578049 -0.016706 0.000136 0.300000 0.016706
2.976667 0.578049 -0.015407 -0.000569 0.300000 0.015418
3.103333 0.578049 -0.015944 -0.000289 0.300000 0.015947
3.230000 0.578049 -0.009132 0.000209 0.300000 0.009135
3.356667 0.578049 0.004289 0.001412 0.600000 0.004515
3.483333 0.578049 0.010633 -0.000627 0.600000 0.010651
3.610000 0.578049 0.002680 -0.000278 0.600000 0.002695
3.736667 0.578049 0.000000 0.000000 0.000000 0.000000
0.063333 0.592683 0.000000 0.000000 0.000000 0.000000
0.190000 0.592683 0.000000 0.000000 0.000000 0.000000
0.316667 0.592683 0.000000 0.000000 0.000000 0.000000
0.443333 0.592683 0.000000 0.000000 0.000000 0.000000
0.570000 0.592683 0.000000 0.000000 0.000000 0.000000
0.696667 0.592683 0.000000 0.000000 0.000000 0.000000
0.823333 0.592683 0.000000 0.000000 0.000000 0.000000
0.950000 0.592683 0.000000 0.000000 0.000000 0.000000
1.076667 0.592683 0.000000 0.000000 0.000000 0.000000
1.203333 0.592683 0.000000 0.000000 0.000000 0.000000
1.330000 0.592683 0.000000 0.000000 0.000000 0.000000
1.456667 0.592683 0.000000 0.000000 0.000000 0.000000
1.583333 0.592683 0.000000 0.000000 0.000000 0.000000
1.710000 0.592683 0.000000 0.000000 0.000000 0.000000
1.836667 0.592683 0.000000 0.000000 0.000000 0.000000
1.963333 0.592683 0.000000 0.000000 0.000000 0.000000
2.090000 0.592683 0.000000 0.000000 0.000000 0.000000
2.216667 0.592683 0.000000 0.000000 0.000000 0.000000
2.343333 0.592683 0.000000 0.000000 0.000000 0.000000
2.470000 0.592683 0.000000 0.000000 0.000000 0.000000
2.596667 0.592683 0.000000 0.000000 0.000000 0.000000
2.723333 0.592683 0.000000 0.000000 0.000000 0.000000
2.850000 0.592683 0.000000 0.000000 0.000000 0.000000
2.976667 0.592683 0.000000 0.000000 0.000000 0.000000
3.103333 0.592683 0.000000 0.000000 0.000000 0.000000
3.230000 0.592683 0.000000 0.000000 0.000000 0.000000
3.356667 0.592683 0.000000 0.000000 0.000000 0.000000
3.483333 0.592683 0.000000 0.000000 0.000000 0.000000
3.610000 0.592683 0.000000 0.000000 0.000000 0.000000
3.736667 0.592683 0.000000 0.000000 0.000000 0.000000
