TITLE="(Vx,Vy)"
VARIABLES=X,Y,Vx,Vy,Vm,V
ZONE T="T-Dummy" I=30, J=41, F=POINT
0.063333 0.007317 0.000000 0.000000 0.000000 0.000000
0.190000 0.007317 0.000000 0.000000 0.000000 0.000000
0.316667 0.007317 0.000000 0.000000 0.000000 0.000000
0.443333 0.007317 0.000000 0.000000 0.000000 0.000000
0.570000 0.007317 0.000000 0.000000 0.000000 0.000000
0.696667 0.007317 0.000000 0.000000 0.000000 0.000000
0.823333 0.007317 0.000000 0.000000 0.000000 0.000000
0.950000 0.007317 0.000000 0.000000 0.000000 0.000000
1.076667 0.007317 0.000000 0.000000 0.000000 0.000000
1.203333 0.007317 0.000000 0.000000 0.000000 0.000000
1.330000 0.007317 0.000000 0.000000 0.000000 0.000000
1.456667 0.007317 0.000000 0.000000 0.000000 0.000000
1.583333 0.007317 0.000000 0.000000 0.000000 0.000000
1.710000 0.007317 0.000000 0.000000 0.000000 0.000000
1.836667 0.007317 0.000000 0.000000 0.000000 0.000000
1.963333 0.007317 0.000000 0.000000 0.000000 0.000000
2.090000 0.007317 0.000000 0.000000 0.000000 0.000000
2.216667 0.007317 0.000000 0.000000 0.000000 0.000000
2.343333 0.007317 0.000000 0.000000 0.000000 0.000000
2.470000 0.007317 0.000000 0.000000 0.000000 0.000000
2.596667 0.007317 0.000000 0.000000 0.000000 0.000000
2.723333 0.007317 0.000000 0.000000 0.000000 0.000000
2.850000 0.007317 0.000000 0.000000 0.000000 0.000000
2.976667 0.007317 0.000000 0.000000 0.000000 0.000000
3.103333 0.007317 0.000000 0.000000 0.000000 0.000000
3.230000 0.007317 0.000000 0.000000 0.000000 0.000000
3.356667 0.007317 0.000000 0.000000 0.000000 0.000000
3.483333 0.007317 0.000000 0.000000 0.000000 0.000000
3.610000 0.007317 0.000000 0.000000 0.000000 0.000000
3.736667 0.007317 0.000000 0.000000 0.000000 0.000000
0.063333 0.021951 0.000000 0.000000 0.000000 0.000000
0.190000 0.021951 0.000000 -0.000000 0.900000 0.000000
0.316667 0.021951 0.000000 -0.000000 0.900000 0.000000
0.443333 0.021951 0.000000 -0.000000 0.900000 0.000000
0.570000 0.021951 0.000000 -0.000000 0.900000 0.000000
0.696667 0.021951 0.000000 -0.000000 0.900000 0.000000
0.823333 0.021951 0.000000 0.000000 0.900000 0.000000
0.950000 0.021951 -0.000000 0.000000 0.900000 0.000000
1.076667 0.021951 -0.000000 -0.000000 0.900000 0.000000
1.203333 0.021951 0.000000 0.000000 0.900000 0.000000
1.330000 0.021951 -0.000000 0.000000 0.900000 0.000000
1.456667 0.021951 -0.000000 -0.000000 0.900000 0.000000
1.583333 0.021951 -0.000000 0.000000 0.900000 0.000000
1.710000 0.021951 -0.000000 -0.000000 0.900000 0.000000
1.836667 0.021951 -0.000000 -0.000000 0.900000 0.000000
1.963333 0.021951 -0.000000 -0.000000 0.900000 0.000000
2.090000 0.021951 -0.000000 -0.000000 0.900000 0.000000
2.216667 0.021951 -0.000000 -0.000000 0.900000 0.000000
2.343333 0.021951 -0.000000 0.000000 0.900000 0.000000
2.470000 0.021951 -0.000000 -0.000000 0.900000 0.000000
2.596667 0.021951 -0.000000 0.000000 0.900000 0.000000
2.723333 0.021951 -0.000000 -0.000000 0.900000 0.000000
2.850000 0.021951 -0.000000 -0.000000 0.900000 0.000000
2.976667 0.021951 -0.000000 0.000000 0.900000 0.000000
3.103333 0.021951 -0.000000 -0.000000 0.900000 0.000000
3.230000 0.021951 -0.000000 -0.000000 0.900000 0.000000
3.356667 0.021951 0.000000 -0.000000 0.900000 0.000000
3.483333 0.021951 0.000000 0.000000 0.900000 0.000000
3.610000 0.021951 -0.000000 0.000000 0.900000 0.000000
3.736667 0.021951 0.000000 0.000000 0.000000 0.000000
0.063333 0.036585 0.000000 0.000000 0.000000 0.000000
0.190000 0.036585 0.000000 -0.000000 0.900000 0.000000
0.316667 0.036585 0.000000 -0.000000 0.900000 0.000000
0.443333 0.036585 0.000000 -0.000000 0.900000 0.000000
0.570000 0.036585 0.000000 -0.000000 0.900000 0.000000
0.696667 0.036585 -0.000000 -0.000000 0.900000 0.000000
0.823333 0.036585 -0.000000 0.000000 0.900000 0.000000
0.950000 0.036585 -0.000000 0.000000 0.900000 0.000000
1.076667 0.036585 -0.000000 -0.000000 0.900000 0.000000
1.203333 0.036585 -0.000000 0.000000 0.900000 0.000000
1.330000 0.036585 -0.000000 -0.000000 0.900000 0.000000
1.456667 0.036585 -0.000000 -0.000000 0.900000 0.000000
1.583333 0.036585 0.000000 0.000000 0.900000 0.000000
1.710000 0.036585 0.000000 -0.000000 0.900000 0.000000
1.836667 0.036585 0.000000 -0.000000 0.900000 0.000000
1.963333 0.036585 0.000000 -0.000000 0.900000 0.000000
2.090000 0.036585 -0.000000 -0.000000 0.900000 0.000000
2.216667 0.036585 -0.000000 -0.000000 0.900000 0.000000
2.343333 0.036585 0.000000 0.000000 0.900000 0.000000
2.470000 0.036585 0.000000 -0.000000 0.900000 0.000000
2.596667 0.036585 -0.000000 0.000000 0.900000 0.000000
2.723333 0.036585 -0.000000 -0.000000 0.900000 0.000000
2.850000 0.036585 0.000000 -0.000000 0.900000 0.000000
2.976667 0.036585 0.000000 0.000000 0.900000 0.000000
3.103333 0.036585 0.000000 -0.000000 0.900000 0.000000
3.230000 0.036585 -0.000000 -0.000000 0.900000 0.000000
3.356667 0.036585 0.000000 -0.000000 0.900000 0.000000
3.483333 0.036585 0.000000 0.000000 0.900000 0.000000
3.610000 0.036585 -0.000000 0.000000 0.900000 0.000000
3.736667 0.036585 0.000000 0.000000 0.000000 0.000000
0.063333 0.051220 0.000000 0.000000 0.000000 0.000000
0.190000 0.051220 0.000000 -0.000000 0.900000 0.000000
0.316667 0.051220 0.000000 -0.000000 0.900000 0.000000
0.443333 0.051220 0.000000 -0.000000 0.900000 0.000000
0.570000 0.051220 0.000000 -0.000000 0.900000 0.000000
0.696667 0.051220 -0.000000 0.000000 0.900000 0.000000
0.823333 0.051220 -0.000000 -0.000000 0.900000 0.000000
0.950000 0.051220 -0.000000 -0.000000 0.900000 0.000000
1.076667 0.051220 -0.000000 -0.000000 0.900000 0.000000
1.203333 0.051220 -0.000000 0.000000 0.900000 0.000000
1.330000 0.051220 -0.000000 -0.000000 0.900000 0.000000
1.456667 0.051220 -0.000000 -0.000000 0.900000 0.000000
1.583333 0.051220 0.000000 0.000000 0.900000 0.000000
1.710000 0.051220 0.000000 -0.000000 0.900000 0.000000
1.836667 0.051220 0.000000 -0.000000 0.900000 0.000000
1.963333 0.051220 0.000000 -0.000000 0.900000 0.000000
2.090000 0.051220 0.000000 0.000000 0.900000 0.000000
2.216667 0.051220 -0.000000 -0.000000 0.900000 0.000000
2.343333 0.051220 0.000000 0.000000 0.900000 0.000000
2.470000 0.051220 0.000000 -0.000000 0.900000 0.000000
2.596667 0.051220 -0.000000 0.000000 0.900000 0.000000
2.723333 0.051220 -0.000000 -0.000000 0.900000 0.000000
2.850000 0.051220 0.000000 -0.000000 0.900000 0.000000
2.976667 0.051220 0.000000 0.000000 0.900000 0.000000
3.103333 0.051220 -0.000000 -0.000000 0.900000 0.000000
3.230000 0.051220 -0.000000 -0.000000 0.900000 0.000000
3.356667 0.051220 0.000000 -0.000000 0.900000 0.000000
3.483333 0.051220 0.000000 0.000000 0.900000 0.000000
3.610000 0.051220 -0.000000 0.000000 0.900000 0.000000
3.736667 0.051220 0.000000 0.000000 0.000000 0.000000
0.063333 0.065854 0.000000 0.000000 0.000000 0.000000
0.190000 0.065854 0.000000 -0.000000 0.900000 0.000000
0.316667 0.065854 0.000000 -0.000000 0.900000 0.000000
0.443333 0.065854 0.000000 -0.000000 0.900000 0.000000
0.570000 0.065854 0.000000 -0.000000 0.900000 0.000000
0.696667 0.065854 -0.000000 0.000000 0.900000 0.000000
0.823333 0.065854 -0.000000 -0.000000 0.900000 0.000000
0.950000 0.065854 -0.000000 -0.000000 0.900000 0.000000
1.076667 0.065854 -0.000000 -0.000000 0.900000 0.000000
1.203333 0.065854 0.000000 0.000000 0.900000 0.000000
1.330000 0.065854 -0.000000 -0.000000 0.900000 0.000000
1.456667 0.065854 -0.000000 -0.000000 0.900000 0.000000
1.583333 0.065854 -0.000000 0.000000 0.900000 0.000000
1.710000 0.065854 0.000000 -0.000000 0.900000 0.000000
1.836667 0.065854 0.000000 -0.000000 0.900000 0.000000
1.963333 0.065854 0.000000 -0.000000 0.900000 0.000000
2.090000 0.065854 0.000000 0.000000 0.900000 0.000000
2.216667 0.065854 -0.000000 -0.000000 0.900000 0.000000
2.343333 0.065854 0.000000 0.000000 0.900000 0.000000
2.470000 0.065854 0.000000 -0.000000 0.900000 0.000000
2.596667 0.065854 -0.000000 0.000000 0.900000 0.000000
2.723333 0.065854 -0.000000 -0.000000 0.900000 0.000000
2.850000 0.065854 0.000000 -0.000000 0.900000 0.000000
2.976667 0.065854 0.000000 0.000000 0.900000 0.000000
3.103333 0.065854 -0.000000 -0.000000 0.900000 0.000000
3.230000 0.065854 -0.000000 -0.000000 0.900000 0.000000
3.356667 0.065854 0.000000 -0.000000 0.900000 0.000000
3.483333 0.065854 0.000000 0.000000 0.900000 0.000000
3.610000 0.065854 -0.000000 0.000000 0.900000 0.000000
3.736667 0.065854 0.000000 0.000000 0.000000 0.000000
0.063333 0.080488 0.000000 0.000000 0.000000 0.000000
0.190000 0.080488 0.000000 -0.000000 0.900000 0.000000
0.316667 0.080488 0.000000 -0.000000 0.900000 0.000000
0.443333 0.080488 0.000000 -0.000000 0.900000 0.000000
0.570000 0.080488 0.000000 -0.000000 0.900000 0.000000
0.696667 0.080488 -0.000000 0.000000 0.900000 0.000000
0.823333 0.080488 -0.000000 -0.000000 0.900000 0.000000
0.950000 0.080488 -0.000000 -0.000000 0.900000 0.000000
1.076667 0.080488 -0.000000 -0.000000 0.900000 0.000000
1.203333 0.080488 0.000000 -0.000000 0.900000 0.000000
1.330000 0.080488 -0.000000 -0.000000 0.900000 0.000000
1.456667 0.080488 -0.000000 -0.000000 0.900000 0.000000
1.583333 0.080488 -0.000000 -0.000000 0.900000 0.000000
1.710000 0.080488 0.000000 -0.000000 0.900000 0.000000
1.836667 0.080488 0.000000 -0.000000 0.900000 0.000000
1.963333 0.080488 0.000000 -0.000000 0.900000 0.000000
2.090000 0.080488 -0.000000 0.000000 0.900000 0.000000
2.216667 0.080488 -0.000000 -0.000000 0.900000 0.000000
2.343333 0.080488 0.000000 0.000000 0.900000 0.000000
2.470000 0.080488 0.000000 -0.000000 0.900000 0.000000
2.596667 0.080488 -0.000000 0.000000 0.900000 0.000000
2.723333 0.080488 -0.000000 -0.000000 0.900000 0.000000
2.850000 0.080488 0.000000 -0.000000 0.900000 0.000000
2.976667 0.080488 0.000000 -0.000000 0.900000 0.000000
3.103333 0.080488 -0.000000 -0.000000 0.900000 0.000000
3.230000 0.080488 -0.000000 -0.000000 0.900000 0.000000
3.356667 0.080488 -0.000000 -0.000000 0.900000 0.000000
3.483333 0.080488 0.000000 0.000000 0.900000 0.000000
3.610000 0.080488 -0.000000 0.000000 0.900000 0.000000
3.736667 0.080488 0.000000 0.000000 0.000000 0.000000
0.063333 0.095122 0.000000 0.000000 0.000000 0.000000
0.190000 0.095122 0.000000 -0.000000 0.900000 0.000000
0.316667 0.095122 0.000000 -0.000000 0.900000 0.000000
0.443333 0.095122 0.000000 -0.000000 0.900000 0.000000
0.570000 0.095122 0.000000 -0.000000 0.900000 0.000000
0.696667 0.095122 -0.000000 0.000000 0.900000 0.000000
0.823333 0.095122 -0.000000 -0.000000 0.900000 0.000000
0.950000 0.095122 -0.000000 -0.000000 0.900000 0.000000
1.076667 0.095122 -0.000000 -0.000000 0.900000 0.000000
1.203333 0.095122 0.000000 -0.000000 0.900000 0.000000
1.330000 0.095122 -0.000000 -0.000000 0.900000 0.000000
1.456667 0.095122 -0.000000 -0.000000 0.900000 0.000000
1.583333 0.095122 -0.000000 -0.000000 0.900000 0.000000
1.710000 0.095122 0.000000 -0.000000 0.900000 0.000000
1.836667 0.095122 0.000000 -0.000000 0.900000 0.000000
1.963333 0.095122 -0.000000 -0.000000 0.900000 0.000000
2.090000 0.095122 -0.000000 0.000000 0.900000 0.000000
2.216667 0.095122 -0.000000 -0.000000 0.900000 0.000000
2.343333 0.095122 0.000000 0.000000 0.900000 0.000000
2.470000 0.095122 -0.000000 -0.000000 0.900000 0.000000
2.596667 0.095122 -0.000000 0.000000 0.900000 0.000000
2.723333 0.095122 -0.000000 -0.000000 0.900000 0.000000
2.850000 0.095122 0.000000 -0.000000 0.900000 0.000000
2.976667 0.095122 0.000000 -0.000000 0.900000 0.000000
3.103333 0.095122 -0.000000 -0.000000 0.900000 0.000000
3.230000 0.095122 -0.000000 -0.000000 0.900000 0.000000
3.356667 0.095122 -0.000000 -0.000000 0.900000 0.000000
3.483333 0.095122 -0.000000 0.000000 0.900000 0.000000
3.610000 0.095122 -0.000000 0.000000 0.900000 0.000000
3.736667 0.095122 0.000000 0.000000 0.000000 0.000000
0.063333 0.109756 0.000000 0.000000 0.000000 0.000000
0.190000 0.109756 -0.000000 -0.000000 0.900000 0.000000
0.316667 0.109756 0.000000 -0.000000 0.900000 0.000000
0.443333 0.109756 0.000000 -0.000000 0.900000 0.000000
0.570000 0.109756 -0.000000 -0.000000 0.900000 0.000000
0.696667 0.109756 -0.000000 0.000000 0.900000 0.000000
0.823333 0.109756 -0.000000 -0.000000 0.900000 0.000000
0.950000 0.109756 -0.000000 -0.000000 0.900000 0.000000
1.076667 0.109756 -0.000000 -0.000000 0.900000 0.000000
1.203333 0.109756 0.000000 -0.000000 0.900000 0.000000
1.330000 0.109756 -0.000000 -0.000000 0.900000 0.000000
1.456667 0.109756 -0.000000 -0.000000 0.900000 0.000000
1.583333 0.109756 -0.000000 -0.000000 0.900000 0.000000
1.710000 0.109756 0.000000 -0.000000 0.900000 0.000000
1.836667 0.109756 0.000000 -0.000000 0.900000 0.000000
1.963333 0.109756 -0.000000 -0.000000 0.900000 0.000000
2.090000 0.109756 -0.000000 0.000000 0.900000 0.000000
2.216667 0.109756 -0.000000 -0.000000 0.900000 0.000000
2.343333 0.109756 0.000000 0.000000 0.900000 0.000000
2.470000 0.109756 -0.000000 -0.000000 0.900000 0.000000
2.596667 0.109756 -0.000000 -0.000000 0.900000 0.000000
2.723333 0.109756 -0.000000 -0.000000 0.900000 0.000000
2.850000 0.109756 0.000000 -0.000000 0.900000 0.000000
2.976667 0.109756 0.000000 -0.000000 0.900000 0.000000
3.103333 0.109756 -0.000000 -0.000000 0.900000 0.000000
3.230000 0.109756 -0.000000 -0.000000 0.900000 0.000000
3.356667 0.109756 -0.000000 -0.000000 0.900000 0.000000
3.483333 0.109756 -0.000000 0.000000 0.900000 0.000000
3.610000 0.109756 -0.000000 0.000000 0.900000 0.000000
3.736667 0.109756 0.000000 0.000000 0.000000 0.000000
0.063333 0.124390 0.000000 0.000000 0.000000 0.000000
0.190000 0.124390 -0.000000 -0.000000 0.900000 0.000000
0.316667 0.124390 -0.000000 -0.000000 0.900000 0.000000
0.443333 0.124390 0.000000 -0.000000 0.900000 0.000000
0.570000 0.124390 -0.000000 -0.000000 0.900000 0.000000
0.696667 0.124390 -0.000000 0.000000 0.900000 0.000000
0.823333 0.124390 -0.000000 -0.000000 0.900000 0.000000
0.950000 0.124390 -0.000000 -0.000000 0.900000 0.000000
1.076667 0.124390 -0.000000 -0.000000 0.900000 0.000000
1.203333 0.124390 0.000000 -0.000000 0.900000 0.000000
1.330000 0.124390 -0.000000 -0.000000 0.900000 0.000000
1.456667 0.124390 -0.000000 -0.000000 0.900000 0.000000
1.583333 0.124390 -0.000000 -0.000000 0.900000 0.000000
1.710000 0.124390 0.000000 -0.000000 0.900000 0.000000
1.836667 0.124390 0.000000 -0.000000 0.900000 0.000000
1.963333 0.124390 0.000000 -0.000000 0.900000 0.000000
2.090000 0.124390 -0.000000 -0.000000 0.900000 0.000000
2.216667 0.124390 -0.000000 -0.000000 0.900000 0.000000
2.343333 0.124390 0.000000 0.000000 0.900000 0.000000
2.470000 0.124390 0.000000 -0.000000 0.900000 0.000000
2.596667 0.124390 -0.000000 -0.000000 0.900000 0.000000
2.723333 0.124390 -0.000000 -0.000000 0.900000 0.000000
2.850000 0.124390 0.000000 -0.000000 0.900000 0.000000
2.976667 0.124390 0.000000 -0.000000 0.900000 0.000000
3.103333 0.124390 -0.000000 -0.000000 0.900000 0.000000
3.230000 0.124390 -0.000000 -0.000000 0.900000 0.000000
3.356667 0.124390 -0.000000 -0.000000 0.900000 0.000000
3.483333 0.124390 -0.000000 0.000000 0.900000 0.000000
3.610000 0.124390 -0.000000 0.000000 0.900000 0.000000
3.736667 0.124390 0.000000 0.000000 0.000000 0.000000
0.063333 0.139024 0.000000 0.000000 0.000000 0.000000
0.190000 0.139024 -0.000000 -0.000000 0.900000 0.000000
0.316667 0.139024 -0.000000 -0.000000 0.900000 0.000000
0.443333 0.139024 0.000000 -0.000000 0.900000 0.000000
0.570000 0.139024 -0.000000 -0.000000 0.900000 0.000000
0.696667 0.139024 -0.000000 0.000000 0.900000 0.000000
0.823333 0.139024 -0.000000 -0.000000 0.899999 0.000000
0.950000 0.139024 0.000000 -0.000000 0.899999 0.000000
1.076667 0.139024 -0.000000 -0.000000 0.900000 0.000000
1.203333 0.139024 0.000000 -0.000000 0.899999 0.000000
1.330000 0.139024 -0.000000 -0.000000 0.899996 0.000000
1.456667 0.139024 -0.000000 -0.000000 0.900000 0.000000
1.583333 0.139024 -0.000000 -0.000000 0.900000 0.000000
1.710000 0.139024 0.000000 -0.000000 0.900000 0.000000
1.836667 0.139024 0.000000 -0.000000 0.900000 0.000000
1.963333 0.139024 0.000000 -0.000000 0.900000 0.000000
2.090000 0.139024 0.000000 -0.000000 0.900000 0.000000
2.216667 0.139024 0.000000 -0.000000 0.900000 0.000000
2.343333 0.139024 0.000000 -0.000000 0.900000 0.000000
2.470000 0.139024 0.000000 -0.000000 0.900000 0.000000
2.596667 0.139024 -0.000000 -0.000000 0.900000 0.000000
2.723333 0.139024 -0.000000 -0.000000 0.900000 0.000000
2.850000 0.139024 0.000000 -0.000000 0.900000 0.000000
2.976667 0.139024 0.000000 -0.000000 0.899994 0.000000
3.103333 0.139024 -0.000000 -0.000000 0.900000 0.000000
3.230000 0.139024 -0.000000 -0.000000 0.900000 0.000000
3.356667 0.139024 -0.000000 -0.000000 0.899998 0.000000
3.483333 0.139024 -0.000000 0.000000 0.900000 0.000000
3.610000 0.139024 -0.000000 0.000000 0.900000 0.000000
3.736667 0.139024 0.000000 0.000000 0.000000 0.000000
0.063333 0.153659 0.000000 0.000000 0.000000 0.000000
0.190000 0.153659 -0.000000 -0.000000 0.900000 0.000000
0.316667 0.153659 0.000000 -0.000000 0.900000 0.000000
0.443333 0.153659 0.000000 -0.000000 0.899999 0.000000
0.570000 0.153659 -0.000000 -0.000000 0.899999 0.000000
0.696667 0.153659 -0.000000 0.000000 0.900000 0.000000
0.823333 0.153659 -0.000000 -0.000000 0.899978 0.000000
0.950000 0.153659 0.000000 -0.000000 0.899983 0.000000
1.076667 0.153659 -0.000000 -0.000000 0.899993 0.000000
1.203333 0.153659 0.000000 -0.000000 0.899977 0.000000
1.330000 0.153659 -0.000001 -0.000001 0.899958 0.000001
1.456667 0.153659 -0.000000 -0.000000 0.900000 0.000000
1.583333 0.153659 0.000000 -0.000000 0.900000 0.000000
1.710000 0.153659 0.000000 -0.000000 0.900000 0.000000
1.836667 0.153659 0.000000 -0.000000 0.900000 0.000000
1.963333 0.153659 0.000000 -0.000000 0.900000 0.000000
2.090000 0.153659 0.000000 -0.000000 0.900000 0.000000
2.216667 0.153659 0.000000 -0.000000 0.900000 0.000000
2.343333 0.153659 0.000000 -0.000000 0.900000 0.000000
2.470000 0.153659 0.000000 -0.000000 0.900000 0.000000
2.596667 0.153659 -0.000000 -0.000000 0.900000 0.000000
2.723333 0.153659 -0.000000 -0.000000 0.900000 0.000000
2.850000 0.153659 0.000000 -0.000000 0.900000 0.000000
2.976667 0.153659 0.000001 -0.000001 0.899933 0.000001
3.103333 0.153659 -0.000000 -0.000000 0.900000 0.000000
3.230000 0.153659 -0.000000 -0.000000 0.899999 0.000000
3.356667 0.153659 -0.000001 -0.000001 0.899972 0.000002
3.483333 0.153659 -0.000000 0.000000 0.900000 0.000000
3.610000 0.153659 -0.000000 0.000000 0.900000 0.000000
3.736667 0.153659 0.000000 0.000000 0.000000 0.000000
0.063333 0.168293 0.000000 0.000000 0.000000 0.000000
0.190000 0.168293 -0.000000 -0.000000 0.900000 0.000000
0.316667 0.168293 -0.000000 -0.000000 0.899998 0.000000
0.443333 0.168293 0.000000 -0.000000 0.899968 0.000000
0.570000 0.168293 -0.000000 -0.000000 0.899978 0.000000
0.696667 0.168293 -0.000000 0.000000 0.899994 0.000000
0.823333 0.168293 0.000000 -0.000006 0.899692 0.000006
0.950000 0.168293 0.000003 -0.000004 0.899758 0.000005
1.076667 0.168293 -0.000001 -0.000003 0.899847 0.000003
1.203333 0.168293 0.000001 -0.000007 0.899616 0.000007
1.330000 0.168293 -0.000009 -0.000005 0.899667 0.000010
1.456667 0.168293 -0.000000 0.000000 0.900000 0.000000
1.583333 0.168293 0.000000 -0.000000 0.899992 0.000000
1.710000 0.168293 0.000000 -0.000000 0.899996 0.000000
1.836667 0.168293 0.000000 -0.000000 0.899995 0.000000
1.963333 0.168293 0.000000 -0.000000 0.900000 0.000000
2.090000 0.168293 -0.000000 -0.000000 0.899995 0.000000
2.216667 0.168293 -0.000000 -0.000000 0.899999 0.000000
2.343333 0.168293 0.000000 -0.000000 0.899998 0.000000
2.470000 0.168293 -0.000000 -0.000000 0.899997 0.000000
2.596667 0.168293 -0.000000 -0.000000 0.899982 0.000000
2.723333 0.168293 -0.000000 -0.000000 0.899996 0.000000
2.850000 0.168293 0.000000 -0.000000 0.899996 0.000000
2.976667 0.168293 0.000004 -0.000011 0.899480 0.000012
3.103333 0.168293 -0.000000 -0.000000 0.899997 0.000000
3.230000 0.168293 -0.000001 -0.000000 0.899983 0.000001
3.356667 0.168293 -0.000017 -0.000008 0.899722 0.000018
3.483333 0.168293 -0.000000 0.000000 0.900000 0.000000
3.610000 0.168293 -0.000000 0.000000 0.900000 0.000000
3.736667 0.168293 0.000000 0.000000 0.000000 0.000000
0.063333 0.182927 0.000000 0.000000 0.000000 0.000000
0.190000 0.182927 -0.000000 0.000000 0.899999 0.000000
0.316667 0.182927 -0.000001 -0.000000 0.899886 0.000001
0.443333 0.182927 0.000004 -0.000005 0.899305 0.000006
0.570000 0.182927 -0.000004 -0.000001 0.899657 0.000004
0.696667 0.182927 -0.000003 0.000002 0.899923 0.000003
0.823333 0.182927 0.000025 -0.000055 0.896599 0.000061
0.950000 0.182927 0.000034 -0.000050 0.897042 0.000060
1.076667 0.182927 -0.000015 -0.000041 0.897625 0.000044
1.203333 0.182927 0.000007 -0.000092 0.895613 0.000093
1.330000 0.182927 -0.000066 -0.000029 0.897782 0.000072
1.456667 0.182927 -0.000000 0.000000 0.899994 0.000000
1.583333 0.182927 0.000003 -0.000003 0.899769 0.000004
1.710000 0.182927 0.000003 -0.000001 0.899830 0.000003
1.836667 0.182927 0.000000 -0.000001 0.899852 0.000001
1.963333 0.182927 -0.000000 -0.000000 0.899984 0.000000
2.090000 0.182927 -0.000002 -0.000001 0.899864 0.000002
2.216667 0.182927 -0.000001 -0.000000 0.899939 0.000001
2.343333 0.182927 -0.000000 -0.000000 0.899906 0.000001
2.470000 0.182927 -0.000002 -0.000001 0.899836 0.000002
2.596667 0.182927 -0.000016 -0.000004 0.899356 0.000017
2.723333 0.182927 -0.000004 -0.000001 0.899868 0.000004
2.850000 0.182927 0.000000 -0.000001 0.899849 0.000001
2.976667 0.182927 -0.000008 -0.000053 0.897301 0.000053
3.103333 0.182927 -0.000001 -0.000000 0.899958 0.000001
3.230000 0.182927 -0.000009 -0.000003 0.899712 0.000010
3.356667 0.182927 -0.000148 -0.000054 0.897718 0.000157
3.483333 0.182927 -0.000000 0.000000 0.900000 0.000000
3.610000 0.182927 -0.000000 0.000000 0.899999 0.000000
3.736667 0.182927 0.000000 0.000000 0.000000 0.000000
0.063333 0.197561 0.000000 0.000000 0.000000 0.000000
0.190000 0.197561 -0.000001 0.000000 0.899938 0.000001
0.316667 0.197561 -0.000059 -0.000013 0.894527 0.000060
0.443333 0.197561 0.000043 -0.000069 0.886882 0.000082
0.570000 0.197561 -0.000074 -0.000000 0.894777 0.000074
0.696667 0.197561 -0.000058 0.000046 0.897799 0.000074
0.823333 0.197561 0.000554 -0.000345 0.871604 0.000653
0.950000 0.197561 0.000416 -0.000429 0.872447 0.000598
1.076667 0.197561 -0.000050 -0.000447 0.874629 0.000450
1.203333 0.197561 0.000273 -0.000681 0.868284 0.000734
1.330000 0.197561 -0.000430 -0.000224 0.881943 0.000485
1.456667 0.197561 -0.000015 -0.000001 0.899132 0.000015
1.583333 0.197561 0.000105 -0.000052 0.893956 0.000117
1.710000 0.197561 0.000091 -0.000032 0.894538 0.000097
1.836667 0.197561 0.000015 -0.000023 0.895985 0.000027
1.963333 0.197561 -0.000005 -0.000006 0.898337 0.000008
2.090000 0.197561 -0.000047 -0.000024 0.894794 0.000053
2.216667 0.197561 -0.000042 -0.000016 0.896485 0.000045
2.343333 0.197561 -0.000020 -0.000014 0.895897 0.000024
2.470000 0.197561 -0.000047 -0.000029 0.894556 0.000055
2.596667 0.197561 -0.000356 -0.000082 0.888746 0.000365
2.723333 0.197561 -0.000142 -0.000016 0.896118 0.000143
2.850000 0.197561 -0.000052 -0.000024 0.895820 0.000057
2.976667 0.197561 -0.000169 -0.000165 0.887347 0.000236
3.103333 0.197561 -0.000027 -0.000001 0.899138 0.000027
3.230000 0.197561 -0.000160 -0.000040 0.895124 0.000165
3.356667 0.197561 -0.001189 -0.000300 0.882622 0.001227
3.483333 0.197561 -0.000002 0.000000 0.899961 0.000002
3.610000 0.197561 -0.000002 0.000001 0.899660 0.000003
3.736667 0.197561 0.000000 0.000000 0.000000 0.000000
0.063333 0.212195 0.000000 0.000000 0.000000 0.000000
0.190000 0.212195 -0.000744 0.000652 0.712173 0.000989
0.316667 0.212195 -0.000375 -0.000338 0.719079 0.000505
0.443333 0.212195 0.002542 -0.000636 0.731678 0.002620
0.570000 0.212195 -0.000448 0.000518 0.752024 0.000685
0.696667 0.212195 -0.001850 0.001881 0.785734 0.002638
0.823333 0.212195 0.005289 -0.001188 0.740065 0.005421
0.950000 0.212195 0.005301 -0.002292 0.740376 0.005776
1.076667 0.212195 0.001996 -0.002568 0.750657 0.003252
1.203333 0.212195 0.003046 -0.002676 0.751255 0.004054
1.330000 0.212195 -0.001351 -0.001630 0.761722 0.002117
1.456667 0.212195 -0.000325 -0.000131 0.788712 0.000351
1.583333 0.212195 0.003638 -0.000605 0.782921 0.003688
1.710000 0.212195 0.003148 -0.000686 0.786520 0.003222
1.836667 0.212195 0.001532 -0.000524 0.797191 0.001619
1.963333 0.212195 0.000705 -0.000360 0.801375 0.000792
2.090000 0.212195 0.000280 -0.000615 0.790593 0.000675
2.216667 0.212195 0.000034 -0.000509 0.798052 0.000510
2.343333 0.212195 0.000836 -0.000558 0.795959 0.001005
2.470000 0.212195 0.000280 -0.000589 0.802083 0.000652
2.596667 0.212195 -0.003023 -0.000894 0.792945 0.003153
2.723333 0.212195 -0.003251 -0.000436 0.811483 0.003280
2.850000 0.212195 -0.001170 -0.000318 0.819112 0.001212
2.976667 0.212195 -0.001097 -0.000689 0.803494 0.001296
3.103333 0.212195 -0.001478 -0.000062 0.837125 0.001479
3.230000 0.212195 -0.002619 -0.000296 0.835348 0.002635
3.356667 0.212195 -0.007299 -0.001462 0.798097 0.007444
3.483333 0.212195 -0.002029 0.000170 0.860946 0.002036
3.610000 0.212195 -0.000345 0.000164 0.851007 0.000382
3.736667 0.212195 0.000000 0.000000 0.000000 0.000000
0.063333 0.226829 0.000000 0.000000 0.000000 0.000000
0.190000 0.226829 0.000726 0.001153 0.609070 0.001362
0.316667 0.226829 0.003622 -0.000402 0.600191 0.003644
0.443333 0.226829 0.010020 -0.000777 0.600042 0.010050
0.570000 0.226829 0.006488 0.001975 0.606041 0.006782
0.696667 0.226829 -0.000685 0.003574 0.636946 0.003639
0.823333 0.226829 0.012674 -0.001507 0.600218 0.012763
0.950000 0.226829 0.015670 -0.004320 0.600010 0.016255
1.076667 0.226829 0.006987 -0.004656 0.600047 0.008396
1.203333 0.226829 0.009305 -0.004531 0.600396 0.010350
1.330000 0.226829 0.002216 -0.003657 0.601015 0.004276
1.456667 0.226829 0.002308 -0.000118 0.613259 0.002311
1.583333 0.226829 0.012424 -0.000900 0.602838 0.012457
1.710000 0.226829 0.012979 -0.001847 0.601370 0.013110
1.836667 0.226829 0.009987 -0.001323 0.601466 0.010074
1.963333 0.226829 0.007604 -0.000971 0.602042 0.007666
2.090000 0.226829 0.006357 -0.002268 0.600446 0.006749
2.216667 0.226829 0.006410 -0.001678 0.600702 0.006626
2.343333 0.226829 0.009514 -0.002487 0.600751 0.009834
2.470000 0.226829 0.007457 -0.002043 0.600139 0.007732
2.596667 0.226829 -0.002826 -0.002977 0.600006 0.004105
2.723333 0.226829 -0.007413 -0.001543 0.600029 0.007571
2.850000 0.226829 -0.002440 -0.000664 0.600048 0.002528
2.976667 0.226829 -0.000945 -0.001382 0.600220 0.001675
3.103333 0.226829 -0.005448 -0.000190 0.603110 0.005452
3.230000 0.226829 -0.013889 0.000212 0.600203 0.013891
3.356667 0.226829 -0.021965 -0.004069 0.600962 0.022339
3.483333 0.226829 -0.014366 0.000037 0.616585 0.014366
3.610000 0.226829 -0.003240 0.000866 0.606135 0.003354
3.736667 0.226829 0.000000 0.000000 0.000000 0.000000
0.063333 0.241463 0.000000 0.000000 0.000000 0.000000
0.190000 0.241463 0.001025 0.001135 0.600388 0.001529
0.316667 0.241463 0.004425 -0.000296 0.600002 0.004435
0.443333 0.241463 0.011601 -0.000578 0.600000 0.011616
0.570000 0.241463 0.010385 0.002388 0.600190 0.010656
0.696667 0.241463 0.001230 0.003655 0.607240 0.003856
0.823333 0.241463 0.012933 -0.001809 0.600012 0.013059
0.950000 0.241463 0.015829 -0.004453 0.600000 0.016444
1.076667 0.241463 0.005450 -0.004048 0.600000 0.006789
1.203333 0.241463 0.009482 -0.004700 0.600005 0.010583
1.330000 0.241463 0.003509 -0.004059 0.600027 0.005366
1.456667 0.241463 0.001968 0.000482 0.600772 0.002026
1.583333 0.241463 0.011586 -0.001334 0.600148 0.011663
1.710000 0.241463 0.012880 -0.001944 0.600010 0.013026
1.836667 0.241463 0.010856 -0.001241 0.600006 0.010927
1.963333 0.241463 0.008703 -0.000690 0.600012 0.008730
2.090000 0.241463 0.006915 -0.003034 0.600001 0.007551
2.216667 0.241463 0.007422 -0.001986 0.600001 0.007683
2.343333 0.241463 0.010836 -0.003575 0.600010 0.011410
2.470000 0.241463 0.008215 -0.002313 0.600002 0.008534
2.596667 0.241463 -0.004156 -0.003346 0.600000 0.005336
2.723333 0.241463 -0.009366 -0.001454 0.600000 0.009478
2.850000 0.241463 -0.001656 -0.000402 0.600000 0.001704
2.976667 0.241463 0.000819 -0.000845 0.600000 0.001176
3.103333 0.241463 -0.005124 0.000189 0.600024 0.005127
3.230000 0.241463 -0.014263 0.001793 0.600007 0.014375
3.356667 0.241463 -0.021851 -0.003151 0.600011 0.022077
3.483333 0.241463 -0.015395 -0.000698 0.600194 0.015411
3.610000 0.241463 -0.003941 0.000625 0.600069 0.003990
3.736667 0.241463 0.000000 0.000000 0.000000 0.000000
0.063333 0.256098 0.000000 0.000000 0.000000 0.000000
0.190000 0.256098 0.000708 0.001104 0.600010 0.001311
0.316667 0.256098 0.003840 -0.000231 0.600000 0.003847
0.443333 0.256098 0.011102 -0.000446 0.600000 0.011111
0.570000 0.256098 0.010190 0.002457 0.600005 0.010482
0.696667 0.256098 0.000652 0.003696 0.600767 0.003753
0.823333 0.256098 0.011620 -0.002452 0.600000 0.011876
0.950000 0.256098 0.014308 -0.004439 0.600000 0.014981
1.076667 0.256098 0.003954 -0.003466 0.600000 0.005258
1.203333 0.256098 0.008157 -0.005203 0.600000 0.009675
1.330000 0.256098 0.001640 -0.004395 0.600001 0.004691
1.456667 0.256098 0.000301 0.001103 0.600049 0.001144
1.583333 0.256098 0.010970 -0.002237 0.600006 0.011196
1.710000 0.256098 0.012698 -0.002046 0.600000 0.012861
1.836667 0.256098 0.009750 -0.001117 0.600000 0.009814
1.963333 0.256098 0.007833 -0.000464 0.600000 0.007847
2.090000 0.256098 0.005827 -0.003663 0.600000 0.006883
2.216667 0.256098 0.004788 -0.002371 0.600000 0.005342
2.343333 0.256098 0.007052 -0.004614 0.600000 0.008427
2.470000 0.256098 0.004200 -0.002681 0.600000 0.004983
2.596667 0.256098 -0.007045 -0.003572 0.600000 0.007899
2.723333 0.256098 -0.010412 -0.001674 0.600000 0.010546
2.850000 0.256098 -0.000610 -0.000421 0.600000 0.000741
2.976667 0.256098 0.002656 -0.000297 0.600000 0.002673
3.103333 0.256098 -0.004117 0.000893 0.600000 0.004213
3.230000 0.256098 -0.014642 0.003243 0.600000 0.014997
3.356667 0.256098 -0.022191 -0.001724 0.600000 0.022258
3.483333 0.256098 -0.015611 -0.001326 0.600000 0.015667
3.610000 0.256098 -0.004141 0.000277 0.600000 0.004150
3.736667 0.256098 0.000000 0.000000 0.000000 0.000000
0.063333 0.270732 0.000000 0.000000 0.000000 0.000000
0.190000 0.270732 0.000291 0.001160 0.600000 0.001196
0.316667 0.270732 0.003036 -0.000184 0.600000 0.003041
0.443333 0.270732 0.010404 -0.000329 0.600000 0.010409
0.570000 0.270732 0.009498 0.002483 0.600000 0.009817
0.696667 0.270732 0.000358 0.003700 0.600048 0.003717
0.823333 0.270732 0.010786 -0.003022 0.600000 0.011201
0.950000 0.270732 0.012646 -0.004497 0.600000 0.013422
1.076667 0.270732 0.002799 -0.002946 0.600000 0.004064
1.203333 0.270732 0.006906 -0.005716 0.600000 0.008965
1.330000 0.270732 -0.000368 -0.004590 0.600000 0.004604
1.456667 0.270732 -0.001337 0.001400 0.600003 0.001935
1.583333 0.270732 0.010219 -0.003208 0.600000 0.010711
1.710000 0.270732 0.012367 -0.002156 0.600000 0.012554
1.836667 0.270732 0.008488 -0.000716 0.600000 0.008518
1.963333 0.270732 0.006825 -0.000534 0.600000 0.006845
2.090000 0.270732 0.004820 -0.003994 0.600000 0.006260
2.216667 0.270732 0.001931 -0.002744 0.600000 0.003356
2.343333 0.270732 0.002752 -0.005510 0.600000 0.006160
2.470000 0.270732 0.000162 -0.003225 0.600000 0.003230
2.596667 0.270732 -0.007798 -0.004175 0.600000 0.008845
2.723333 0.270732 -0.009942 -0.002004 0.600000 0.010141
2.850000 0.270732 -0.002752 -0.000288 0.600000 0.002767
2.976667 0.270732 0.001770 -0.000139 0.600000 0.001775
3.103333 0.270732 -0.003405 0.001966 0.600000 0.003931
3.230000 0.270732 -0.015029 0.004632 0.600000 0.015727
3.356667 0.270732 -0.022093 -0.000268 0.600000 0.022095
3.483333 0.270732 -0.015682 -0.001964 0.600000 0.015805
3.610000 0.270732 -0.004311 -0.000107 0.600000 0.004312
3.736667 0.270732 0.000000 0.000000 0.000000 0.000000
0.063333 0.285366 0.000000 0.000000 0.000000 0.000000
0.190000 0.285366 -0.000087 0.001309 0.600000 0.001312
0.316667 0.285366 0.002311 -0.000154 0.600000 0.002316
0.443333 0.285366 0.009768 -0.000235 0.600000 0.009771
0.570000 0.285366 0.008752 0.002509 0.600000 0.009105
0.696667 0.285366 -0.000702 0.003688 0.600002 0.003754
0.823333 0.285366 0.009306 -0.003438 0.600000 0.009921
0.950000 0.285366 0.011444 -0.004718 0.600000 0.012378
1.076667 0.285366 0.004775 -0.002777 0.600000 0.005523
1.203333 0.285366 0.008586 -0.005906 0.600000 0.010421
1.330000 0.285366 -0.001307 -0.004739 0.600000 0.004916
1.456667 0.285366 -0.002155 0.000917 0.600000 0.002342
1.583333 0.285366 0.009317 -0.004334 0.600000 0.010275
1.710000 0.285366 0.011001 -0.002167 0.600000 0.011213
1.836667 0.285366 0.007775 -0.000287 0.600000 0.007780
1.963333 0.285366 0.007374 -0.000769 0.600000 0.007414
2.090000 0.285366 0.005469 -0.004211 0.600000 0.006903
2.216667 0.285366 0.002481 -0.003093 0.600000 0.003965
2.343333 0.285366 0.002874 -0.006348 0.600000 0.006968
2.470000 0.285366 0.000444 -0.003992 0.600000 0.004017
2.596667 0.285366 -0.006751 -0.005088 0.600000 0.008453
2.723333 0.285366 -0.009485 -0.002180 0.600000 0.009733
2.850000 0.285366 -0.004901 0.000248 0.600000 0.004908
2.976667 0.285366 0.000802 -0.000676 0.600000 0.001049
3.103333 0.285366 -0.003469 0.003478 0.600000 0.004912
3.230000 0.285366 -0.015618 0.005808 0.600000 0.016663
3.356667 0.285366 -0.021489 0.001403 0.600000 0.021535
3.483333 0.285366 -0.015024 -0.002643 0.600000 0.015255
3.610000 0.285366 -0.003833 -0.000459 0.600000 0.003861
3.736667 0.285366 0.000000 0.000000 0.000000 0.000000
0.063333 0.300000 0.000000 0.000000 0.000000 0.000000
0.190000 0.300000 -0.000313 0.001528 0.600000 0.001560
0.316667 0.300000 0.001906 -0.000145 0.600000 0.001912
0.443333 0.300000 0.009379 -0.000155 0.600000 0.009380
0.570000 0.300000 0.008178 0.002543 0.600000 0.008564
0.696667 0.300000 -0.001617 0.003779 0.600000 0.004110
0.823333 0.300000 0.008341 -0.003843 0.600000 0.009183
0.950000 0.300000 0.012488 -0.005278 0.600000 0.013557
1.076667 0.300000 0.008319 -0.003002 0.600000 0.008844
1.203333 0.300000 0.010480 -0.005498 0.600000 0.011834
1.330000 0.300000 -0.001206 -0.004954 0.600000 0.005099
1.456667 0.300000 -0.002118 -0.000648 0.600000 0.002215
1.583333 0.300000 0.008666 -0.005610 0.600000 0.010323
1.710000 0.300000 0.009596 -0.002024 0.600000 0.009807
1.836667 0.300000 0.007060 -0.000107 0.600000 0.007061
1.963333 0.300000 0.008133 -0.001041 0.600000 0.008200
2.090000 0.300000 0.006419 -0.004494 0.600000 0.007836
2.216667 0.300000 0.003246 -0.003440 0.600000 0.004729
2.343333 0.300000 0.002928 -0.007185 0.600000 0.007759
2.470000 0.300000 0.000706 -0.005051 0.600000 0.005101
2.596667 0.300000 -0.005716 -0.005996 0.600000 0.008284
2.723333 0.300000 -0.008837 -0.002279 0.600000 0.009126
2.850000 0.300000 -0.004565 0.000951 0.600000 0.004663
2.976667 0.300000 -0.000992 -0.001289 0.600000 0.001627
3.103333 0.300000 -0.006676 0.005130 0.600000 0.008419
3.230000 0.300000 -0.016520 0.006699 0.600000 0.017826
3.356667 0.300000 -0.021203 0.003220 0.600000 0.021446
3.483333 0.300000 -0.014524 -0.003424 0.600000 0.014922
3.610000 0.300000 -0.003344 -0.000713 0.600000 0.003419
3.736667 0.300000 0.000000 0.000000 0.000000 0.000000
0.063333 0.314634 0.000000 0.000000 0.000000 0.000000
0.190000 0.314634 0.000415 0.001688 0.600000 0.001738
0.316667 0.314634 0.003195 -0.000141 0.600000 0.003198
0.443333 0.314634 0.010817 -0.000116 0.600000 0.010818
0.570000 0.314634 0.010065 0.002544 0.600000 0.010382
0.696667 0.314634 -0.000625 0.004009 0.600000 0.004057
0.823333 0.314634 0.009416 -0.004456 0.600000 0.010417
0.950000 0.314634 0.014938 -0.006136 0.600000 0.016149
1.076667 0.314634 0.009085 -0.003095 0.600000 0.009598
1.203333 0.314634 0.010939 -0.004967 0.600000 0.012014
1.330000 0.314634 -0.000180 -0.005084 0.600000 0.005087
1.456667 0.314634 -0.002330 -0.002643 0.600000 0.003524
1.583333 0.314634 0.007656 -0.006959 0.600000 0.010346
1.710000 0.314634 0.008662 -0.001912 0.600000 0.008871
1.836667 0.314634 0.007391 -0.000098 0.600000 0.007392
1.963333 0.314634 0.008959 -0.001348 0.600000 0.009059
2.090000 0.314634 0.007123 -0.004840 0.600000 0.008612
2.216667 0.314634 0.003809 -0.003805 0.600000 0.005384
2.343333 0.314634 0.002706 -0.007994 0.600000 0.008440
2.470000 0.314634 0.000576 -0.006504 0.600000 0.006529
2.596667 0.314634 -0.005160 -0.006862 0.600000 0.008585
2.723333 0.314634 -0.008761 -0.002397 0.600000 0.009083
2.850000 0.314634 -0.004548 0.001574 0.600000 0.004812
2.976667 0.314634 -0.003400 -0.001328 0.600000 0.003650
3.103333 0.314634 -0.010123 0.006321 0.600000 0.011934
3.230000 0.314634 -0.017505 0.007347 0.600000 0.018984
3.356667 0.314634 -0.021380 0.005115 0.600000 0.021983
3.483333 0.314634 -0.014636 -0.004279 0.600000 0.015249
3.610000 0.314634 -0.003388 -0.000916 0.600000 0.003510
3.736667 0.314634 0.000000 0.000000 0.000000 0.000000
0.063333 0.329268 0.000000 0.000000 0.000000 0.000000
0.190000 0.329268 0.001123 0.001679 0.600000 0.002020
0.316667 0.329268 0.004425 -0.000118 0.600000 0.004426
0.443333 0.329268 0.012133 -0.000155 0.600000 0.012134
0.570000 0.329268 0.012000 0.002444 0.600000 0.012246
0.696667 0.329268 0.000086 0.004454 0.600000 0.004455
0.823333 0.329268 0.009691 -0.005311 0.600000 0.011051
0.950000 0.329268 0.015254 -0.006974 0.600000 0.016773
1.076667 0.329268 0.008049 -0.002951 0.600000 0.008573
1.203333 0.329268 0.010969 -0.004798 0.600000 0.011973
1.330000 0.329268 -0.000228 -0.004945 0.600000 0.004950
1.456667 0.329268 -0.003329 -0.004654 0.600000 0.005722
1.583333 0.329268 0.006578 -0.008344 0.600000 0.010625
1.710000 0.329268 0.007189 -0.001919 0.600000 0.007441
1.836667 0.329268 0.006981 -0.000214 0.600000 0.006984
1.963333 0.329268 0.009165 -0.001642 0.600000 0.009311
2.090000 0.329268 0.006874 -0.005251 0.600000 0.008650
2.216667 0.329268 0.003659 -0.004249 0.600000 0.005608
2.343333 0.329268 0.001779 -0.008735 0.600000 0.008914
2.470000 0.329268 -0.000574 -0.008372 0.600000 0.008391
2.596667 0.329268 -0.005266 -0.007749 0.600000 0.009369
2.723333 0.329268 -0.009127 -0.002536 0.600000 0.009473
2.850000 0.329268 -0.004686 0.002039 0.600000 0.005111
2.976667 0.329268 -0.002961 -0.001036 0.600000 0.003137
3.103333 0.329268 -0.010044 0.007011 0.600000 0.012249
3.230000 0.329268 -0.017691 0.007775 0.600000 0.019324
3.356667 0.329268 -0.021448 0.007071 0.600000 0.022583
3.483333 0.329268 -0.014617 -0.005136 0.600000 0.015493
3.610000 0.329268 -0.003425 -0.001117 0.600000 0.003603
3.736667 0.329268 0.000000 0.000000 0.000000 0.000000
0.063333 0.343902 0.000000 0.000000 0.000000 0.000000
0.190000 0.343902 0.000905 0.001614 0.600000 0.001850
0.316667 0.343902 0.003995 -0.000098 0.600000 0.003996
0.443333 0.343902 0.011559 -0.000242 0.600000 0.011562
0.570000 0.343902 0.011595 0.002212 0.600000 0.011804
0.696667 0.343902 0.000620 0.005050 0.600000 0.005088
0.823333 0.343902 0.009476 -0.006037 0.600000 0.011236
0.950000 0.343902 0.013914 -0.007768 0.600000 0.015935
1.076667 0.343902 0.006840 -0.002783 0.600000 0.007385
1.203333 0.343902 0.009466 -0.004845 0.600000 0.010634
1.330000 0.343902 -0.000200 -0.005060 0.600000 0.005064
1.456667 0.343902 -0.002677 -0.006738 0.600000 0.007251
1.583333 0.343902 0.005968 -0.009868 0.600000 0.011533
1.710000 0.343902 0.006118 -0.001932 0.600000 0.006416
1.836667 0.343902 0.004816 -0.000286 0.600000 0.004824
1.963333 0.343902 0.005669 -0.001884 0.600000 0.005973
2.090000 0.343902 0.002914 -0.005762 0.600000 0.006457
2.216667 0.343902 -0.000260 -0.004789 0.600000 0.004796
2.343333 0.343902 -0.001611 -0.009581 0.600000 0.009716
2.470000 0.343902 -0.003712 -0.009259 0.600000 0.009975
2.596667 0.343902 -0.007100 -0.008880 0.600000 0.011369
2.723333 0.343902 -0.010054 -0.002694 0.600000 0.010409
2.850000 0.343902 -0.005449 0.002300 0.600000 0.005915
2.976667 0.343902 -0.002329 -0.000803 0.600000 0.002463
3.103333 0.343902 -0.009132 0.007601 0.600000 0.011881
3.230000 0.343902 -0.017396 0.008007 0.600000 0.019151
3.356667 0.343902 -0.020540 0.008959 0.600000 0.022409
3.483333 0.343902 -0.013757 -0.005819 0.600000 0.014937
3.610000 0.343902 -0.003506 -0.001325 0.600000 0.003748
3.736667 0.343902 0.000000 0.000000 0.000000 0.000000
0.063333 0.358537 0.000000 0.000000 0.000000 0.000000
0.190000 0.358537 0.000577 0.001613 0.600000 0.001713
0.316667 0.358537 0.003355 -0.000107 0.600000 0.003357
0.443333 0.358537 0.010832 -0.000361 0.600000 0.010838
0.570000 0.358537 0.010970 0.001850 0.600000 0.011125
0.696667 0.358537 0.001168 0.005633 0.600000 0.005753
0.823333 0.358537 0.009351 -0.006455 0.599999 0.011363
0.950000 0.358537 0.012668 -0.008638 0.600000 0.015333
1.076667 0.358537 0.006042 -0.002611 0.600000 0.006582
1.203333 0.358537 0.008763 -0.004978 0.600000 0.010078
1.330000 0.358537 0.000335 -0.005864 0.600000 0.005873
1.456667 0.358537 -0.002043 -0.008868 0.600000 0.009101
1.583333 0.358537 0.005133 -0.011622 0.599998 0.012705
1.710000 0.358537 0.005197 -0.002051 0.600000 0.005587
1.836667 0.358537 0.003071 -0.000057 0.600000 0.003072
1.963333 0.358537 0.002281 -0.002079 0.600000 0.003087
2.090000 0.358537 -0.000738 -0.006430 0.600000 0.006473
2.216667 0.358537 -0.004211 -0.005348 0.600000 0.006807
2.343333 0.358537 -0.005099 -0.010766 0.600000 0.011913
2.470000 0.358537 -0.006595 -0.007879 0.599999 0.010275
2.596667 0.358537 -0.008999 -0.010404 0.600000 0.013755
2.723333 0.358537 -0.011530 -0.002872 0.600000 0.011883
2.850000 0.358537 -0.009410 0.002632 0.600000 0.009771
2.976667 0.358537 -0.004780 -0.001022 0.600000 0.004888
3.103333 0.358537 -0.009436 0.008320 0.600000 0.012580
3.230000 0.358537 -0.018047 0.008068 0.600000 0.019768
3.356667 0.358537 -0.019535 0.010677 0.600000 0.022263
3.483333 0.358537 -0.012787 -0.006182 0.600000 0.014203
3.610000 0.358537 -0.003547 -0.001542 0.600000 0.003868
3.736667 0.358537 0.000000 0.000000 0.000000 0.000000
0.063333 0.373171 0.000000 0.000000 0.000000 0.000000
0.190000 0.373171 0.000278 0.001683 0.600000 0.001706
0.316667 0.373171 0.002795 -0.000157 0.600000 0.002800
0.443333 0.373171 0.010184 -0.000536 0.600000 0.010198
0.570000 0.373171 0.010372 0.001348 0.600000 0.010460
0.696667 0.373171 0.000718 0.006293 0.600000 0.006334
0.823333 0.373171 0.008286 -0.006784 0.599989 0.010709
0.950000 0.373171 0.011987 -0.009646 0.599992 0.015387
1.076667 0.373171 0.007112 -0.002543 0.600000 0.007553
1.203333 0.373171 0.010173 -0.005169 0.599999 0.011411
1.330000 0.373171 0.002888 -0.007134 0.599999 0.007696
1.456667 0.373171 -0.000018 -0.010003 0.599998 0.010003
1.583333 0.373171 0.004242 -0.014045 0.599977 0.014672
1.710000 0.373171 0.003848 -0.002422 0.599997 0.004546
1.836667 0.373171 0.002317 0.000362 0.600000 0.002345
1.963333 0.373171 0.001780 -0.002313 0.600000 0.002918
2.090000 0.373171 -0.001237 -0.007276 0.599999 0.007381
2.216667 0.373171 -0.005111 -0.005897 0.599999 0.007804
2.343333 0.373171 -0.006910 -0.012172 0.599996 0.013997
2.470000 0.373171 -0.008250 -0.005659 0.599992 0.010004
2.596667 0.373171 -0.010215 -0.012179 0.599997 0.015896
2.723333 0.373171 -0.013629 -0.003049 0.599997 0.013966
2.850000 0.373171 -0.014010 0.003348 0.600000 0.014404
2.976667 0.373171 -0.008406 -0.001948 0.599995 0.008629
3.103333 0.373171 -0.011016 0.009204 0.600000 0.014355
3.230000 0.373171 -0.019285 0.007917 0.600000 0.020847
3.356667 0.373171 -0.019330 0.012322 0.600000 0.022924
3.483333 0.373171 -0.012016 -0.006431 0.600000 0.013629
3.610000 0.373171 -0.003043 -0.001704 0.600000 0.003488
3.736667 0.373171 0.000000 0.000000 0.000000 0.000000
0.063333 0.387805 0.000000 0.000000 0.000000 0.000000
0.190000 0.387805 0.000148 0.001803 0.600000 0.001809
0.316667 0.387805 0.002546 -0.000256 0.600000 0.002559
0.443333 0.387805 0.009728 -0.000781 0.600000 0.009759
0.570000 0.387805 0.009959 0.000662 0.599993 0.009981
0.696667 0.387805 0.001382 0.007070 0.600000 0.007203
0.823333 0.387805 0.008619 -0.007065 0.599862 0.011145
0.950000 0.387805 0.013074 -0.010988 0.599891 0.017078
1.076667 0.387805 0.009509 -0.002539 0.599989 0.009842
1.203333 0.387805 0.011340 -0.005377 0.599969 0.012550
1.330000 0.387805 0.004767 -0.008746 0.599969 0.009961
1.456667 0.387805 0.001543 -0.009110 0.599975 0.009239
1.583333 0.387805 0.003347 -0.017375 0.599799 0.017694
1.710000 0.387805 0.002219 -0.002950 0.599963 0.003692
1.836667 0.387805 0.001183 0.000791 0.600000 0.001423
1.963333 0.387805 0.001120 -0.002663 0.600000 0.002889
2.090000 0.387805 -0.001947 -0.008305 0.599989 0.008530
2.216667 0.387805 -0.006123 -0.006469 0.599993 0.008907
2.343333 0.387805 -0.008817 -0.013604 0.599957 0.016211
2.470000 0.387805 -0.010353 -0.003826 0.599921 0.011037
2.596667 0.387805 -0.013991 -0.013816 0.599966 0.019663
2.723333 0.387805 -0.018102 -0.003439 0.599962 0.018426
2.850000 0.387805 -0.016715 0.004232 0.599999 0.017243
2.976667 0.387805 -0.012697 -0.002999 0.599926 0.013046
3.103333 0.387805 -0.015673 0.009974 0.600000 0.018577
3.230000 0.387805 -0.021020 0.007553 0.599999 0.022336
3.356667 0.387805 -0.018890 0.013980 0.600000 0.023500
3.483333 0.387805 -0.010937 -0.006709 0.600000 0.012831
3.610000 0.387805 -0.002582 -0.001755 0.600000 0.003122
3.736667 0.387805 0.000000 0.000000 0.000000 0.000000
0.063333 0.402439 0.000000 0.000000 0.000000 0.000000
0.190000 0.402439 0.000706 0.001874 0.600000 0.002003
0.316667 0.402439 0.003562 -0.000388 0.600000 0.003583
0.443333 0.402439 0.010687 -0.001110 0.599997 0.010745
0.570000 0.402439 0.011673 -0.000248 0.599751 0.011675
0.696667 0.402439 0.004099 0.007822 0.599998 0.008831
0.823333 0.402439 0.010869 -0.007074 0.598541 0.012969
0.950000 0.402439 0.015127 -0.012393 0.598931 0.019555
1.076667 0.402439 0.010635 -0.002362 0.599610 0.010894
1.203333 0.402439 0.010538 -0.005610 0.599489 0.011938
1.330000 0.402439 0.003725 -0.010375 0.599515 0.011024
1.456667 0.402439 0.000882 -0.007367 0.599641 0.007419
1.583333 0.402439 0.002076 -0.020571 0.598803 0.020676
1.710000 0.402439 0.000094 -0.003442 0.599673 0.003443
1.836667 0.402439 -0.000115 0.001171 0.600000 0.001177
1.963333 0.402439 0.000371 -0.003128 0.599995 0.003150
2.090000 0.402439 -0.003130 -0.009277 0.599905 0.009790
2.216667 0.402439 -0.007463 -0.006909 0.599935 0.010170
2.343333 0.402439 -0.011010 -0.014693 0.599541 0.018360
2.470000 0.402439 -0.013040 -0.002200 0.599307 0.013224
2.596667 0.402439 -0.018111 -0.014841 0.599648 0.023415
2.723333 0.402439 -0.022700 -0.004056 0.599644 0.023059
2.850000 0.402439 -0.019513 0.004985 0.599982 0.020140
2.976667 0.402439 -0.017232 -0.003449 0.599162 0.017574
3.103333 0.402439 -0.019040 0.010321 0.600000 0.021658
3.230000 0.402439 -0.021395 0.005823 0.600000 0.022174
3.356667 0.402439 -0.018753 0.015326 0.600000 0.024219
3.483333 0.402439 -0.010287 -0.006904 0.600000 0.012390
3.610000 0.402439 -0.002566 -0.001753 0.600000 0.003107
3.736667 0.402439 0.000000 0.000000 0.000000 0.000000
0.063333 0.417073 0.000000 0.000000 0.000000 0.000000
0.190000 0.417073 0.001211 0.001825 0.600000 0.002190
0.316667 0.417073 0.004447 -0.000514 0.600000 0.004476
0.443333 0.417073 0.011183 -0.001457 0.599936 0.011277
0.570000 0.417073 0.012628 0.000506 0.594879 0.012638
0.696667 0.417073 0.006901 0.009762 0.592661 0.011955
0.823333 0.417073 0.012383 -0.005517 0.587785 0.013556
0.950000 0.417073 0.014846 -0.011317 0.593143 0.018668
1.076667 0.417073 0.010228 -0.000609 0.589761 0.010247
1.203333 0.417073 0.009773 -0.004523 0.594488 0.010769
1.330000 0.417073 0.005132 -0.010750 0.596077 0.011912
1.456667 0.417073 0.002697 -0.005261 0.592709 0.005912
1.583333 0.417073 0.000479 -0.021783 0.596288 0.021788
1.710000 0.417073 -0.002431 -0.002697 0.595546 0.003631
1.836667 0.417073 -0.001457 0.001457 0.599996 0.002061
1.963333 0.417073 -0.001347 -0.003552 0.599831 0.003799
2.090000 0.417073 -0.005568 -0.008903 0.594021 0.010500
2.216667 0.417073 -0.009550 -0.006035 0.594381 0.011297
2.343333 0.417073 -0.014333 -0.014036 0.595325 0.020061
2.470000 0.417073 -0.016779 0.000030 0.592110 0.016779
2.596667 0.417073 -0.021374 -0.014002 0.597309 0.025552
2.723333 0.417073 -0.026923 -0.003339 0.595136 0.027130
2.850000 0.417073 -0.023249 0.006543 0.590863 0.024152
2.976667 0.417073 -0.020546 -0.002167 0.593407 0.020660
3.103333 0.417073 -0.020818 0.011529 0.592145 0.023797
3.230000 0.417073 -0.021173 0.004376 0.594484 0.021621
3.356667 0.417073 -0.018742 0.016038 0.600000 0.024668
3.483333 0.417073 -0.010086 -0.007024 0.600000 0.012290
3.610000 0.417073 -0.002538 -0.001750 0.600000 0.003083
3.736667 0.417073 0.000000 0.000000 0.000000 0.000000
0.063333 0.431707 0.000000 0.000000 0.000000 0.000000
0.190000 0.431707 0.001102 0.001732 0.600000 0.002052
0.316667 0.431707 0.004163 -0.000621 0.600000 0.004209
0.443333 0.431707 0.010340 -0.001690 0.599999 0.010477
0.570000 0.431707 0.012347 0.002046 0.599884 0.012515
0.696667 0.431707 0.008511 0.011959 0.598487 0.014678
0.823333 0.431707 0.013578 -0.005225 0.599984 0.014548
0.950000 0.431707 0.014561 -0.009421 0.599998 0.017343
1.076667 0.431707 0.010269 0.000794 0.599799 0.010300
1.203333 0.431707 0.009607 -0.003238 0.599992 0.010138
1.330000 0.431707 0.006420 -0.010503 0.599994 0.012310
1.456667 0.431707 0.003511 -0.004004 0.599969 0.005326
1.583333 0.431707 -0.001588 -0.021655 0.599997 0.021713
1.710000 0.431707 -0.005288 -0.001776 0.599752 0.005578
1.836667 0.431707 -0.004208 0.001749 0.600000 0.004557
1.963333 0.431707 -0.005427 -0.003784 0.599999 0.006617
2.090000 0.431707 -0.010392 -0.008206 0.599976 0.013241
2.216667 0.431707 -0.014230 -0.005061 0.599680 0.015103
2.343333 0.431707 -0.019046 -0.013027 0.599987 0.023075
2.470000 0.431707 -0.022136 0.001470 0.599629 0.022184
2.596667 0.431707 -0.027524 -0.012444 0.599995 0.030206
2.723333 0.431707 -0.032685 -0.002450 0.599861 0.032777
2.850000 0.431707 -0.027542 0.007606 0.598898 0.028572
2.976667 0.431707 -0.023448 -0.000875 0.599953 0.023464
3.103333 0.431707 -0.023999 0.013260 0.598718 0.027419
3.230000 0.431707 -0.023038 0.004448 0.598720 0.023464
3.356667 0.431707 -0.018298 0.016475 0.600000 0.024622
3.483333 0.431707 -0.009813 -0.007116 0.600000 0.012122
3.610000 0.431707 -0.002541 -0.001750 0.600000 0.003085
3.736667 0.431707 0.000000 0.000000 0.000000 0.000000
0.063333 0.446341 0.000000 0.000000 0.000000 0.000000
0.190000 0.446341 0.000948 0.001673 0.600000 0.001923
0.316667 0.446341 0.003788 -0.000716 0.600000 0.003855
0.443333 0.446341 0.009750 -0.001803 0.600000 0.009915
0.570000 0.446341 0.012161 0.002493 0.599993 0.012414
0.696667 0.446341 0.010437 0.012203 0.599812 0.016058
0.823333 0.446341 0.014702 -0.006489 0.599998 0.016070
0.950000 0.446341 0.014070 -0.008198 0.600000 0.016285
1.076667 0.446341 0.010154 0.000519 0.599998 0.010167
1.203333 0.446341 0.009264 -0.002783 0.600000 0.009673
1.330000 0.446341 0.005702 -0.010179 0.600000 0.011667
1.456667 0.446341 0.002412 -0.003613 0.600000 0.004344
1.583333 0.446341 -0.003691 -0.020752 0.600000 0.021078
1.710000 0.446341 -0.008420 -0.001705 0.599993 0.008591
1.836667 0.446341 -0.007293 0.002109 0.600000 0.007592
1.963333 0.446341 -0.008873 -0.003831 0.600000 0.009665
2.090000 0.446341 -0.014302 -0.007656 0.600000 0.016222
2.216667 0.446341 -0.018438 -0.004694 0.599999 0.019026
2.343333 0.446341 -0.023272 -0.012288 0.599999 0.026317
2.470000 0.446341 -0.026841 0.001505 0.599976 0.026883
2.596667 0.446341 -0.032630 -0.011188 0.600000 0.034494
2.723333 0.446341 -0.037177 -0.002583 0.599997 0.037267
2.850000 0.446341 -0.032891 0.006686 0.599918 0.033564
2.976667 0.446341 -0.028544 -0.000916 0.599995 0.028559
3.103333 0.446341 -0.026902 0.013238 0.599832 0.029982
3.230000 0.446341 -0.024452 0.004141 0.599772 0.024800
3.356667 0.446341 -0.018208 0.016904 0.600000 0.024845
3.483333 0.446341 -0.009316 -0.007174 0.600000 0.011758
3.610000 0.446341 -0.002490 -0.001752 0.600000 0.003045
3.736667 0.446341 0.000000 0.000000 0.000000 0.000000
0.063333 0.460976 0.000000 0.000000 0.000000 0.000000
0.190000 0.460976 0.000834 0.001647 0.600000 0.001846
0.316667 0.460976 0.003507 -0.000797 0.600000 0.003596
0.443333 0.460976 0.009338 -0.001854 0.600000 0.009520
0.570000 0.460976 0.012158 0.002820 0.600000 0.012481
0.696667 0.460976 0.012181 0.012079 0.599984 0.017155
0.823333 0.460976 0.015853 -0.007274 0.600000 0.017442
0.950000 0.460976 0.014020 -0.007129 0.600000 0.015728
1.076667 0.460976 0.010995 0.000251 0.600000 0.010998
1.203333 0.460976 0.009797 -0.002274 0.600000 0.010057
1.330000 0.460976 0.005338 -0.009761 0.600000 0.011126
1.456667 0.460976 0.001611 -0.003220 0.600000 0.003600
1.583333 0.460976 -0.005664 -0.019600 0.600000 0.020402
1.710000 0.460976 -0.011364 -0.001653 0.600000 0.011484
1.836667 0.460976 -0.009372 0.002412 0.600000 0.009677
1.963333 0.460976 -0.010218 -0.003774 0.600000 0.010893
2.090000 0.460976 -0.015940 -0.007062 0.600000 0.017434
2.216667 0.460976 -0.020531 -0.004280 0.600000 0.020973
2.343333 0.460976 -0.026150 -0.011494 0.600000 0.028564
2.470000 0.460976 -0.030058 0.001575 0.599999 0.030099
2.596667 0.460976 -0.035295 -0.009984 0.600000 0.036680
2.723333 0.460976 -0.040445 -0.002666 0.600000 0.040533
2.850000 0.460976 -0.037962 0.005990 0.599996 0.038432
2.976667 0.460976 -0.033329 -0.001257 0.599999 0.033352
3.103333 0.460976 -0.028895 0.012885 0.599982 0.031638
3.230000 0.460976 -0.025623 0.003843 0.599971 0.025909
3.356667 0.460976 -0.018542 0.017132 0.600000 0.025245
3.483333 0.460976 -0.008271 -0.007212 0.600000 0.010974
3.610000 0.460976 -0.002090 -0.001723 0.600000 0.002709
3.736667 0.460976 0.000000 0.000000 0.000000 0.000000
0.063333 0.475610 0.000000 0.000000 0.000000 0.000000
0.190000 0.475610 0.000843 0.001638 0.600000 0.001842
0.316667 0.475610 0.003465 -0.000861 0.600000 0.003571
0.443333 0.475610 0.009160 -0.001863 0.600000 0.009348
0.570000 0.475610 0.012358 0.003038 0.600000 0.012726
0.696667 0.475610 0.013845 0.011687 0.599999 0.018118
0.823333 0.475610 0.017201 -0.007693 0.600000 0.018843
0.950000 0.475610 0.014961 -0.006239 0.600000 0.016210
1.076667 0.475610 0.012402 0.000006 0.600000 0.012402
1.203333 0.475610 0.010482 -0.001669 0.600000 0.010614
1.330000 0.475610 0.005236 -0.009245 0.600000 0.010625
1.456667 0.475610 0.000865 -0.002800 0.600000 0.002931
1.583333 0.475610 -0.007470 -0.018216 0.600000 0.019688
1.710000 0.475610 -0.014577 -0.001557 0.600000 0.014660
1.836667 0.475610 -0.011834 0.002531 0.600000 0.012101
1.963333 0.475610 -0.011544 -0.003654 0.600000 0.012109
2.090000 0.475610 -0.017534 -0.006415 0.600000 0.018671
2.216667 0.475610 -0.022533 -0.003818 0.600000 0.022854
2.343333 0.475610 -0.028889 -0.010572 0.600000 0.030763
2.470000 0.475610 -0.033074 0.001588 0.600000 0.033112
2.596667 0.475610 -0.038021 -0.008821 0.600000 0.039031
2.723333 0.475610 -0.043682 -0.002581 0.600000 0.043758
2.850000 0.475610 -0.041620 0.005379 0.600000 0.041966
2.976667 0.475610 -0.038147 -0.001583 0.600000 0.038180
3.103333 0.475610 -0.033383 0.012149 0.599999 0.035525
3.230000 0.475610 -0.027927 0.003571 0.599997 0.028154
3.356667 0.475610 -0.018620 0.017046 0.600000 0.025245
3.483333 0.475610 -0.007120 -0.007208 0.600000 0.010132
3.610000 0.475610 -0.001740 -0.001632 0.600000 0.002385
3.736667 0.475610 0.000000 0.000000 0.000000 0.000000
0.063333 0.490244 0.000000 0.000000 0.000000 0.000000
0.190000 0.490244 0.001284 0.001577 0.600000 0.002033
0.316667 0.490244 0.004170 -0.000891 0.600000 0.004264
0.443333 0.490244 0.009763 -0.001853 0.600000 0.009937
0.570000 0.490244 0.013507 0.003150 0.600000 0.013869
0.696667 0.490244 0.016261 0.011085 0.600000 0.019680
0.823333 0.490244 0.019422 -0.007844 0.600000 0.020946
0.950000 0.490244 0.016296 -0.005468 0.600000 0.017189
1.076667 0.490244 0.013022 -0.000091 0.600000 0.013022
1.203333 0.490244 0.011536 -0.001178 0.600000 0.011596
1.330000 0.490244 0.006120 -0.008504 0.600000 0.010477
1.456667 0.490244 0.000197 -0.002352 0.600000 0.002360
1.583333 0.490244 -0.009171 -0.016619 0.600000 0.018982
1.710000 0.490244 -0.017557 -0.001364 0.600000 0.017610
1.836667 0.490244 -0.014089 0.002437 0.600000 0.014298
1.963333 0.490244 -0.012864 -0.003464 0.600000 0.013323
2.090000 0.490244 -0.019237 -0.005723 0.600000 0.020070
2.216667 0.490244 -0.024569 -0.003317 0.600000 0.024792
2.343333 0.490244 -0.031557 -0.009531 0.600000 0.032965
2.470000 0.490244 -0.036030 0.001548 0.600000 0.036063
2.596667 0.490244 -0.040750 -0.007664 0.600000 0.041464
2.723333 0.490244 -0.046705 -0.002396 0.600000 0.046766
2.850000 0.490244 -0.044892 0.004747 0.600000 0.045142
2.976667 0.490244 -0.042677 -0.001607 0.600000 0.042707
3.103333 0.490244 -0.037886 0.011070 0.600000 0.039470
3.230000 0.490244 -0.030299 0.003144 0.600000 0.030462
3.356667 0.490244 -0.018574 0.016632 0.600000 0.024932
3.483333 0.490244 -0.006208 -0.007096 0.600000 0.009428
3.610000 0.490244 -0.001658 -0.001496 0.600000 0.002233
3.736667 0.490244 0.000000 0.000000 0.000000 0.000000
0.063333 0.504878 0.000000 0.000000 0.000000 0.000000
0.190000 0.504878 0.001665 0.001417 0.600000 0.002187
0.316667 0.504878 0.004749 -0.000874 0.600000 0.004829
0.443333 0.504878 0.009963 -0.001813 0.600000 0.010127
0.570000 0.504878 0.014307 0.003115 0.600000 0.014642
0.696667 0.504878 0.018670 0.010298 0.600000 0.021321
0.823333 0.504878 0.021424 -0.007740 0.600000 0.022779
0.950000 0.504878 0.016728 -0.004668 0.600000 0.017367
1.076667 0.504878 0.012986 -0.000080 0.600000 0.012986
1.203333 0.504878 0.012171 -0.000923 0.600000 0.012206
1.330000 0.504878 0.006581 -0.007488 0.600000 0.009969
1.456667 0.504878 -0.000377 -0.001880 0.600000 0.001917
1.583333 0.504878 -0.010852 -0.014798 0.600000 0.018351
1.710000 0.504878 -0.020122 -0.001145 0.600000 0.020154
1.836667 0.504878 -0.015972 0.002222 0.600000 0.016125
1.963333 0.504878 -0.014438 -0.003192 0.600000 0.014786
2.090000 0.504878 -0.021226 -0.004983 0.600000 0.021803
2.216667 0.504878 -0.026775 -0.002800 0.600000 0.026921
2.343333 0.504878 -0.034323 -0.008369 0.600000 0.035328
2.470000 0.504878 -0.039106 0.001455 0.600000 0.039133
2.596667 0.504878 -0.043598 -0.006507 0.600000 0.044081
2.723333 0.504878 -0.049776 -0.002151 0.600000 0.049823
2.850000 0.504878 -0.047988 0.004086 0.600000 0.048162
2.976667 0.504878 -0.045748 -0.001462 0.600000 0.045772
3.103333 0.504878 -0.040730 0.009791 0.600000 0.041890
3.230000 0.504878 -0.032642 0.002612 0.600000 0.032747
3.356667 0.504878 -0.018714 0.015826 0.600000 0.024509
3.483333 0.504878 -0.005150 -0.006822 0.600000 0.008548
3.610000 0.504878 -0.001582 -0.001337 0.600000 0.002071
3.736667 0.504878 0.000000 0.000000 0.000000 0.000000
0.063333 0.519512 0.000000 0.000000 0.000000 0.000000
0.190000 0.519512 0.001709 0.001212 0.600000 0.002095
0.316667 0.519512 0.004722 -0.000813 0.600000 0.004792
0.443333 0.519512 0.009512 -0.001699 0.600000 0.009663
0.570000 0.519512 0.014306 0.002900 0.600000 0.014597
0.696667 0.519512 0.021090 0.009225 0.600000 0.023020
0.823333 0.519512 0.023450 -0.007258 0.600000 0.024547
0.950000 0.519512 0.016677 -0.003825 0.600000 0.017110
1.076667 0.519512 0.012958 -0.000061 0.600000 0.012958
1.203333 0.519512 0.012019 -0.000740 0.600000 0.012042
1.330000 0.519512 0.006166 -0.006349 0.600000 0.008850
1.456667 0.519512 -0.000891 -0.001400 0.600000 0.001659
1.583333 0.519512 -0.012394 -0.012739 0.600000 0.017774
1.710000 0.519512 -0.022754 -0.000936 0.600000 0.022774
1.836667 0.519512 -0.018571 0.002011 0.600000 0.018679
1.963333 0.519512 -0.017072 -0.002837 0.600000 0.017306
2.090000 0.519512 -0.024085 -0.004210 0.600000 0.024450
2.216667 0.519512 -0.029792 -0.002273 0.600000 0.029879
2.343333 0.519512 -0.037665 -0.007115 0.600000 0.038331
2.470000 0.519512 -0.043009 0.001371 0.600000 0.043030
2.596667 0.519512 -0.047116 -0.005429 0.600000 0.047428
2.723333 0.519512 -0.052859 -0.001851 0.600000 0.052891
2.850000 0.519512 -0.051172 0.003385 0.600000 0.051284
2.976667 0.519512 -0.048965 -0.001274 0.600000 0.048982
3.103333 0.519512 -0.043554 0.008398 0.600000 0.044357
3.230000 0.519512 -0.034888 0.002069 0.600000 0.034949
3.356667 0.519512 -0.018622 0.014528 0.600000 0.023618
3.483333 0.519512 -0.003867 -0.006339 0.600000 0.007425
3.610000 0.519512 -0.001514 -0.001155 0.600000 0.001904
3.736667 0.519512 0.000000 0.000000 0.000000 0.000000
0.063333 0.534146 0.000000 0.000000 0.000000 0.000000
0.190000 0.534146 0.001768 0.001001 0.600000 0.002031
0.316667 0.534146 0.004720 -0.000714 0.600000 0.004773
0.443333 0.534146 0.009081 -0.001502 0.600000 0.009204
0.570000 0.534146 0.014257 0.002518 0.600000 0.014478
0.696667 0.534146 0.023370 0.007770 0.600000 0.024628
0.823333 0.534146 0.025458 -0.006317 0.600000 0.026230
0.950000 0.534146 0.016729 -0.002975 0.600000 0.016992
1.076667 0.534146 0.013060 -0.000057 0.600000 0.013060
1.203333 0.534146 0.012141 -0.000529 0.600000 0.012153
1.330000 0.534146 0.005649 -0.005133 0.600000 0.007633
1.456667 0.534146 -0.001592 -0.000963 0.600000 0.001861
1.583333 0.534146 -0.013732 -0.010444 0.600000 0.017253
1.710000 0.534146 -0.025270 -0.000701 0.600000 0.025279
1.836667 0.534146 -0.020910 0.001813 0.600000 0.020988
1.963333 0.534146 -0.019180 -0.002403 0.600000 0.019330
2.090000 0.534146 -0.026520 -0.003400 0.600000 0.026737
2.216667 0.534146 -0.032468 -0.001735 0.600000 0.032514
2.343333 0.534146 -0.040711 -0.005790 0.600000 0.041121
2.470000 0.534146 -0.046366 0.001317 0.600000 0.046385
2.596667 0.534146 -0.050238 -0.004453 0.600000 0.050435
2.723333 0.534146 -0.056065 -0.001491 0.600000 0.056085
2.850000 0.534146 -0.054899 0.002694 0.600000 0.054965
2.976667 0.534146 -0.052662 -0.001097 0.600000 0.052673
3.103333 0.534146 -0.046335 0.006865 0.600000 0.046841
3.230000 0.534146 -0.037074 0.001531 0.600000 0.037106
3.356667 0.534146 -0.018093 0.012639 0.600000 0.022070
3.483333 0.534146 -0.002137 -0.005566 0.600000 0.005962
3.610000 0.534146 -0.001429 -0.000948 0.600000 0.001714
3.736667 0.534146 0.000000 0.000000 0.000000 0.000000
0.063333 0.548780 0.000000 0.000000 0.000000 0.000000
0.190000 0.548780 0.001901 0.000773 0.600000 0.002052
0.316667 0.548780 0.004846 -0.000573 0.600000 0.004879
0.443333 0.548780 0.008725 -0.001215 0.600000 0.008809
0.570000 0.548780 0.014209 0.001981 0.600000 0.014347
0.696667 0.548780 0.025341 0.005968 0.600000 0.026034
0.823333 0.548780 0.027230 -0.004974 0.600000 0.027680
0.950000 0.548780 0.016920 -0.002118 0.600000 0.017052
1.076667 0.548780 0.013008 -0.000038 0.600000 0.013008
1.203333 0.548780 0.012190 -0.000347 0.600000 0.012195
1.330000 0.548780 0.005479 -0.003790 0.600000 0.006662
1.456667 0.548780 -0.001978 -0.000609 0.600000 0.002069
1.583333 0.548780 -0.015049 -0.007886 0.600000 0.016990
1.710000 0.548780 -0.027747 -0.000460 0.600000 0.027751
1.836667 0.548780 -0.022638 0.001523 0.600000 0.022689
1.963333 0.548780 -0.020363 -0.001879 0.600000 0.020449
2.090000 0.548780 -0.028153 -0.002525 0.600000 0.028266
2.216667 0.548780 -0.034386 -0.001204 0.600000 0.034408
2.343333 0.548780 -0.043215 -0.004350 0.600000 0.043433
2.470000 0.548780 -0.048806 0.001176 0.600000 0.048820
2.596667 0.548780 -0.052673 -0.003418 0.600000 0.052783
2.723333 0.548780 -0.059370 -0.001079 0.600000 0.059379
2.850000 0.548780 -0.058324 0.002027 0.600000 0.058359
2.976667 0.548780 -0.056066 -0.000949 0.600000 0.056074
3.103333 0.548780 -0.049074 0.005179 0.600000 0.049347
3.230000 0.548780 -0.039259 0.001014 0.600000 0.039272
3.356667 0.548780 -0.017429 0.010052 0.600000 0.020120
3.483333 0.548780 -0.000160 -0.004448 0.600000 0.004450
3.610000 0.548780 -0.001275 -0.000705 0.600000 0.001456
3.736667 0.548780 0.000000 0.000000 0.000000 0.000000
0.063333 0.563415 0.000000 0.000000 0.000000 0.000000
0.190000 0.563415 0.002128 0.000507 0.600000 0.002187
0.316667 0.563415 0.005128 -0.000383 0.600000 0.005142
0.443333 0.563415 0.008428 -0.000822 0.600000 0.008467
0.570000 0.563415 0.014149 0.001294 0.600000 0.014208
0.696667 0.563415 0.027415 0.003836 0.600000 0.027682
0.823333 0.563415 0.029160 -0.003262 0.600000 0.029342
0.950000 0.563415 0.017369 -0.001277 0.600000 0.017416
1.076667 0.563415 0.013503 0.000019 0.600000 0.013503
1.203333 0.563415 0.012673 -0.000214 0.600000 0.012675
1.330000 0.563415 0.005775 -0.002350 0.600000 0.006235
1.456667 0.563415 -0.001841 -0.000307 0.600000 0.001867
1.583333 0.563415 -0.016317 -0.005005 0.600000 0.017067
1.710000 0.563415 -0.030385 -0.000248 0.600000 0.030386
1.836667 0.563415 -0.024413 0.001065 0.600000 0.024436
1.963333 0.563415 -0.021575 -0.001238 0.600000 0.021610
2.090000 0.563415 -0.029848 -0.001571 0.600000 0.029889
2.216667 0.563415 -0.036295 -0.000693 0.600000 0.036302
2.343333 0.563415 -0.045759 -0.002747 0.600000 0.045841
2.470000 0.563415 -0.051270 0.000856 0.600000 0.051278
2.596667 0.563415 -0.055148 -0.002204 0.600000 0.055192
2.723333 0.563415 -0.062733 -0.000643 0.600000 0.062736
2.850000 0.563415 -0.061247 0.001299 0.600000 0.061261
2.976667 0.563415 -0.059302 -0.000707 0.600000 0.059307
3.103333 0.563415 -0.052046 0.003290 0.600000 0.052150
3.230000 0.563415 -0.041450 0.000544 0.600000 0.041454
3.356667 0.563415 -0.016758 0.006680 0.600000 0.018041
3.483333 0.563415 0.001803 -0.002971 0.600000 0.003475
3.610000 0.563415 -0.001218 -0.000428 0.600000 0.001291
3.736667 0.563415 0.000000 0.000000 0.000000 0.000000
0.063333 0.578049 0.000000 0.000000 0.000000 0.000000
0.190000 0.578049 0.002443 0.000181 0.600000 0.002450
0.316667 0.578049 0.005558 -0.000137 0.600000 0.005560
0.443333 0.578049 0.008181 -0.000298 0.600000 0.008186
0.570000 0.578049 0.014086 0.000457 0.600000 0.014093
0.696667 0.578049 0.029656 0.001342 0.600000 0.029686
0.823333 0.578049 0.031267 -0.001156 0.600000 0.031289
0.950000 0.578049 0.017519 -0.000433 0.600000 0.017524
1.076667 0.578049 0.014009 0.000027 0.600000 0.014009
1.203333 0.578049 0.013581 -0.000077 0.600000 0.013581
1.330000 0.578049 0.005931 -0.000807 0.600000 0.005986
1.456667 0.578049 -0.001760 -0.000081 0.600000 0.001761
1.583333 0.578049 -0.017511 -0.001739 0.600000 0.017597
1.710000 0.578049 -0.033212 -0.000075 0.600000 0.033212
1.836667 0.578049 -0.026249 0.000395 0.600000 0.026252
1.963333 0.578049 -0.022830 -0.000443 0.600000 0.022834
2.090000 0.578049 -0.031675 -0.000537 0.600000 0.031680
2.216667 0.578049 -0.038247 -0.000222 0.600000 0.038247
2.343333 0.578049 -0.048403 -0.000951 0.600000 0.048413
2.470000 0.578049 -0.053833 0.000324 0.600000 0.053834
2.596667 0.578049 -0.057728 -0.000774 0.600000 0.057733
2.723333 0.578049 -0.066256 -0.000211 0.600000 0.066256
2.850000 0.578049 -0.064160 0.000454 0.600000 0.064161
2.976667 0.578049 -0.062569 -0.000270 0.600000 0.062569
3.103333 0.578049 -0.055016 0.001142 0.600000 0.055028
3.230000 0.578049 -0.043719 0.000163 0.600000 0.043720
3.356667 0.578049 -0.015873 0.002393 0.600000 0.016052
3.483333 0.578049 0.003976 -0.001071 0.600000 0.004118
3.610000 0.578049 -0.001306 -0.000142 0.600000 0.001314
3.736667 0.578049 0.000000 0.000000 0.000000 0.000000
0.063333 0.592683 0.000000 0.000000 0.000000 0.000000
0.190000 0.592683 0.000000 0.000000 0.000000 0.000000
0.316667 0.592683 0.000000 0.000000 0.000000 0.000000
0.443333 0.592683 0.000000 0.000000 0.000000 0.000000
0.570000 0.592683 0.000000 0.000000 0.000000 0.000000
0.696667 0.592683 0.000000 0.000000 0.000000 0.000000
0.823333 0.592683 0.000000 0.000000 0.000000 0.000000
0.950000 0.592683 0.000000 0.000000 0.000000 0.000000
1.076667 0.592683 0.000000 0.000000 0.000000 0.000000
1.203333 0.592683 0.000000 0.000000 0.000000 0.000000
1.330000 0.592683 0.000000 0.000000 0.000000 0.000000
1.456667 0.592683 0.000000 0.000000 0.000000 0.000000
1.583333 0.592683 0.000000 0.000000 0.000000 0.000000
1.710000 0.592683 0.000000 0.000000 0.000000 0.000000
1.836667 0.592683 0.000000 0.000000 0.000000 0.000000
1.963333 0.592683 0.000000 0.000000 0.000000 0.000000
2.090000 0.592683 0.000000 0.000000 0.000000 0.000000
2.216667 0.592683 0.000000 0.000000 0.000000 0.000000
2.343333 0.592683 0.000000 0.000000 0.000000 0.000000
2.470000 0.592683 0.000000 0.000000 0.000000 0.000000
2.596667 0.592683 0.000000 0.000000 0.000000 0.000000
2.723333 0.592683 0.000000 0.000000 0.000000 0.000000
2.850000 0.592683 0.000000 0.000000 0.000000 0.000000
2.976667 0.592683 0.000000 0.000000 0.000000 0.000000
3.103333 0.592683 0.000000 0.000000 0.000000 0.000000
3.230000 0.592683 0.000000 0.000000 0.000000 0.000000
3.356667 0.592683 0.000000 0.000000 0.000000 0.000000
3.483333 0.592683 0.000000 0.000000 0.000000 0.000000
3.610000 0.592683 0.000000 0.000000 0.000000 0.000000
3.736667 0.592683 0.000000 0.000000 0.000000 0.000000
