TITLE="(Vx,Vy)"
VARIABLES=X,Y,Vx,Vy,Vm,V
ZONE T="T-Dummy" I=30, J=41, F=POINT
0.063333 0.007317 0.000000 0.000000 0.000000 0.000000
0.190000 0.007317 0.000000 0.000000 0.000000 0.000000
0.316667 0.007317 0.000000 0.000000 0.000000 0.000000
0.443333 0.007317 0.000000 0.000000 0.000000 0.000000
0.570000 0.007317 0.000000 0.000000 0.000000 0.000000
0.696667 0.007317 0.000000 0.000000 0.000000 0.000000
0.823333 0.007317 0.000000 0.000000 0.000000 0.000000
0.950000 0.007317 0.000000 0.000000 0.000000 0.000000
1.076667 0.007317 0.000000 0.000000 0.000000 0.000000
1.203333 0.007317 0.000000 0.000000 0.000000 0.000000
1.330000 0.007317 0.000000 0.000000 0.000000 0.000000
1.456667 0.007317 0.000000 0.000000 0.000000 0.000000
1.583333 0.007317 0.000000 0.000000 0.000000 0.000000
1.710000 0.007317 0.000000 0.000000 0.000000 0.000000
1.836667 0.007317 0.000000 0.000000 0.000000 0.000000
1.963333 0.007317 0.000000 0.000000 0.000000 0.000000
2.090000 0.007317 0.000000 0.000000 0.000000 0.000000
2.216667 0.007317 0.000000 0.000000 0.000000 0.000000
2.343333 0.007317 0.000000 0.000000 0.000000 0.000000
2.470000 0.007317 0.000000 0.000000 0.000000 0.000000
2.596667 0.007317 0.000000 0.000000 0.000000 0.000000
2.723333 0.007317 0.000000 0.000000 0.000000 0.000000
2.850000 0.007317 0.000000 0.000000 0.000000 0.000000
2.976667 0.007317 0.000000 0.000000 0.000000 0.000000
3.103333 0.007317 0.000000 0.000000 0.000000 0.000000
3.230000 0.007317 0.000000 0.000000 0.000000 0.000000
3.356667 0.007317 0.000000 0.000000 0.000000 0.000000
3.483333 0.007317 0.000000 0.000000 0.000000 0.000000
3.610000 0.007317 0.000000 0.000000 0.000000 0.000000
3.736667 0.007317 0.000000 0.000000 0.000000 0.000000
0.063333 0.021951 0.000000 0.000000 0.000000 0.000000
0.190000 0.021951 0.000000 -0.000000 0.900000 0.000000
0.316667 0.021951 0.000000 0.000000 0.900000 0.000000
0.443333 0.021951 -0.000000 0.000000 0.900000 0.000000
0.570000 0.021951 -0.000000 0.000000 0.900000 0.000000
0.696667 0.021951 -0.000000 -0.000000 0.900000 0.000000
0.823333 0.021951 -0.000000 0.000000 0.900000 0.000000
0.950000 0.021951 -0.000000 -0.000000 0.900000 0.000000
1.076667 0.021951 0.000000 -0.000000 0.900000 0.000000
1.203333 0.021951 0.000000 0.000000 0.900000 0.000000
1.330000 0.021951 -0.000000 0.000000 0.900000 0.000000
1.456667 0.021951 -0.000000 -0.000000 0.900000 0.000000
1.583333 0.021951 -0.000000 0.000000 0.900000 0.000000
1.710000 0.021951 -0.000000 0.000000 0.900000 0.000000
1.836667 0.021951 -0.000000 -0.000000 0.900000 0.000000
1.963333 0.021951 -0.000000 -0.000000 0.900000 0.000000
2.090000 0.021951 -0.000000 -0.000000 0.900000 0.000000
2.216667 0.021951 -0.000000 -0.000000 0.900000 0.000000
2.343333 0.021951 -0.000000 0.000000 0.900000 0.000000
2.470000 0.021951 -0.000000 -0.000000 0.900000 0.000000
2.596667 0.021951 -0.000000 0.000000 0.900000 0.000000
2.723333 0.021951 -0.000000 0.000000 0.900000 0.000000
2.850000 0.021951 -0.000000 0.000000 0.900000 0.000000
2.976667 0.021951 -0.000000 0.000000 0.900000 0.000000
3.103333 0.021951 -0.000000 -0.000000 0.900000 0.000000
3.230000 0.021951 -0.000000 -0.000000 0.900000 0.000000
3.356667 0.021951 0.000000 -0.000000 0.900000 0.000000
3.483333 0.021951 0.000000 0.000000 0.900000 0.000000
3.610000 0.021951 -0.000000 -0.000000 0.900000 0.000000
3.736667 0.021951 0.000000 0.000000 0.000000 0.000000
0.063333 0.036585 0.000000 0.000000 0.000000 0.000000
0.190000 0.036585 0.000000 -0.000000 0.900000 0.000000
0.316667 0.036585 0.000000 0.000000 0.900000 0.000000
0.443333 0.036585 -0.000000 0.000000 0.900000 0.000000
0.570000 0.036585 -0.000000 0.000000 0.900000 0.000000
0.696667 0.036585 -0.000000 -0.000000 0.900000 0.000000
0.823333 0.036585 -0.000000 0.000000 0.900000 0.000000
0.950000 0.036585 -0.000000 -0.000000 0.900000 0.000000
1.076667 0.036585 -0.000000 -0.000000 0.900000 0.000000
1.203333 0.036585 -0.000000 0.000000 0.900000 0.000000
1.330000 0.036585 -0.000000 0.000000 0.900000 0.000000
1.456667 0.036585 -0.000000 -0.000000 0.900000 0.000000
1.583333 0.036585 -0.000000 0.000000 0.900000 0.000000
1.710000 0.036585 -0.000000 0.000000 0.900000 0.000000
1.836667 0.036585 -0.000000 -0.000000 0.900000 0.000000
1.963333 0.036585 -0.000000 -0.000000 0.900000 0.000000
2.090000 0.036585 -0.000000 -0.000000 0.900000 0.000000
2.216667 0.036585 -0.000000 -0.000000 0.900000 0.000000
2.343333 0.036585 -0.000000 0.000000 0.900000 0.000000
2.470000 0.036585 -0.000000 -0.000000 0.900000 0.000000
2.596667 0.036585 0.000000 0.000000 0.900000 0.000000
2.723333 0.036585 0.000000 0.000000 0.900000 0.000000
2.850000 0.036585 -0.000000 0.000000 0.900000 0.000000
2.976667 0.036585 -0.000000 0.000000 0.900000 0.000000
3.103333 0.036585 -0.000000 -0.000000 0.900000 0.000000
3.230000 0.036585 -0.000000 -0.000000 0.900000 0.000000
3.356667 0.036585 0.000000 -0.000000 0.900000 0.000000
3.483333 0.036585 0.000000 0.000000 0.900000 0.000000
3.610000 0.036585 -0.000000 -0.000000 0.900000 0.000000
3.736667 0.036585 0.000000 0.000000 0.000000 0.000000
0.063333 0.051220 0.000000 0.000000 0.000000 0.000000
0.190000 0.051220 0.000000 -0.000000 0.900000 0.000000
0.316667 0.051220 -0.000000 0.000000 0.900000 0.000000
0.443333 0.051220 -0.000000 0.000000 0.900000 0.000000
0.570000 0.051220 -0.000000 0.000000 0.900000 0.000000
0.696667 0.051220 -0.000000 -0.000000 0.900000 0.000000
0.823333 0.051220 -0.000000 -0.000000 0.900000 0.000000
0.950000 0.051220 -0.000000 -0.000000 0.900000 0.000000
1.076667 0.051220 -0.000000 -0.000000 0.900000 0.000000
1.203333 0.051220 -0.000000 -0.000000 0.900000 0.000000
1.330000 0.051220 -0.000000 0.000000 0.900000 0.000000
1.456667 0.051220 -0.000000 -0.000000 0.900000 0.000000
1.583333 0.051220 -0.000000 0.000000 0.900000 0.000000
1.710000 0.051220 -0.000000 -0.000000 0.900000 0.000000
1.836667 0.051220 -0.000000 0.000000 0.900000 0.000000
1.963333 0.051220 -0.000000 -0.000000 0.900000 0.000000
2.090000 0.051220 -0.000000 -0.000000 0.900000 0.000000
2.216667 0.051220 -0.000000 -0.000000 0.900000 0.000000
2.343333 0.051220 -0.000000 0.000000 0.900000 0.000000
2.470000 0.051220 0.000000 -0.000000 0.900000 0.000000
2.596667 0.051220 0.000000 0.000000 0.900000 0.000000
2.723333 0.051220 0.000000 0.000000 0.900000 0.000000
2.850000 0.051220 -0.000000 0.000000 0.900000 0.000000
2.976667 0.051220 -0.000000 -0.000000 0.900000 0.000000
3.103333 0.051220 -0.000000 -0.000000 0.900000 0.000000
3.230000 0.051220 -0.000000 -0.000000 0.900000 0.000000
3.356667 0.051220 -0.000000 -0.000000 0.900000 0.000000
3.483333 0.051220 0.000000 0.000000 0.900000 0.000000
3.610000 0.051220 -0.000000 -0.000000 0.900000 0.000000
3.736667 0.051220 0.000000 0.000000 0.000000 0.000000
0.063333 0.065854 0.000000 0.000000 0.000000 0.000000
0.190000 0.065854 0.000000 -0.000000 0.900000 0.000000
0.316667 0.065854 -0.000000 0.000000 0.900000 0.000000
0.443333 0.065854 -0.000000 0.000000 0.900000 0.000000
0.570000 0.065854 -0.000000 0.000000 0.900000 0.000000
0.696667 0.065854 -0.000000 0.000000 0.900000 0.000000
0.823333 0.065854 -0.000000 -0.000000 0.900000 0.000000
0.950000 0.065854 -0.000000 -0.000000 0.900000 0.000000
1.076667 0.065854 -0.000000 -0.000000 0.900000 0.000000
1.203333 0.065854 -0.000000 -0.000000 0.900000 0.000000
1.330000 0.065854 -0.000000 0.000000 0.900000 0.000000
1.456667 0.065854 -0.000000 -0.000000 0.900000 0.000000
1.583333 0.065854 -0.000000 0.000000 0.900000 0.000000
1.710000 0.065854 -0.000000 -0.000000 0.900000 0.000000
1.836667 0.065854 -0.000000 0.000000 0.900000 0.000000
1.963333 0.065854 -0.000000 -0.000000 0.900000 0.000000
2.090000 0.065854 -0.000000 -0.000000 0.900000 0.000000
2.216667 0.065854 -0.000000 -0.000000 0.900000 0.000000
2.343333 0.065854 0.000000 0.000000 0.900000 0.000000
2.470000 0.065854 0.000000 -0.000000 0.900000 0.000000
2.596667 0.065854 0.000000 0.000000 0.900000 0.000000
2.723333 0.065854 0.000000 0.000000 0.900000 0.000000
2.850000 0.065854 -0.000000 0.000000 0.900000 0.000000
2.976667 0.065854 -0.000000 -0.000000 0.900000 0.000000
3.103333 0.065854 -0.000000 -0.000000 0.900000 0.000000
3.230000 0.065854 -0.000000 -0.000000 0.900000 0.000000
3.356667 0.065854 -0.000000 -0.000000 0.900000 0.000000
3.483333 0.065854 0.000000 0.000000 0.900000 0.000000
3.610000 0.065854 -0.000000 -0.000000 0.900000 0.000000
3.736667 0.065854 0.000000 0.000000 0.000000 0.000000
0.063333 0.080488 0.000000 0.000000 0.000000 0.000000
0.190000 0.080488 -0.000000 -0.000000 0.900000 0.000000
0.316667 0.080488 -0.000000 0.000000 0.900000 0.000000
0.443333 0.080488 -0.000000 0.000000 0.900000 0.000000
0.570000 0.080488 -0.000000 0.000000 0.900000 0.000000
0.696667 0.080488 -0.000000 0.000000 0.900000 0.000000
0.823333 0.080488 -0.000000 -0.000000 0.900000 0.000000
0.950000 0.080488 -0.000000 -0.000000 0.900000 0.000000
1.076667 0.080488 -0.000000 -0.000000 0.900000 0.000000
1.203333 0.080488 -0.000000 -0.000000 0.900000 0.000000
1.330000 0.080488 -0.000000 0.000000 0.900000 0.000000
1.456667 0.080488 -0.000000 -0.000000 0.900000 0.000000
1.583333 0.080488 -0.000000 0.000000 0.900000 0.000000
1.710000 0.080488 -0.000000 -0.000000 0.900000 0.000000
1.836667 0.080488 -0.000000 0.000000 0.900000 0.000000
1.963333 0.080488 -0.000000 -0.000000 0.900000 0.000000
2.090000 0.080488 -0.000000 -0.000000 0.900000 0.000000
2.216667 0.080488 -0.000000 -0.000000 0.900000 0.000000
2.343333 0.080488 -0.000000 0.000000 0.900000 0.000000
2.470000 0.080488 -0.000000 0.000000 0.900000 0.000000
2.596667 0.080488 0.000000 -0.000000 0.900000 0.000000
2.723333 0.080488 0.000000 0.000000 0.900000 0.000000
2.850000 0.080488 -0.000000 0.000000 0.900000 0.000000
2.976667 0.080488 -0.000000 -0.000000 0.900000 0.000000
3.103333 0.080488 -0.000000 -0.000000 0.900000 0.000000
3.230000 0.080488 -0.000000 0.000000 0.900000 0.000000
3.356667 0.080488 -0.000000 -0.000000 0.900000 0.000000
3.483333 0.080488 -0.000000 0.000000 0.900000 0.000000
3.610000 0.080488 -0.000000 -0.000000 0.900000 0.000000
3.736667 0.080488 0.000000 0.000000 0.000000 0.000000
0.063333 0.095122 0.000000 0.000000 0.000000 0.000000
0.190000 0.095122 -0.000000 -0.000000 0.900000 0.000000
0.316667 0.095122 -0.000000 0.000000 0.900000 0.000000
0.443333 0.095122 -0.000000 0.000000 0.900000 0.000000
0.570000 0.095122 -0.000000 0.000000 0.900000 0.000000
0.696667 0.095122 -0.000000 0.000000 0.900000 0.000000
0.823333 0.095122 -0.000000 -0.000000 0.900000 0.000000
0.950000 0.095122 -0.000000 -0.000000 0.900000 0.000000
1.076667 0.095122 -0.000000 -0.000000 0.900000 0.000000
1.203333 0.095122 -0.000000 -0.000000 0.900000 0.000000
1.330000 0.095122 -0.000000 -0.000000 0.900000 0.000000
1.456667 0.095122 -0.000000 -0.000000 0.900000 0.000000
1.583333 0.095122 -0.000000 0.000000 0.900000 0.000000
1.710000 0.095122 -0.000000 -0.000000 0.900000 0.000000
1.836667 0.095122 -0.000000 0.000000 0.900000 0.000000
1.963333 0.095122 -0.000000 -0.000000 0.900000 0.000000
2.090000 0.095122 -0.000000 -0.000000 0.900000 0.000000
2.216667 0.095122 -0.000000 -0.000000 0.900000 0.000000
2.343333 0.095122 -0.000000 -0.000000 0.900000 0.000000
2.470000 0.095122 -0.000000 0.000000 0.900000 0.000000
2.596667 0.095122 0.000000 -0.000000 0.900000 0.000000
2.723333 0.095122 0.000000 -0.000000 0.900000 0.000000
2.850000 0.095122 -0.000000 0.000000 0.900000 0.000000
2.976667 0.095122 -0.000000 -0.000000 0.900000 0.000000
3.103333 0.095122 -0.000000 -0.000000 0.900000 0.000000
3.230000 0.095122 -0.000000 0.000000 0.900000 0.000000
3.356667 0.095122 -0.000000 -0.000000 0.900000 0.000000
3.483333 0.095122 -0.000000 0.000000 0.900000 0.000000
3.610000 0.095122 -0.000000 -0.000000 0.900000 0.000000
3.736667 0.095122 0.000000 0.000000 0.000000 0.000000
0.063333 0.109756 0.000000 0.000000 0.000000 0.000000
0.190000 0.109756 -0.000000 -0.000000 0.900000 0.000000
0.316667 0.109756 -0.000000 0.000000 0.900000 0.000000
0.443333 0.109756 -0.000000 0.000000 0.900000 0.000000
0.570000 0.109756 -0.000000 0.000000 0.900000 0.000000
0.696667 0.109756 -0.000000 0.000000 0.900000 0.000000
0.823333 0.109756 -0.000000 -0.000000 0.900000 0.000000
0.950000 0.109756 -0.000000 -0.000000 0.900000 0.000000
1.076667 0.109756 -0.000000 -0.000000 0.900000 0.000000
1.203333 0.109756 -0.000000 -0.000000 0.900000 0.000000
1.330000 0.109756 -0.000000 -0.000000 0.900000 0.000000
1.456667 0.109756 -0.000000 -0.000000 0.900000 0.000000
1.583333 0.109756 -0.000000 -0.000000 0.900000 0.000000
1.710000 0.109756 -0.000000 -0.000000 0.900000 0.000000
1.836667 0.109756 -0.000000 0.000000 0.900000 0.000000
1.963333 0.109756 -0.000000 -0.000000 0.900000 0.000000
2.090000 0.109756 -0.000000 -0.000000 0.900000 0.000000
2.216667 0.109756 -0.000000 -0.000000 0.900000 0.000000
2.343333 0.109756 -0.000000 -0.000000 0.900000 0.000000
2.470000 0.109756 -0.000000 0.000000 0.900000 0.000000
2.596667 0.109756 0.000000 -0.000000 0.900000 0.000000
2.723333 0.109756 0.000000 -0.000000 0.900000 0.000000
2.850000 0.109756 -0.000000 0.000000 0.900000 0.000000
2.976667 0.109756 -0.000000 -0.000000 0.900000 0.000000
3.103333 0.109756 -0.000000 -0.000000 0.900000 0.000000
3.230000 0.109756 -0.000000 0.000000 0.900000 0.000000
3.356667 0.109756 -0.000000 -0.000000 0.900000 0.000000
3.483333 0.109756 -0.000000 0.000000 0.900000 0.000000
3.610000 0.109756 -0.000000 -0.000000 0.900000 0.000000
3.736667 0.109756 0.000000 0.000000 0.000000 0.000000
0.063333 0.124390 0.000000 0.000000 0.000000 0.000000
0.190000 0.124390 -0.000000 -0.000000 0.900000 0.000000
0.316667 0.124390 -0.000000 0.000000 0.900000 0.000000
0.443333 0.124390 -0.000000 0.000000 0.900000 0.000000
0.570000 0.124390 -0.000000 0.000000 0.900000 0.000000
0.696667 0.124390 -0.000000 0.000000 0.900000 0.000000
0.823333 0.124390 -0.000000 -0.000000 0.900000 0.000000
0.950000 0.124390 -0.000000 -0.000000 0.900000 0.000000
1.076667 0.124390 -0.000000 -0.000000 0.900000 0.000000
1.203333 0.124390 -0.000000 -0.000000 0.900000 0.000000
1.330000 0.124390 -0.000000 -0.000000 0.899999 0.000000
1.456667 0.124390 -0.000000 -0.000000 0.900000 0.000000
1.583333 0.124390 -0.000000 -0.000000 0.900000 0.000000
1.710000 0.124390 -0.000000 -0.000000 0.900000 0.000000
1.836667 0.124390 -0.000000 0.000000 0.900000 0.000000
1.963333 0.124390 -0.000000 -0.000000 0.900000 0.000000
2.090000 0.124390 -0.000000 -0.000000 0.900000 0.000000
2.216667 0.124390 -0.000000 -0.000000 0.900000 0.000000
2.343333 0.124390 -0.000000 -0.000000 0.900000 0.000000
2.470000 0.124390 -0.000000 0.000000 0.900000 0.000000
2.596667 0.124390 0.000000 -0.000000 0.900000 0.000000
2.723333 0.124390 -0.000000 -0.000000 0.900000 0.000000
2.850000 0.124390 -0.000000 0.000000 0.900000 0.000000
2.976667 0.124390 -0.000000 -0.000000 0.900000 0.000000
3.103333 0.124390 -0.000000 -0.000000 0.900000 0.000000
3.230000 0.124390 -0.000000 0.000000 0.900000 0.000000
3.356667 0.124390 -0.000000 -0.000000 0.900000 0.000000
3.483333 0.124390 -0.000000 0.000000 0.900000 0.000000
3.610000 0.124390 -0.000000 -0.000000 0.900000 0.000000
3.736667 0.124390 0.000000 0.000000 0.000000 0.000000
0.063333 0.139024 0.000000 0.000000 0.000000 0.000000
0.190000 0.139024 -0.000000 0.000000 0.900000 0.000000
0.316667 0.139024 -0.000000 0.000000 0.900000 0.000000
0.443333 0.139024 -0.000000 0.000000 0.900000 0.000000
0.570000 0.139024 -0.000000 0.000000 0.900000 0.000000
0.696667 0.139024 -0.000000 0.000000 0.900000 0.000000
0.823333 0.139024 -0.000000 -0.000000 0.900000 0.000000
0.950000 0.139024 -0.000000 -0.000000 0.900000 0.000000
1.076667 0.139024 -0.000000 -0.000000 0.899999 0.000000
1.203333 0.139024 -0.000000 -0.000000 0.899994 0.000000
1.330000 0.139024 -0.000000 -0.000000 0.899990 0.000000
1.456667 0.139024 -0.000000 -0.000000 0.899999 0.000000
1.583333 0.139024 -0.000000 -0.000000 0.900000 0.000000
1.710000 0.139024 -0.000000 -0.000000 0.900000 0.000000
1.836667 0.139024 -0.000000 0.000000 0.900000 0.000000
1.963333 0.139024 -0.000000 -0.000000 0.900000 0.000000
2.090000 0.139024 -0.000000 -0.000000 0.900000 0.000000
2.216667 0.139024 -0.000000 -0.000000 0.900000 0.000000
2.343333 0.139024 -0.000000 -0.000000 0.900000 0.000000
2.470000 0.139024 -0.000000 0.000000 0.900000 0.000000
2.596667 0.139024 0.000000 -0.000000 0.900000 0.000000
2.723333 0.139024 0.000000 -0.000000 0.900000 0.000000
2.850000 0.139024 -0.000000 0.000000 0.900000 0.000000
2.976667 0.139024 -0.000000 -0.000000 0.900000 0.000000
3.103333 0.139024 -0.000000 -0.000000 0.899999 0.000000
3.230000 0.139024 -0.000000 0.000000 0.900000 0.000000
3.356667 0.139024 -0.000000 -0.000000 0.899997 0.000000
3.483333 0.139024 -0.000000 0.000000 0.900000 0.000000
3.610000 0.139024 -0.000000 -0.000000 0.900000 0.000000
3.736667 0.139024 0.000000 0.000000 0.000000 0.000000
0.063333 0.153659 0.000000 0.000000 0.000000 0.000000
0.190000 0.153659 -0.000000 0.000000 0.900000 0.000000
0.316667 0.153659 -0.000000 0.000000 0.900000 0.000000
0.443333 0.153659 -0.000000 0.000000 0.900000 0.000000
0.570000 0.153659 -0.000000 0.000000 0.900000 0.000000
0.696667 0.153659 -0.000000 0.000000 0.900000 0.000000
0.823333 0.153659 -0.000000 -0.000000 0.899995 0.000000
0.950000 0.153659 -0.000000 -0.000000 0.899999 0.000000
1.076667 0.153659 -0.000001 -0.000000 0.899974 0.000001
1.203333 0.153659 -0.000005 -0.000002 0.899885 0.000005
1.330000 0.153659 -0.000003 -0.000003 0.899876 0.000004
1.456667 0.153659 -0.000001 -0.000000 0.899977 0.000001
1.583333 0.153659 -0.000000 -0.000000 0.899995 0.000000
1.710000 0.153659 -0.000000 -0.000000 0.899997 0.000000
1.836667 0.153659 -0.000000 0.000000 0.900000 0.000000
1.963333 0.153659 -0.000000 -0.000000 0.900000 0.000000
2.090000 0.153659 -0.000000 -0.000000 0.900000 0.000000
2.216667 0.153659 -0.000000 -0.000000 0.900000 0.000000
2.343333 0.153659 -0.000000 0.000000 0.900000 0.000000
2.470000 0.153659 -0.000000 0.000000 0.900000 0.000000
2.596667 0.153659 0.000000 -0.000000 0.900000 0.000000
2.723333 0.153659 0.000000 0.000000 0.900000 0.000000
2.850000 0.153659 -0.000000 0.000000 0.900000 0.000000
2.976667 0.153659 -0.000000 -0.000000 0.899998 0.000000
3.103333 0.153659 -0.000000 -0.000000 0.899985 0.000000
3.230000 0.153659 -0.000000 0.000000 0.900000 0.000000
3.356667 0.153659 -0.000001 -0.000001 0.899968 0.000002
3.483333 0.153659 -0.000000 0.000000 0.900000 0.000000
3.610000 0.153659 -0.000000 -0.000000 0.900000 0.000000
3.736667 0.153659 0.000000 0.000000 0.000000 0.000000
0.063333 0.168293 0.000000 0.000000 0.000000 0.000000
0.190000 0.168293 -0.000000 0.000000 0.900000 0.000000
0.316667 0.168293 -0.000000 0.000000 0.900000 0.000000
0.443333 0.168293 -0.000000 0.000000 0.899991 0.000000
0.570000 0.168293 -0.000000 0.000000 0.899992 0.000000
0.696667 0.168293 -0.000000 0.000000 0.899992 0.000000
0.823333 0.168293 -0.000003 -0.000001 0.899812 0.000003
0.950000 0.168293 -0.000001 -0.000000 0.899958 0.000001
1.076667 0.168293 -0.000023 -0.000006 0.899527 0.000024
1.203333 0.168293 -0.000074 -0.000025 0.898233 0.000078
1.330000 0.168293 -0.000029 -0.000027 0.898691 0.000040
1.456667 0.168293 -0.000014 -0.000007 0.899493 0.000016
1.583333 0.168293 -0.000003 -0.000001 0.899888 0.000003
1.710000 0.168293 -0.000002 -0.000001 0.899902 0.000002
1.836667 0.168293 -0.000000 -0.000000 0.899999 0.000000
1.963333 0.168293 -0.000000 -0.000000 0.899999 0.000000
2.090000 0.168293 -0.000000 -0.000000 0.900000 0.000000
2.216667 0.168293 -0.000000 -0.000000 0.899999 0.000000
2.343333 0.168293 -0.000000 0.000000 0.900000 0.000000
2.470000 0.168293 -0.000000 0.000000 0.900000 0.000000
2.596667 0.168293 0.000000 -0.000000 0.899999 0.000000
2.723333 0.168293 0.000000 0.000000 0.900000 0.000000
2.850000 0.168293 -0.000000 0.000000 0.899999 0.000000
2.976667 0.168293 -0.000001 -0.000000 0.899951 0.000001
3.103333 0.168293 -0.000004 -0.000003 0.899832 0.000005
3.230000 0.168293 -0.000000 0.000000 0.899996 0.000000
3.356667 0.168293 -0.000016 -0.000010 0.899651 0.000019
3.483333 0.168293 -0.000000 0.000000 0.900000 0.000000
3.610000 0.168293 -0.000000 -0.000000 0.899988 0.000000
3.736667 0.168293 0.000000 0.000000 0.000000 0.000000
0.063333 0.182927 0.000000 0.000000 0.000000 0.000000
0.190000 0.182927 -0.000000 0.000000 0.899997 0.000000
0.316667 0.182927 -0.000001 0.000001 0.899935 0.000001
0.443333 0.182927 -0.000028 0.000005 0.898448 0.000028
0.570000 0.182927 -0.000009 0.000005 0.899246 0.000010
0.696667 0.182927 -0.000004 0.000005 0.898985 0.000007
0.823333 0.182927 -0.000073 -0.000021 0.894346 0.000076
0.950000 0.182927 -0.000056 -0.000008 0.897522 0.000056
1.076667 0.182927 -0.000305 -0.000077 0.893291 0.000314
1.203333 0.182927 -0.000789 -0.000289 0.881387 0.000841
1.330000 0.182927 -0.000264 -0.000234 0.887198 0.000353
1.456667 0.182927 -0.000215 -0.000117 0.892093 0.000245
1.583333 0.182927 -0.000083 -0.000023 0.897086 0.000086
1.710000 0.182927 -0.000063 -0.000020 0.897692 0.000066
1.836667 0.182927 -0.000007 -0.000001 0.899793 0.000007
1.963333 0.182927 -0.000002 -0.000000 0.899913 0.000002
2.090000 0.182927 -0.000000 -0.000000 0.899980 0.000000
2.216667 0.182927 -0.000001 -0.000000 0.899938 0.000001
2.343333 0.182927 -0.000000 -0.000000 0.899994 0.000000
2.470000 0.182927 -0.000000 0.000000 0.900000 0.000000
2.596667 0.182927 -0.000000 -0.000000 0.899967 0.000000
2.723333 0.182927 -0.000000 -0.000000 0.899940 0.000000
2.850000 0.182927 -0.000002 -0.000000 0.899912 0.000002
2.976667 0.182927 -0.000033 -0.000009 0.898829 0.000034
3.103333 0.182927 -0.000044 -0.000022 0.898351 0.000050
3.230000 0.182927 -0.000003 0.000000 0.899905 0.000003
3.356667 0.182927 -0.000162 -0.000073 0.896740 0.000177
3.483333 0.182927 -0.000000 0.000000 0.899996 0.000000
3.610000 0.182927 -0.000003 -0.000002 0.899503 0.000004
3.736667 0.182927 0.000000 0.000000 0.000000 0.000000
0.063333 0.197561 0.000000 0.000000 0.000000 0.000000
0.190000 0.197561 -0.001367 0.001808 0.716035 0.002266
0.316667 0.197561 -0.000720 0.001188 0.735827 0.001389
0.443333 0.197561 -0.000224 0.000422 0.750470 0.000478
0.570000 0.197561 0.000351 0.000545 0.774204 0.000649
0.696667 0.197561 0.001017 0.000424 0.788386 0.001102
0.823333 0.197561 0.000229 -0.000228 0.795034 0.000324
0.950000 0.197561 -0.000649 -0.000277 0.809315 0.000706
1.076667 0.197561 -0.001698 -0.000774 0.817664 0.001866
1.203333 0.197561 -0.002164 -0.001831 0.790752 0.002835
1.330000 0.197561 -0.001030 -0.001501 0.808877 0.001821
1.456667 0.197561 -0.001332 -0.001073 0.825319 0.001710
1.583333 0.197561 -0.001031 -0.000394 0.849350 0.001104
1.710000 0.197561 -0.000681 -0.000284 0.861427 0.000737
1.836667 0.197561 -0.000404 -0.000054 0.884296 0.000408
1.963333 0.197561 -0.000188 -0.000010 0.891909 0.000189
2.090000 0.197561 -0.000047 -0.000009 0.894761 0.000048
2.216667 0.197561 -0.000039 -0.000007 0.895949 0.000040
2.343333 0.197561 -0.000033 -0.000000 0.897994 0.000033
2.470000 0.197561 -0.000002 0.000000 0.899869 0.000002
2.596667 0.197561 -0.000002 -0.000002 0.898017 0.000002
2.723333 0.197561 0.000003 -0.000007 0.895372 0.000008
2.850000 0.197561 -0.000141 -0.000013 0.894720 0.000142
2.976667 0.197561 -0.000780 -0.000136 0.880908 0.000792
3.103333 0.197561 -0.000575 -0.000136 0.884151 0.000591
3.230000 0.197561 -0.000138 0.000002 0.895768 0.000138
3.356667 0.197561 -0.001346 -0.000420 0.874366 0.001410
3.483333 0.197561 -0.000019 0.000001 0.899587 0.000019
3.610000 0.197561 -0.000086 -0.000057 0.888601 0.000103
3.736667 0.197561 0.000000 0.000000 0.000000 0.000000
0.063333 0.212195 0.000000 0.000000 0.000000 0.000000
0.190000 0.212195 0.000061 0.003104 0.615260 0.003105
0.316667 0.212195 0.003303 0.001731 0.609273 0.003730
0.443333 0.212195 0.004676 0.000776 0.602277 0.004740
0.570000 0.212195 0.005587 0.000995 0.608614 0.005675
0.696667 0.212195 0.006615 0.000807 0.608755 0.006664
0.823333 0.212195 0.005554 -0.000265 0.600090 0.005561
0.950000 0.212195 0.003168 -0.000759 0.601754 0.003258
1.076667 0.212195 0.002444 -0.002978 0.603775 0.003852
1.203333 0.212195 0.001776 -0.004960 0.600597 0.005269
1.330000 0.212195 -0.000359 -0.004832 0.601587 0.004845
1.456667 0.212195 -0.002275 -0.004493 0.601375 0.005036
1.583333 0.212195 -0.002881 -0.002379 0.602921 0.003736
1.710000 0.212195 -0.000492 -0.001259 0.602583 0.001352
1.836667 0.212195 -0.002279 -0.000694 0.607414 0.002383
1.963333 0.212195 -0.002203 0.000104 0.613550 0.002205
2.090000 0.212195 0.002190 -0.000154 0.615792 0.002196
2.216667 0.212195 0.003007 -0.000024 0.616726 0.003007
2.343333 0.212195 0.001333 0.000165 0.634376 0.001343
2.470000 0.212195 0.001980 0.000111 0.648276 0.001983
2.596667 0.212195 0.005124 -0.000289 0.660002 0.005132
2.723333 0.212195 0.005159 -0.000692 0.675940 0.005205
2.850000 0.212195 -0.001946 -0.000533 0.697836 0.002018
2.976667 0.212195 -0.006704 -0.001177 0.706344 0.006807
3.103333 0.212195 -0.005028 -0.000968 0.726982 0.005121
3.230000 0.212195 -0.003492 -0.000447 0.756717 0.003521
3.356667 0.212195 -0.006694 -0.001632 0.750005 0.006891
3.483333 0.212195 -0.004152 -0.000231 0.791698 0.004158
3.610000 0.212195 -0.000835 -0.000725 0.780290 0.001106
3.736667 0.212195 0.000000 0.000000 0.000000 0.000000
0.063333 0.226829 0.000000 0.000000 0.000000 0.000000
0.190000 0.226829 0.000271 0.003310 0.601147 0.003321
0.316667 0.226829 0.003746 0.001437 0.600289 0.004012
0.443333 0.226829 0.005685 0.000533 0.600020 0.005710
0.570000 0.226829 0.007288 0.000820 0.600199 0.007334
0.696667 0.226829 0.006787 0.000527 0.600126 0.006808
0.823333 0.226829 0.005592 -0.000306 0.600001 0.005600
0.950000 0.226829 0.003357 -0.000625 0.600013 0.003414
1.076667 0.226829 0.000642 -0.003642 0.600014 0.003698
1.203333 0.226829 0.000290 -0.004908 0.600005 0.004917
1.330000 0.226829 -0.000833 -0.005122 0.600013 0.005189
1.456667 0.226829 -0.002780 -0.005507 0.600005 0.006169
1.583333 0.226829 -0.002842 -0.002985 0.600050 0.004121
1.710000 0.226829 0.000605 -0.000674 0.600014 0.000906
1.836667 0.226829 -0.000583 -0.000554 0.600101 0.000804
1.963333 0.226829 -0.000564 0.000372 0.600352 0.000676
2.090000 0.226829 0.003799 0.000005 0.600307 0.003799
2.216667 0.226829 0.005728 0.000060 0.600234 0.005728
2.343333 0.226829 0.005267 0.000322 0.600803 0.005277
2.470000 0.226829 0.006342 0.000200 0.600765 0.006345
2.596667 0.226829 0.011109 -0.000657 0.600077 0.011128
2.723333 0.226829 0.011194 -0.001326 0.600011 0.011272
2.850000 0.226829 0.001025 -0.000780 0.601505 0.001288
2.976667 0.226829 -0.005871 -0.001233 0.600013 0.006000
3.103333 0.226829 -0.004202 -0.000951 0.600061 0.004308
3.230000 0.226829 -0.004366 -0.001317 0.604373 0.004560
3.356667 0.226829 -0.010546 -0.001789 0.600042 0.010696
3.483333 0.226829 -0.008851 -0.001651 0.600961 0.009004
3.610000 0.226829 -0.001737 -0.001989 0.600000 0.002641
3.736667 0.226829 0.000000 0.000000 0.000000 0.000000
0.063333 0.241463 0.000000 0.000000 0.000000 0.000000
0.190000 0.241463 0.000631 0.003320 0.600060 0.003379
0.316667 0.241463 0.004405 0.001136 0.600005 0.004549
0.443333 0.241463 0.006524 0.000190 0.600000 0.006527
0.570000 0.241463 0.009180 0.000582 0.600003 0.009198
0.696667 0.241463 0.007767 0.000580 0.600001 0.007788
0.823333 0.241463 0.005890 -0.000634 0.600000 0.005924
0.950000 0.241463 0.003384 -0.000156 0.600000 0.003388
1.076667 0.241463 -0.000530 -0.004171 0.600000 0.004204
1.203333 0.241463 -0.000297 -0.005095 0.600000 0.005104
1.330000 0.241463 -0.001102 -0.005400 0.600000 0.005511
1.456667 0.241463 -0.003218 -0.006373 0.600000 0.007140
1.583333 0.241463 -0.002589 -0.003924 0.600001 0.004702
1.710000 0.241463 0.001438 -0.000482 0.600000 0.001517
1.836667 0.241463 0.000267 -0.000643 0.600001 0.000697
1.963333 0.241463 0.000224 0.000448 0.600005 0.000501
2.090000 0.241463 0.004342 -0.000009 0.600006 0.004342
2.216667 0.241463 0.006209 -0.000177 0.600003 0.006211
2.343333 0.241463 0.005748 0.000380 0.600015 0.005761
2.470000 0.241463 0.006777 0.000319 0.600010 0.006784
2.596667 0.241463 0.011836 -0.001014 0.600000 0.011879
2.723333 0.241463 0.010922 -0.001412 0.600000 0.011013
2.850000 0.241463 0.000930 -0.000933 0.600037 0.001317
2.976667 0.241463 -0.004977 -0.000511 0.600000 0.005003
3.103333 0.241463 -0.004042 -0.000126 0.600001 0.004044
3.230000 0.241463 -0.004902 -0.001243 0.600105 0.005057
3.356667 0.241463 -0.010693 -0.000461 0.600000 0.010703
3.483333 0.241463 -0.008677 -0.002299 0.600002 0.008976
3.610000 0.241463 -0.001839 -0.002032 0.600000 0.002741
3.736667 0.241463 0.000000 0.000000 0.000000 0.000000
0.063333 0.256098 0.000000 0.000000 0.000000 0.000000
0.190000 0.256098 0.000418 0.003308 0.600002 0.003335
0.316667 0.256098 0.003901 0.000855 0.600000 0.003993
0.443333 0.256098 0.005961 -0.000176 0.600000 0.005964
0.570000 0.256098 0.009313 0.000176 0.600000 0.009315
0.696667 0.256098 0.007795 0.000895 0.600000 0.007846
0.823333 0.256098 0.005217 -0.001087 0.600000 0.005329
0.950000 0.256098 0.005030 0.000241 0.600000 0.005036
1.076667 0.256098 0.001191 -0.004342 0.600000 0.004503
1.203333 0.256098 -0.000472 -0.005435 0.600000 0.005455
1.330000 0.256098 -0.001297 -0.005643 0.600000 0.005790
1.456667 0.256098 -0.004336 -0.006373 0.600000 0.007708
1.583333 0.256098 -0.003022 -0.004448 0.600000 0.005377
1.710000 0.256098 0.002272 -0.000288 0.600000 0.002291
1.836667 0.256098 0.000204 -0.000640 0.600000 0.000672
1.963333 0.256098 -0.000900 0.000589 0.600000 0.001075
2.090000 0.256098 0.002795 0.000019 0.600000 0.002795
2.216667 0.256098 0.004492 -0.000412 0.600000 0.004511
2.343333 0.256098 0.004643 0.000385 0.600000 0.004659
2.470000 0.256098 0.005559 0.000583 0.600000 0.005590
2.596667 0.256098 0.009638 -0.001341 0.600000 0.009731
2.723333 0.256098 0.009932 -0.001502 0.600000 0.010045
2.850000 0.256098 0.001666 -0.001252 0.600000 0.002084
2.976667 0.256098 -0.003857 0.000202 0.600000 0.003863
3.103333 0.256098 -0.003658 0.000761 0.600000 0.003736
3.230000 0.256098 -0.005339 -0.000949 0.600002 0.005422
3.356667 0.256098 -0.011012 0.000755 0.600000 0.011038
3.483333 0.256098 -0.008959 -0.002905 0.600000 0.009418
3.610000 0.256098 -0.001980 -0.002108 0.600000 0.002892
3.736667 0.256098 0.000000 0.000000 0.000000 0.000000
0.063333 0.270732 0.000000 0.000000 0.000000 0.000000
0.190000 0.270732 0.000131 0.003363 0.600000 0.003365
0.316667 0.270732 0.003249 0.000597 0.600000 0.003304
0.443333 0.270732 0.005280 -0.000541 0.600000 0.005307
0.570000 0.270732 0.008882 -0.000326 0.600000 0.008888
0.696667 0.270732 0.007199 0.001339 0.600000 0.007323
0.823333 0.270732 0.004260 -0.001538 0.600000 0.004529
0.950000 0.270732 0.006504 0.000139 0.600000 0.006505
1.076667 0.270732 0.003239 -0.003789 0.600000 0.004984
1.203333 0.270732 -0.000570 -0.005782 0.600000 0.005810
1.330000 0.270732 -0.001679 -0.005847 0.600000 0.006084
1.456667 0.270732 -0.005476 -0.005935 0.600000 0.008075
1.583333 0.270732 -0.003629 -0.004041 0.600000 0.005431
1.710000 0.270732 0.003158 -0.000112 0.600000 0.003160
1.836667 0.270732 0.000206 -0.000407 0.600000 0.000456
1.963333 0.270732 -0.002064 0.000800 0.600000 0.002214
2.090000 0.270732 0.001277 0.000119 0.600000 0.001282
2.216667 0.270732 0.002823 -0.000645 0.600000 0.002895
2.343333 0.270732 0.003594 0.000281 0.600000 0.003605
2.470000 0.270732 0.004414 0.001065 0.600000 0.004540
2.596667 0.270732 0.007435 -0.001514 0.600000 0.007587
2.723333 0.270732 0.008867 -0.001881 0.600000 0.009065
2.850000 0.270732 0.000565 -0.001384 0.600000 0.001495
2.976667 0.270732 -0.004273 0.000550 0.600000 0.004309
3.103333 0.270732 -0.003021 0.001816 0.600000 0.003525
3.230000 0.270732 -0.005810 -0.000511 0.600000 0.005832
3.356667 0.270732 -0.011264 0.001961 0.600000 0.011433
3.483333 0.270732 -0.009233 -0.003499 0.600000 0.009874
3.610000 0.270732 -0.002163 -0.002225 0.600000 0.003103
3.736667 0.270732 0.000000 0.000000 0.000000 0.000000
0.063333 0.285366 0.000000 0.000000 0.000000 0.000000
0.190000 0.285366 -0.000152 0.003495 0.600000 0.003498
0.316667 0.285366 0.002657 0.000361 0.600000 0.002681
0.443333 0.285366 0.004673 -0.000902 0.600000 0.004759
0.570000 0.285366 0.008096 -0.000823 0.600000 0.008138
0.696667 0.285366 0.007617 0.001685 0.600000 0.007801
0.823333 0.285366 0.004727 -0.001819 0.600000 0.005065
0.950000 0.285366 0.005599 -0.000189 0.600000 0.005602
1.076667 0.285366 0.002799 -0.003012 0.600000 0.004111
1.203333 0.285366 -0.000859 -0.006012 0.600000 0.006073
1.330000 0.285366 -0.001694 -0.006098 0.600000 0.006329
1.456667 0.285366 -0.005587 -0.005422 0.600000 0.007785
1.583333 0.285366 -0.003749 -0.003401 0.600000 0.005062
1.710000 0.285366 0.004096 0.000007 0.600000 0.004096
1.836667 0.285366 0.001017 0.000014 0.600000 0.001017
1.963333 0.285366 -0.001611 0.001033 0.600000 0.001914
2.090000 0.285366 0.001859 0.000276 0.600000 0.001880
2.216667 0.285366 0.003408 -0.000860 0.600000 0.003515
2.343333 0.285366 0.004036 0.000169 0.600000 0.004040
2.470000 0.285366 0.004824 0.001553 0.600000 0.005068
2.596667 0.285366 0.007921 -0.001548 0.600000 0.008071
2.723333 0.285366 0.009363 -0.002414 0.600000 0.009669
2.850000 0.285366 -0.000364 -0.001140 0.600000 0.001197
2.976667 0.285366 -0.005486 0.000391 0.600000 0.005500
3.103333 0.285366 -0.003402 0.002987 0.600000 0.004527
3.230000 0.285366 -0.006675 0.000066 0.600000 0.006675
3.356667 0.285366 -0.011765 0.003097 0.600000 0.012166
3.483333 0.285366 -0.008982 -0.004148 0.600000 0.009894
3.610000 0.285366 -0.001911 -0.002355 0.600000 0.003033
3.736667 0.285366 0.000000 0.000000 0.000000 0.000000
0.063333 0.300000 0.000000 0.000000 0.000000 0.000000
0.190000 0.300000 -0.000318 0.003697 0.600000 0.003710
0.316667 0.300000 0.002257 0.000146 0.600000 0.002261
0.443333 0.300000 0.004208 -0.001252 0.600000 0.004390
0.570000 0.300000 0.007271 -0.001249 0.600000 0.007378
0.696667 0.300000 0.007965 0.001733 0.600000 0.008152
0.823333 0.300000 0.005440 -0.001790 0.600000 0.005727
0.950000 0.300000 0.004880 -0.000419 0.600000 0.004898
1.076667 0.300000 0.002182 -0.002443 0.600000 0.003275
1.203333 0.300000 -0.001286 -0.006107 0.600000 0.006240
1.330000 0.300000 -0.001673 -0.006439 0.600000 0.006653
1.456667 0.300000 -0.005067 -0.004865 0.600000 0.007025
1.583333 0.300000 -0.003373 -0.003035 0.600000 0.004538
1.710000 0.300000 0.004858 0.000092 0.600000 0.004859
1.836667 0.300000 0.001745 0.000553 0.600000 0.001830
1.963333 0.300000 -0.001133 0.001242 0.600000 0.001682
2.090000 0.300000 0.002643 0.000455 0.600000 0.002682
2.216667 0.300000 0.004172 -0.001017 0.600000 0.004294
2.343333 0.300000 0.004627 0.000126 0.600000 0.004629
2.470000 0.300000 0.005380 0.001854 0.600000 0.005690
2.596667 0.300000 0.008562 -0.001535 0.600000 0.008698
2.723333 0.300000 0.008092 -0.002687 0.600000 0.008526
2.850000 0.300000 -0.001314 -0.000982 0.600000 0.001640
2.976667 0.300000 -0.005134 0.000152 0.600000 0.005136
3.103333 0.300000 -0.004159 0.004198 0.600000 0.005909
3.230000 0.300000 -0.007613 0.000730 0.600000 0.007648
3.356667 0.300000 -0.012214 0.004080 0.600000 0.012877
3.483333 0.300000 -0.008635 -0.004914 0.600000 0.009935
3.610000 0.300000 -0.001625 -0.002455 0.600000 0.002944
3.736667 0.300000 0.000000 0.000000 0.000000 0.000000
0.063333 0.314634 0.000000 0.000000 0.000000 0.000000
0.190000 0.314634 0.000124 0.003810 0.600000 0.003812
0.316667 0.314634 0.002950 -0.000137 0.600000 0.002953
0.443333 0.314634 0.004937 -0.001619 0.600000 0.005196
0.570000 0.314634 0.006791 -0.001447 0.600000 0.006944
0.696667 0.314634 0.006494 0.001612 0.600000 0.006691
0.823333 0.314634 0.005826 -0.001737 0.600000 0.006080
0.950000 0.314634 0.005247 -0.000388 0.600000 0.005261
1.076667 0.314634 0.001528 -0.002048 0.600000 0.002555
1.203333 0.314634 -0.001492 -0.006109 0.600000 0.006288
1.330000 0.314634 -0.001812 -0.006774 0.600000 0.007012
1.456667 0.314634 -0.004952 -0.004346 0.600000 0.006589
1.583333 0.314634 -0.003114 -0.002775 0.600000 0.004171
1.710000 0.314634 0.004092 0.000339 0.600000 0.004106
1.836667 0.314634 0.001244 0.001017 0.600000 0.001607
1.963333 0.314634 -0.000464 0.001440 0.600000 0.001513
2.090000 0.314634 0.003347 0.000656 0.600000 0.003411
2.216667 0.314634 0.004836 -0.001087 0.600000 0.004957
2.343333 0.314634 0.005240 0.000141 0.600000 0.005242
2.470000 0.314634 0.005951 0.002094 0.600000 0.006309
2.596667 0.314634 0.009289 -0.001443 0.600000 0.009401
2.723333 0.314634 0.007239 -0.002448 0.600000 0.007641
2.850000 0.314634 -0.001800 -0.001325 0.600000 0.002235
2.976667 0.314634 -0.004014 0.000091 0.600000 0.004015
3.103333 0.314634 -0.004388 0.004577 0.600000 0.006341
3.230000 0.314634 -0.008256 0.001372 0.600000 0.008369
3.356667 0.314634 -0.012248 0.004981 0.600000 0.013222
3.483333 0.314634 -0.008535 -0.005721 0.600000 0.010275
3.610000 0.314634 -0.001644 -0.002536 0.600000 0.003022
3.736667 0.314634 0.000000 0.000000 0.000000 0.000000
0.063333 0.329268 0.000000 0.000000 0.000000 0.000000
0.190000 0.329268 0.000540 0.003685 0.600000 0.003724
0.316667 0.329268 0.003592 -0.000573 0.600000 0.003637
0.443333 0.329268 0.005599 -0.002031 0.600000 0.005956
0.570000 0.329268 0.006615 -0.001323 0.600000 0.006746
0.696667 0.329268 0.006116 0.001424 0.600000 0.006279
0.823333 0.329268 0.006927 -0.001825 0.600000 0.007164
0.950000 0.329268 0.005731 0.000017 0.600000 0.005731
1.076667 0.329268 0.000926 -0.001772 0.600000 0.001999
1.203333 0.329268 -0.001865 -0.005912 0.600000 0.006199
1.330000 0.329268 -0.001957 -0.007002 0.600000 0.007270
1.456667 0.329268 -0.005419 -0.003778 0.600000 0.006606
1.583333 0.329268 -0.003489 -0.002681 0.600000 0.004400
1.710000 0.329268 0.003403 0.000858 0.600000 0.003510
1.836667 0.329268 0.000922 0.001215 0.600000 0.001526
1.963333 0.329268 0.000194 0.001675 0.600000 0.001686
2.090000 0.329268 0.003726 0.000903 0.600000 0.003834
2.216667 0.329268 0.005209 -0.001067 0.600000 0.005317
2.343333 0.329268 0.005652 0.000216 0.600000 0.005657
2.470000 0.329268 0.006323 0.002421 0.600000 0.006770
2.596667 0.329268 0.009701 -0.001189 0.600000 0.009773
2.723333 0.329268 0.008204 -0.001996 0.600000 0.008443
2.850000 0.329268 -0.000236 -0.001917 0.600000 0.001931
2.976667 0.329268 -0.002891 0.000190 0.600000 0.002897
3.103333 0.329268 -0.004655 0.003373 0.600000 0.005748
3.230000 0.329268 -0.008593 0.001978 0.600000 0.008817
3.356667 0.329268 -0.011902 0.005900 0.600000 0.013284
3.483333 0.329268 -0.008360 -0.006507 0.600000 0.010594
3.610000 0.329268 -0.001632 -0.002614 0.600000 0.003082
3.736667 0.329268 0.000000 0.000000 0.000000 0.000000
0.063333 0.343902 0.000000 0.000000 0.000000 0.000000
0.190000 0.343902 0.000413 0.003469 0.600000 0.003493
0.316667 0.343902 0.003160 -0.001048 0.600000 0.003329
0.443333 0.343902 0.005032 -0.002455 0.600000 0.005599
0.570000 0.343902 0.006298 -0.001054 0.600000 0.006385
0.696667 0.343902 0.006215 0.001197 0.600000 0.006330
0.823333 0.343902 0.006809 -0.001832 0.600000 0.007051
0.950000 0.343902 0.006240 0.000554 0.600000 0.006265
1.076667 0.343902 0.001577 -0.001429 0.600000 0.002128
1.203333 0.343902 -0.002276 -0.005355 0.600000 0.005819
1.330000 0.343902 -0.002193 -0.007086 0.600000 0.007418
1.456667 0.343902 -0.005090 -0.003112 0.600000 0.005966
1.583333 0.343902 -0.003681 -0.002702 0.600000 0.004567
1.710000 0.343902 0.003728 0.001355 0.600000 0.003967
1.836667 0.343902 0.001040 0.001456 0.600000 0.001789
1.963333 0.343902 -0.001431 0.001972 0.600000 0.002437
2.090000 0.343902 0.001655 0.001236 0.600000 0.002066
2.216667 0.343902 0.002586 -0.000902 0.600000 0.002739
2.343333 0.343902 0.003820 0.000246 0.600000 0.003828
2.470000 0.343902 0.004915 0.002947 0.600000 0.005731
2.596667 0.343902 0.007376 -0.000821 0.600000 0.007422
2.723333 0.343902 0.007581 -0.001779 0.600000 0.007787
2.850000 0.343902 0.001009 -0.002532 0.600000 0.002726
2.976667 0.343902 -0.001721 0.000395 0.600000 0.001766
3.103333 0.343902 -0.004555 0.001740 0.600000 0.004876
3.230000 0.343902 -0.008753 0.002563 0.600000 0.009120
3.356667 0.343902 -0.011317 0.006837 0.600000 0.013222
3.483333 0.343902 -0.008125 -0.007257 0.600000 0.010894
3.610000 0.343902 -0.001683 -0.002695 0.600000 0.003177
3.736667 0.343902 0.000000 0.000000 0.000000 0.000000
0.063333 0.358537 0.000000 0.000000 0.000000 0.000000
0.190000 0.358537 0.000233 0.003316 0.600000 0.003324
0.316667 0.358537 0.002685 -0.001467 0.600000 0.003060
0.443333 0.358537 0.004482 -0.002858 0.600000 0.005316
0.570000 0.358537 0.005681 -0.000724 0.600000 0.005727
0.696667 0.358537 0.005082 0.001081 0.600000 0.005196
0.823333 0.358537 0.005764 -0.001726 0.600000 0.006017
0.950000 0.358537 0.006625 0.001026 0.600000 0.006704
1.076667 0.358537 0.002197 -0.000898 0.600000 0.002373
1.203333 0.358537 -0.002679 -0.004493 0.600000 0.005231
1.330000 0.358537 -0.002500 -0.007014 0.599999 0.007446
1.456667 0.358537 -0.004811 -0.002335 0.600000 0.005348
1.583333 0.358537 -0.004016 -0.002544 0.599998 0.004753
1.710000 0.358537 0.002189 0.001776 0.600000 0.002818
1.836667 0.358537 -0.000733 0.001862 0.600000 0.002001
1.963333 0.358537 -0.003178 0.002320 0.600000 0.003934
2.090000 0.358537 -0.000315 0.001688 0.600000 0.001717
2.216667 0.358537 -0.000035 -0.000483 0.600000 0.000484
2.343333 0.358537 0.001889 0.000122 0.600000 0.001893
2.470000 0.358537 0.003486 0.003779 0.600000 0.005141
2.596667 0.358537 0.005097 -0.000427 0.600000 0.005115
2.723333 0.358537 0.006955 -0.001940 0.600000 0.007220
2.850000 0.358537 -0.000014 -0.002930 0.600000 0.002930
2.976667 0.358537 -0.002525 0.000363 0.600000 0.002551
3.103333 0.358537 -0.004206 0.000610 0.600000 0.004250
3.230000 0.358537 -0.009217 0.003167 0.600000 0.009745
3.356667 0.358537 -0.010918 0.007325 0.600000 0.013148
3.483333 0.358537 -0.007698 -0.007918 0.600000 0.011043
3.610000 0.358537 -0.001704 -0.002780 0.600000 0.003261
3.736667 0.358537 0.000000 0.000000 0.000000 0.000000
0.063333 0.373171 0.000000 0.000000 0.000000 0.000000
0.190000 0.373171 0.000074 0.003229 0.600000 0.003230
0.316667 0.373171 0.002342 -0.001853 0.600000 0.002986
0.443333 0.373171 0.004108 -0.003225 0.600000 0.005223
0.570000 0.373171 0.004921 -0.000222 0.600000 0.004926
0.696667 0.373171 0.003663 0.001151 0.600000 0.003839
0.823333 0.373171 0.004750 -0.001590 0.600000 0.005009
0.950000 0.373171 0.006097 0.001630 0.600000 0.006311
1.076667 0.373171 0.001841 -0.000276 0.600000 0.001862
1.203333 0.373171 -0.003352 -0.003330 0.600000 0.004725
1.330000 0.373171 -0.003078 -0.006799 0.599982 0.007463
1.456667 0.373171 -0.002629 -0.001433 0.600000 0.002994
1.583333 0.373171 -0.001789 -0.002878 0.599980 0.003389
1.710000 0.373171 0.001204 0.002399 0.600000 0.002684
1.836667 0.373171 -0.001745 0.002119 0.600000 0.002745
1.963333 0.373171 -0.002957 0.002688 0.600000 0.003997
2.090000 0.373171 0.000204 0.002236 0.600000 0.002246
2.216667 0.373171 0.000390 0.000251 0.600000 0.000464
2.343333 0.373171 0.002138 -0.000014 0.600000 0.002138
2.470000 0.373171 0.003852 0.004753 0.600000 0.006118
2.596667 0.373171 0.005321 -0.000020 0.600000 0.005321
2.723333 0.373171 0.007607 -0.002312 0.599998 0.007951
2.850000 0.373171 -0.001186 -0.002835 0.599999 0.003073
2.976667 0.373171 -0.005548 0.000060 0.599999 0.005548
3.103333 0.373171 -0.005987 -0.000326 0.600000 0.005996
3.230000 0.373171 -0.009111 0.003779 0.600000 0.009864
3.356667 0.373171 -0.009507 0.007019 0.600000 0.011818
3.483333 0.373171 -0.006522 -0.008402 0.600000 0.010636
3.610000 0.373171 -0.001349 -0.002826 0.600000 0.003132
3.736667 0.373171 0.000000 0.000000 0.000000 0.000000
0.063333 0.387805 0.000000 0.000000 0.000000 0.000000
0.190000 0.387805 0.000032 0.003190 0.600000 0.003190
0.316667 0.387805 0.002203 -0.002215 0.600000 0.003124
0.443333 0.387805 0.003970 -0.003553 0.599994 0.005327
0.570000 0.387805 0.004255 0.000560 0.600000 0.004292
0.696667 0.387805 0.002212 0.001413 0.600000 0.002625
0.823333 0.387805 0.003898 -0.001395 0.599977 0.004140
0.950000 0.387805 0.005718 0.002593 0.599996 0.006279
1.076667 0.387805 0.001569 0.000365 0.600000 0.001611
1.203333 0.387805 -0.003666 -0.001759 0.599990 0.004066
1.330000 0.387805 -0.003348 -0.006381 0.599669 0.007206
1.456667 0.387805 -0.000388 -0.000457 0.599999 0.000600
1.583333 0.387805 0.000465 -0.004493 0.599827 0.004517
1.710000 0.387805 0.001733 0.003085 0.600000 0.003539
1.836667 0.387805 -0.001197 0.002279 0.600000 0.002574
1.963333 0.387805 -0.002659 0.003055 0.600000 0.004049
2.090000 0.387805 0.000919 0.002858 0.600000 0.003002
2.216667 0.387805 0.000935 0.001358 0.600000 0.001649
2.343333 0.387805 0.002515 -0.000026 0.599987 0.002515
2.470000 0.387805 0.004419 0.005687 0.600000 0.007202
2.596667 0.387805 0.005552 0.000468 0.599997 0.005571
2.723333 0.387805 0.008163 -0.002744 0.599963 0.008612
2.850000 0.387805 -0.000269 -0.002470 0.599979 0.002485
2.976667 0.387805 -0.006463 0.000013 0.599983 0.006463
3.103333 0.387805 -0.007855 -0.001248 0.600000 0.007954
3.230000 0.387805 -0.009050 0.004372 0.600000 0.010050
3.356667 0.387805 -0.007930 0.006359 0.600000 0.010165
3.483333 0.387805 -0.005196 -0.008647 0.600000 0.010089
3.610000 0.387805 -0.001011 -0.002794 0.600000 0.002971
3.736667 0.387805 0.000000 0.000000 0.000000 0.000000
0.063333 0.402439 0.000000 0.000000 0.000000 0.000000
0.190000 0.402439 0.000438 0.003130 0.600000 0.003160
0.316667 0.402439 0.002882 -0.002541 0.600000 0.003843
0.443333 0.402439 0.005182 -0.003908 0.599856 0.006490
0.570000 0.402439 0.005609 0.001732 0.599998 0.005870
0.696667 0.402439 0.001887 0.002049 0.599979 0.002786
0.823333 0.402439 0.003956 -0.001156 0.598721 0.004121
0.950000 0.402439 0.006066 0.004171 0.599686 0.007361
1.076667 0.402439 0.000948 0.001059 0.599948 0.001421
1.203333 0.402439 -0.004320 0.000331 0.599690 0.004333
1.330000 0.402439 -0.003543 -0.005679 0.594969 0.006693
1.456667 0.402439 -0.000635 0.000865 0.599972 0.001073
1.583333 0.402439 0.000866 -0.006758 0.598282 0.006813
1.710000 0.402439 0.003041 0.003728 0.599979 0.004811
1.836667 0.402439 -0.000600 0.002509 0.600000 0.002579
1.963333 0.402439 -0.002189 0.003398 0.599999 0.004042
2.090000 0.402439 0.002028 0.003589 0.600000 0.004122
2.216667 0.402439 0.001591 0.003006 0.599999 0.003401
2.343333 0.402439 0.003309 0.000011 0.599419 0.003309
2.470000 0.402439 0.005653 0.006795 0.599950 0.008839
2.596667 0.402439 0.006233 0.001060 0.599773 0.006323
2.723333 0.402439 0.008000 -0.003048 0.599560 0.008561
2.850000 0.402439 0.000091 -0.002258 0.599763 0.002260
2.976667 0.402439 -0.004917 0.000360 0.599573 0.004930
3.103333 0.402439 -0.007670 -0.001943 0.599987 0.007913
3.230000 0.402439 -0.007266 0.004877 0.600000 0.008751
3.356667 0.402439 -0.004993 0.005866 0.600000 0.007703
3.483333 0.402439 -0.004368 -0.008709 0.600000 0.009742
3.610000 0.402439 -0.000916 -0.002712 0.600000 0.002862
3.736667 0.402439 0.000000 0.000000 0.000000 0.000000
0.063333 0.417073 0.000000 0.000000 0.000000 0.000000
0.190000 0.417073 0.000799 0.003001 0.600000 0.003106
0.316667 0.417073 0.003399 -0.002814 0.600000 0.004413
0.443333 0.417073 0.000932 -0.003722 0.598065 0.003837
0.570000 0.417073 0.002767 0.001371 0.558847 0.003088
0.696667 0.417073 0.010251 0.001687 0.556886 0.010389
0.823333 0.417073 0.009429 -0.000741 0.550808 0.009458
0.950000 0.417073 0.006943 0.003823 0.553914 0.007926
1.076667 0.417073 0.008860 0.000949 0.555045 0.008911
1.203333 0.417073 0.010398 0.001058 0.550339 0.010451
1.330000 0.417073 0.003553 -0.004032 0.549999 0.005374
1.456667 0.417073 -0.000067 0.000647 0.554218 0.000651
1.583333 0.417073 -0.006409 -0.006529 0.550977 0.009149
1.710000 0.417073 -0.007920 0.002358 0.559319 0.008263
1.836667 0.417073 -0.001310 0.002665 0.598274 0.002969
1.963333 0.417073 -0.009267 0.004500 0.596089 0.010302
2.090000 0.417073 -0.009733 0.002791 0.556688 0.010125
2.216667 0.417073 -0.005546 0.002692 0.554124 0.006165
2.343333 0.417073 -0.008890 -0.000124 0.551164 0.008891
2.470000 0.417073 -0.009004 0.005311 0.558830 0.010454
2.596667 0.417073 -0.006137 0.000792 0.552913 0.006188
2.723333 0.417073 -0.010949 -0.003076 0.555240 0.011373
2.850000 0.417073 -0.014110 -0.002787 0.559689 0.014383
2.976667 0.417073 -0.015332 -0.000084 0.556837 0.015332
3.103333 0.417073 -0.017881 -0.002665 0.560500 0.018078
3.230000 0.417073 -0.010053 0.003020 0.564482 0.010497
3.356667 0.417073 -0.003499 0.005552 0.597927 0.006562
3.483333 0.417073 -0.003481 -0.008635 0.600000 0.009310
3.610000 0.417073 -0.000807 -0.002605 0.600000 0.002727
3.736667 0.417073 0.000000 0.000000 0.000000 0.000000
0.063333 0.431707 0.000000 0.000000 0.000000 0.000000
0.190000 0.431707 0.000780 0.002852 0.600000 0.002956
0.316667 0.431707 0.003073 -0.003016 0.600000 0.004306
0.443333 0.431707 0.002965 -0.003301 0.599999 0.004437
0.570000 0.431707 0.002726 0.000445 0.299952 0.002762
0.696667 0.431707 0.006018 0.001075 0.299908 0.006113
0.823333 0.431707 0.005712 -0.000870 0.299994 0.005778
0.950000 0.431707 0.004105 0.002178 0.298866 0.004647
1.076667 0.431707 0.005378 0.000617 0.299702 0.005413
1.203333 0.431707 0.006425 0.000102 0.299570 0.006426
1.330000 0.431707 0.002211 -0.003650 0.299991 0.004267
1.456667 0.431707 0.000305 -0.000787 0.299908 0.000844
1.583333 0.431707 -0.003530 -0.006133 0.299992 0.007076
1.710000 0.431707 -0.005982 0.000437 0.299683 0.005998
1.836667 0.431707 -0.004749 0.002537 0.599975 0.005384
1.963333 0.431707 -0.004525 0.005490 0.599688 0.007114
2.090000 0.431707 -0.003000 0.001555 0.299551 0.003379
2.216667 0.431707 -0.003852 0.001004 0.299374 0.003980
2.343333 0.431707 -0.006213 -0.000856 0.299978 0.006272
2.470000 0.431707 -0.006142 0.003091 0.299189 0.006876
2.596667 0.431707 -0.004523 -0.000203 0.299866 0.004528
2.723333 0.431707 -0.007061 -0.003335 0.300000 0.007809
2.850000 0.431707 -0.008617 -0.003211 0.300000 0.009196
2.976667 0.431707 -0.009377 -0.000845 0.300000 0.009415
3.103333 0.431707 -0.010773 -0.002866 0.299988 0.011148
3.230000 0.431707 -0.007269 0.001317 0.299952 0.007388
3.356667 0.431707 -0.005362 0.005010 0.599835 0.007338
3.483333 0.431707 -0.002610 -0.008401 0.600000 0.008797
3.610000 0.431707 -0.000769 -0.002479 0.600000 0.002595
3.736667 0.431707 0.000000 0.000000 0.000000 0.000000
0.063333 0.446341 0.000000 0.000000 0.000000 0.000000
0.190000 0.446341 0.000754 0.002726 0.600000 0.002828
0.316667 0.446341 0.002758 -0.003140 0.600000 0.004179
0.443333 0.446341 0.002577 -0.003140 0.600000 0.004062
0.570000 0.446341 0.002666 0.000420 0.299999 0.002699
0.696667 0.446341 0.004704 0.001416 0.299996 0.004913
0.823333 0.446341 0.004862 -0.001598 0.300000 0.005118
0.950000 0.446341 0.004562 0.001902 0.299929 0.004943
1.076667 0.446341 0.004261 0.000779 0.299988 0.004332
1.203333 0.446341 0.004197 -0.000771 0.299999 0.004268
1.330000 0.446341 0.002437 -0.005463 0.300000 0.005982
1.456667 0.446341 0.000307 -0.001972 0.300000 0.001996
1.583333 0.446341 -0.004221 -0.008477 0.300000 0.009470
1.710000 0.446341 -0.005539 -0.000040 0.299993 0.005539
1.836667 0.446341 -0.005952 0.002224 0.600000 0.006354
1.963333 0.446341 -0.006215 0.005103 0.599982 0.008041
2.090000 0.446341 -0.003903 0.001497 0.299977 0.004180
2.216667 0.446341 -0.005773 0.000288 0.299987 0.005781
2.343333 0.446341 -0.007208 -0.002011 0.299999 0.007484
2.470000 0.446341 -0.006647 0.003352 0.299923 0.007444
2.596667 0.446341 -0.005030 -0.001120 0.300000 0.005153
2.723333 0.446341 -0.006242 -0.004765 0.300000 0.007853
2.850000 0.446341 -0.010656 -0.004211 0.300000 0.011458
2.976667 0.446341 -0.012448 -0.001542 0.300000 0.012543
3.103333 0.446341 -0.011537 -0.003648 0.299998 0.012100
3.230000 0.446341 -0.007155 0.001765 0.299994 0.007370
3.356667 0.446341 -0.004460 0.004363 0.599991 0.006239
3.483333 0.446341 -0.002108 -0.008038 0.600000 0.008310
3.610000 0.446341 -0.000750 -0.002344 0.600000 0.002461
3.736667 0.446341 0.000000 0.000000 0.000000 0.000000
0.063333 0.460976 0.000000 0.000000 0.000000 0.000000
0.190000 0.460976 0.000761 0.002620 0.600000 0.002729
0.316667 0.460976 0.002548 -0.003194 0.600000 0.004086
0.443333 0.460976 0.002257 -0.002965 0.600000 0.003726
0.570000 0.460976 0.002554 0.000243 0.300000 0.002565
0.696667 0.460976 0.004956 0.001372 0.300000 0.005143
0.823333 0.460976 0.005345 -0.001966 0.300000 0.005695
0.950000 0.460976 0.004903 0.000922 0.299998 0.004989
1.076667 0.460976 0.004994 0.000708 0.300000 0.005044
1.203333 0.460976 0.005091 -0.001551 0.300000 0.005322
1.330000 0.460976 0.002808 -0.005874 0.300000 0.006511
1.456667 0.460976 0.000185 -0.002779 0.300000 0.002785
1.583333 0.460976 -0.004633 -0.008341 0.300000 0.009541
1.710000 0.460976 -0.006012 -0.000422 0.300000 0.006027
1.836667 0.460976 -0.006740 0.001979 0.600000 0.007024
1.963333 0.460976 -0.006767 0.004475 0.599999 0.008113
2.090000 0.460976 -0.004246 0.000863 0.299999 0.004332
2.216667 0.460976 -0.006214 -0.000648 0.300000 0.006248
2.343333 0.460976 -0.007950 -0.002759 0.300000 0.008415
2.470000 0.460976 -0.007590 0.002564 0.299996 0.008011
2.596667 0.460976 -0.006215 -0.001882 0.300000 0.006493
2.723333 0.460976 -0.007630 -0.004961 0.300000 0.009101
2.850000 0.460976 -0.012289 -0.003876 0.300000 0.012886
2.976667 0.460976 -0.013984 -0.002015 0.300000 0.014129
3.103333 0.460976 -0.012402 -0.003432 0.300000 0.012868
3.230000 0.460976 -0.007227 0.001762 0.299999 0.007439
3.356667 0.460976 -0.003584 0.004302 0.599999 0.005599
3.483333 0.460976 -0.001555 -0.007638 0.600000 0.007794
3.610000 0.460976 -0.000507 -0.002177 0.600000 0.002235
3.736667 0.460976 0.000000 0.000000 0.000000 0.000000
0.063333 0.475610 0.000000 0.000000 0.000000 0.000000
0.190000 0.475610 0.000862 0.002522 0.600000 0.002665
0.316667 0.475610 0.002509 -0.003179 0.600000 0.004050
0.443333 0.475610 0.002046 -0.002761 0.600000 0.003436
0.570000 0.475610 0.002484 0.000091 0.300000 0.002486
0.696667 0.475610 0.005233 0.001306 0.300000 0.005394
0.823333 0.475610 0.005876 -0.002195 0.300000 0.006272
0.950000 0.475610 0.005327 0.000186 0.300000 0.005330
1.076667 0.475610 0.005698 0.000702 0.300000 0.005741
1.203333 0.475610 0.005912 -0.002044 0.300000 0.006255
1.330000 0.475610 0.003172 -0.005991 0.300000 0.006779
1.456667 0.475610 0.000102 -0.003320 0.300000 0.003321
1.583333 0.475610 -0.005008 -0.007967 0.300000 0.009410
1.710000 0.475610 -0.006471 -0.000687 0.300000 0.006507
1.836667 0.475610 -0.007481 0.001759 0.600000 0.007685
1.963333 0.475610 -0.007240 0.003893 0.600000 0.008220
2.090000 0.475610 -0.004558 0.000375 0.300000 0.004573
2.216667 0.475610 -0.006684 -0.001295 0.300000 0.006808
2.343333 0.475610 -0.008622 -0.003208 0.300000 0.009200
2.470000 0.475610 -0.008427 0.001917 0.300000 0.008642
2.596667 0.475610 -0.007325 -0.002355 0.300000 0.007694
2.723333 0.475610 -0.009012 -0.004959 0.300000 0.010286
2.850000 0.475610 -0.013121 -0.003421 0.300000 0.013559
2.976667 0.475610 -0.014650 -0.002356 0.300000 0.014838
3.103333 0.475610 -0.013249 -0.003215 0.300000 0.013633
3.230000 0.475610 -0.007628 0.001715 0.300000 0.007818
3.356667 0.475610 -0.003291 0.004494 0.600000 0.005570
3.483333 0.475610 -0.000936 -0.007256 0.600000 0.007316
3.610000 0.475610 -0.000294 -0.001954 0.600000 0.001976
3.736667 0.475610 0.000000 0.000000 0.000000 0.000000
0.063333 0.490244 0.000000 0.000000 0.000000 0.000000
0.190000 0.490244 0.001246 0.002385 0.600000 0.002691
0.316667 0.490244 0.002949 -0.003134 0.600000 0.004304
0.443333 0.490244 0.002276 -0.002527 0.600000 0.003401
0.570000 0.490244 0.002579 -0.000019 0.300000 0.002579
0.696667 0.490244 0.005546 0.001208 0.300000 0.005676
0.823333 0.490244 0.006388 -0.002310 0.300000 0.006792
0.950000 0.490244 0.005731 -0.000333 0.300000 0.005741
1.076667 0.490244 0.006347 0.000696 0.300000 0.006385
1.203333 0.490244 0.006700 -0.002307 0.300000 0.007086
1.330000 0.490244 0.003550 -0.005851 0.300000 0.006843
1.456667 0.490244 0.000054 -0.003624 0.300000 0.003624
1.583333 0.490244 -0.005342 -0.007469 0.300000 0.009183
1.710000 0.490244 -0.006915 -0.000857 0.300000 0.006968
1.836667 0.490244 -0.008112 0.001553 0.600000 0.008260
1.963333 0.490244 -0.007640 0.003349 0.600000 0.008342
2.090000 0.490244 -0.004893 0.000021 0.300000 0.004893
2.216667 0.490244 -0.007195 -0.001695 0.300000 0.007392
2.343333 0.490244 -0.009315 -0.003419 0.300000 0.009923
2.470000 0.490244 -0.009278 0.001410 0.300000 0.009384
2.596667 0.490244 -0.008366 -0.002604 0.300000 0.008762
2.723333 0.490244 -0.010717 -0.004718 0.300000 0.011710
2.850000 0.490244 -0.014387 -0.003022 0.300000 0.014701
2.976667 0.490244 -0.015305 -0.002495 0.300000 0.015507
3.103333 0.490244 -0.014063 -0.002971 0.300000 0.014373
3.230000 0.490244 -0.008014 0.001638 0.300000 0.008180
3.356667 0.490244 -0.002875 0.004550 0.600000 0.005382
3.483333 0.490244 -0.000416 -0.006857 0.600000 0.006870
3.610000 0.490244 -0.000277 -0.001703 0.600000 0.001725
3.736667 0.490244 0.000000 0.000000 0.000000 0.000000
0.063333 0.504878 0.000000 0.000000 0.000000 0.000000
0.190000 0.504878 0.001665 0.002172 0.600000 0.002737
0.316667 0.504878 0.003307 -0.003061 0.600000 0.004506
0.443333 0.504878 0.002288 -0.002275 0.600000 0.003226
0.570000 0.504878 0.002652 -0.000085 0.300000 0.002653
0.696667 0.504878 0.005864 0.001073 0.300000 0.005962
0.823333 0.504878 0.006863 -0.002326 0.300000 0.007246
0.950000 0.504878 0.006164 -0.000666 0.300000 0.006200
1.076667 0.504878 0.007017 0.000635 0.300000 0.007046
1.203333 0.504878 0.007469 -0.002383 0.300000 0.007840
1.330000 0.504878 0.003918 -0.005497 0.300000 0.006750
1.456667 0.504878 0.000027 -0.003727 0.300000 0.003727
1.583333 0.504878 -0.005648 -0.006819 0.300000 0.008854
1.710000 0.504878 -0.007353 -0.000949 0.300000 0.007414
1.836667 0.504878 -0.008724 0.001351 0.600000 0.008828
1.963333 0.504878 -0.008069 0.002848 0.600000 0.008557
2.090000 0.504878 -0.005263 -0.000221 0.300000 0.005268
2.216667 0.504878 -0.007736 -0.001886 0.300000 0.007963
2.343333 0.504878 -0.010056 -0.003426 0.300000 0.010623
2.470000 0.504878 -0.010166 0.001029 0.300000 0.010218
2.596667 0.504878 -0.009413 -0.002673 0.300000 0.009785
2.723333 0.504878 -0.012238 -0.004247 0.300000 0.012954
2.850000 0.504878 -0.015534 -0.002710 0.300000 0.015768
2.976667 0.504878 -0.016006 -0.002466 0.300000 0.016195
3.103333 0.504878 -0.014855 -0.002683 0.300000 0.015096
3.230000 0.504878 -0.008395 0.001523 0.300000 0.008532
3.356667 0.504878 -0.002351 0.004443 0.600000 0.005027
3.483333 0.504878 0.000192 -0.006364 0.600000 0.006367
3.610000 0.504878 -0.000254 -0.001443 0.600000 0.001465
3.736667 0.504878 0.000000 0.000000 0.000000 0.000000
0.063333 0.519512 0.000000 0.000000 0.000000 0.000000
0.190000 0.519512 0.001892 0.001902 0.600000 0.002683
0.316667 0.519512 0.003314 -0.002882 0.600000 0.004392
0.443333 0.519512 0.001900 -0.001992 0.600000 0.002753
0.570000 0.519512 0.002587 -0.000131 0.300000 0.002591
0.696667 0.519512 0.006387 0.000897 0.300000 0.006449
0.823333 0.519512 0.007547 -0.002209 0.300000 0.007863
0.950000 0.519512 0.006876 -0.000859 0.300000 0.006929
1.076667 0.519512 0.007976 0.000561 0.300000 0.007996
1.203333 0.519512 0.008231 -0.002294 0.300000 0.008544
1.330000 0.519512 0.004171 -0.004945 0.300000 0.006470
1.456667 0.519512 -0.000071 -0.003503 0.300000 0.003504
1.583333 0.519512 -0.005934 -0.006014 0.300000 0.008449
1.710000 0.519512 -0.007816 -0.000973 0.300000 0.007876
1.836667 0.519512 -0.009336 0.001149 0.600000 0.009406
1.963333 0.519512 -0.008489 0.002386 0.600000 0.008818
2.090000 0.519512 -0.005576 -0.000370 0.300000 0.005588
2.216667 0.519512 -0.008216 -0.001893 0.300000 0.008431
2.343333 0.519512 -0.010975 -0.003227 0.300000 0.011440
2.470000 0.519512 -0.011220 0.000723 0.300000 0.011244
2.596667 0.519512 -0.010752 -0.002545 0.300000 0.011049
2.723333 0.519512 -0.013676 -0.003675 0.300000 0.014161
2.850000 0.519512 -0.016367 -0.002393 0.300000 0.016541
2.976667 0.519512 -0.016731 -0.002306 0.300000 0.016889
3.103333 0.519512 -0.015618 -0.002338 0.300000 0.015792
3.230000 0.519512 -0.008792 0.001359 0.300000 0.008897
3.356667 0.519512 -0.001727 0.004161 0.600000 0.004505
3.483333 0.519512 0.000867 -0.005730 0.600000 0.005796
3.610000 0.519512 -0.000258 -0.001176 0.600000 0.001204
3.736667 0.519512 0.000000 0.000000 0.000000 0.000000
0.063333 0.534146 0.000000 0.000000 0.000000 0.000000
0.190000 0.534146 0.002159 0.001595 0.600000 0.002685
0.316667 0.534146 0.003390 -0.002548 0.600000 0.004241
0.443333 0.534146 0.001555 -0.001662 0.600000 0.002276
0.570000 0.534146 0.002490 -0.000164 0.300000 0.002496
0.696667 0.534146 0.006755 0.000679 0.300000 0.006789
0.823333 0.534146 0.008098 -0.001934 0.300000 0.008325
0.950000 0.534146 0.007470 -0.000941 0.300000 0.007529
1.076667 0.534146 0.008850 0.000502 0.300000 0.008865
1.203333 0.534146 0.009005 -0.002051 0.300000 0.009236
1.330000 0.534146 0.004526 -0.004186 0.300000 0.006165
1.456667 0.534146 -0.000069 -0.002896 0.300000 0.002896
1.583333 0.534146 -0.006265 -0.005041 0.300000 0.008042
1.710000 0.534146 -0.008373 -0.000926 0.300000 0.008424
1.836667 0.534146 -0.010152 0.000939 0.600000 0.010195
1.963333 0.534146 -0.008998 0.001942 0.600000 0.009205
2.090000 0.534146 -0.005908 -0.000440 0.300000 0.005924
2.216667 0.534146 -0.008713 -0.001728 0.300000 0.008883
2.343333 0.534146 -0.011830 -0.002822 0.300000 0.012162
2.470000 0.534146 -0.012191 0.000461 0.300000 0.012199
2.596667 0.534146 -0.011864 -0.002215 0.300000 0.012069
2.723333 0.534146 -0.014930 -0.003062 0.300000 0.015241
2.850000 0.534146 -0.017239 -0.002010 0.300000 0.017356
2.976667 0.534146 -0.017516 -0.002038 0.300000 0.017634
3.103333 0.534146 -0.016428 -0.001928 0.300000 0.016540
3.230000 0.534146 -0.009197 0.001142 0.300000 0.009267
3.356667 0.534146 -0.000937 0.003676 0.600000 0.003793
3.483333 0.534146 0.001660 -0.004915 0.600000 0.005188
3.610000 0.534146 -0.000304 -0.000910 0.600000 0.000959
3.736667 0.534146 0.000000 0.000000 0.000000 0.000000
0.063333 0.548780 0.000000 0.000000 0.000000 0.000000
0.190000 0.548780 0.002503 0.001238 0.600000 0.002793
0.316667 0.548780 0.003580 -0.002053 0.600000 0.004127
0.443333 0.548780 0.001256 -0.001275 0.600000 0.001790
0.570000 0.548780 0.002383 -0.000168 0.300000 0.002389
0.696667 0.548780 0.006902 0.000457 0.300000 0.006917
0.823333 0.548780 0.008435 -0.001531 0.300000 0.008573
0.950000 0.548780 0.007828 -0.000885 0.300000 0.007878
1.076667 0.548780 0.009528 0.000422 0.300000 0.009537
1.203333 0.548780 0.009843 -0.001659 0.300000 0.009982
1.330000 0.548780 0.005039 -0.003229 0.300000 0.005985
1.456667 0.548780 0.000078 -0.002128 0.300000 0.002129
1.583333 0.548780 -0.006623 -0.003880 0.300000 0.007676
1.710000 0.548780 -0.009114 -0.000783 0.300000 0.009147
1.836667 0.548780 -0.011411 0.000697 0.600000 0.011432
1.963333 0.548780 -0.009674 0.001473 0.600000 0.009785
2.090000 0.548780 -0.006283 -0.000423 0.300000 0.006298
2.216667 0.548780 -0.009238 -0.001412 0.300000 0.009345
2.343333 0.548780 -0.012539 -0.002238 0.300000 0.012737
2.470000 0.548780 -0.012993 0.000257 0.300000 0.012996
2.596667 0.548780 -0.012625 -0.001740 0.300000 0.012745
2.723333 0.548780 -0.015835 -0.002355 0.300000 0.016009
2.850000 0.548780 -0.018085 -0.001552 0.300000 0.018152
2.976667 0.548780 -0.018551 -0.001634 0.300000 0.018623
3.103333 0.548780 -0.017530 -0.001469 0.300000 0.017591
3.230000 0.548780 -0.009660 0.000871 0.300000 0.009700
3.356667 0.548780 -0.000005 0.002960 0.600000 0.002960
3.483333 0.548780 0.002663 -0.003874 0.600000 0.004701
3.610000 0.548780 -0.000294 -0.000641 0.600000 0.000705
3.736667 0.548780 0.000000 0.000000 0.000000 0.000000
0.063333 0.563415 0.000000 0.000000 0.000000 0.000000
0.190000 0.563415 0.002948 0.000810 0.600000 0.003057
0.316667 0.563415 0.003882 -0.001377 0.600000 0.004119
0.443333 0.563415 0.000963 -0.000821 0.600000 0.001265
0.570000 0.563415 0.002285 -0.000130 0.300000 0.002289
0.696667 0.563415 0.007107 0.000255 0.300000 0.007111
0.823333 0.563415 0.008820 -0.001012 0.300000 0.008878
0.950000 0.563415 0.008178 -0.000664 0.300000 0.008205
1.076667 0.563415 0.010237 0.000293 0.300000 0.010241
1.203333 0.563415 0.010759 -0.001113 0.300000 0.010816
1.330000 0.563415 0.005644 -0.002085 0.300000 0.006017
1.456667 0.563415 0.000306 -0.001320 0.300000 0.001355
1.583333 0.563415 -0.006981 -0.002504 0.300000 0.007417
1.710000 0.563415 -0.009819 -0.000536 0.300000 0.009834
1.836667 0.563415 -0.012584 0.000422 0.600000 0.012591
1.963333 0.563415 -0.010400 0.000943 0.600000 0.010443
2.090000 0.563415 -0.006645 -0.000316 0.300000 0.006652
2.216667 0.563415 -0.009730 -0.000953 0.300000 0.009776
2.343333 0.563415 -0.013284 -0.001480 0.300000 0.013366
2.470000 0.563415 -0.013806 0.000117 0.300000 0.013806
2.596667 0.563415 -0.013351 -0.001143 0.300000 0.013400
2.723333 0.563415 -0.016728 -0.001518 0.300000 0.016797
2.850000 0.563415 -0.018923 -0.001004 0.300000 0.018950
2.976667 0.563415 -0.019434 -0.001073 0.300000 0.019463
3.103333 0.563415 -0.018452 -0.000959 0.300000 0.018477
3.230000 0.563415 -0.010116 0.000549 0.300000 0.010131
3.356667 0.563415 0.001103 0.001985 0.600000 0.002271
3.483333 0.563415 0.003804 -0.002562 0.600000 0.004586
3.610000 0.563415 -0.000349 -0.000370 0.600000 0.000509
3.736667 0.563415 0.000000 0.000000 0.000000 0.000000
0.063333 0.578049 0.000000 0.000000 0.000000 0.000000
0.190000 0.578049 0.003500 0.000288 0.600000 0.003512
0.316667 0.578049 0.004304 -0.000496 0.600000 0.004333
0.443333 0.578049 0.000671 -0.000288 0.600000 0.000730
0.570000 0.578049 0.002251 -0.000050 0.300000 0.002252
0.696667 0.578049 0.007448 0.000079 0.300000 0.007448
0.823333 0.578049 0.009335 -0.000361 0.300000 0.009342
0.950000 0.578049 0.008585 -0.000255 0.300000 0.008589
1.076667 0.578049 0.011001 0.000107 0.300000 0.011002
1.203333 0.578049 0.011765 -0.000401 0.300000 0.011771
1.330000 0.578049 0.006185 -0.000733 0.300000 0.006228
1.456667 0.578049 0.000483 -0.000451 0.300000 0.000661
1.583333 0.578049 -0.007344 -0.000879 0.300000 0.007396
1.710000 0.578049 -0.010498 -0.000194 0.300000 0.010500
1.836667 0.578049 -0.013624 0.000140 0.600000 0.013625
1.963333 0.578049 -0.011143 0.000330 0.600000 0.011148
2.090000 0.578049 -0.007009 -0.000121 0.300000 0.007010
2.216667 0.578049 -0.010213 -0.000343 0.300000 0.010219
2.343333 0.578049 -0.014095 -0.000528 0.300000 0.014104
2.470000 0.578049 -0.014659 0.000032 0.300000 0.014659
2.596667 0.578049 -0.014043 -0.000406 0.300000 0.014049
2.723333 0.578049 -0.017650 -0.000533 0.300000 0.017659
2.850000 0.578049 -0.019800 -0.000352 0.300000 0.019803
2.976667 0.578049 -0.020151 -0.000378 0.300000 0.020155
3.103333 0.578049 -0.019165 -0.000343 0.300000 0.019168
3.230000 0.578049 -0.010554 0.000188 0.300000 0.010555
3.356667 0.578049 0.002330 0.000714 0.600000 0.002437
3.483333 0.578049 0.004977 -0.000915 0.600000 0.005060
3.610000 0.578049 -0.000532 -0.000118 0.600000 0.000545
3.736667 0.578049 0.000000 0.000000 0.000000 0.000000
0.063333 0.592683 0.000000 0.000000 0.000000 0.000000
0.190000 0.592683 0.000000 0.000000 0.000000 0.000000
0.316667 0.592683 0.000000 0.000000 0.000000 0.000000
0.443333 0.592683 0.000000 0.000000 0.000000 0.000000
0.570000 0.592683 0.000000 0.000000 0.000000 0.000000
0.696667 0.592683 0.000000 0.000000 0.000000 0.000000
0.823333 0.592683 0.000000 0.000000 0.000000 0.000000
0.950000 0.592683 0.000000 0.000000 0.000000 0.000000
1.076667 0.592683 0.000000 0.000000 0.000000 0.000000
1.203333 0.592683 0.000000 0.000000 0.000000 0.000000
1.330000 0.592683 0.000000 0.000000 0.000000 0.000000
1.456667 0.592683 0.000000 0.000000 0.000000 0.000000
1.583333 0.592683 0.000000 0.000000 0.000000 0.000000
1.710000 0.592683 0.000000 0.000000 0.000000 0.000000
1.836667 0.592683 0.000000 0.000000 0.000000 0.000000
1.963333 0.592683 0.000000 0.000000 0.000000 0.000000
2.090000 0.592683 0.000000 0.000000 0.000000 0.000000
2.216667 0.592683 0.000000 0.000000 0.000000 0.000000
2.343333 0.592683 0.000000 0.000000 0.000000 0.000000
2.470000 0.592683 0.000000 0.000000 0.000000 0.000000
2.596667 0.592683 0.000000 0.000000 0.000000 0.000000
2.723333 0.592683 0.000000 0.000000 0.000000 0.000000
2.850000 0.592683 0.000000 0.000000 0.000000 0.000000
2.976667 0.592683 0.000000 0.000000 0.000000 0.000000
3.103333 0.592683 0.000000 0.000000 0.000000 0.000000
3.230000 0.592683 0.000000 0.000000 0.000000 0.000000
3.356667 0.592683 0.000000 0.000000 0.000000 0.000000
3.483333 0.592683 0.000000 0.000000 0.000000 0.000000
3.610000 0.592683 0.000000 0.000000 0.000000 0.000000
3.736667 0.592683 0.000000 0.000000 0.000000 0.000000
