TITLE="(Vx,Vy)"
VARIABLES=X,Y,Vx,Vy,Vm,V
ZONE T="T-Dummy" I=30, J=41, F=POINT
0.063333 0.007317 0.000000 0.000000 0.000000 0.000000
0.190000 0.007317 0.000000 0.000000 0.000000 0.000000
0.316667 0.007317 0.000000 0.000000 0.000000 0.000000
0.443333 0.007317 0.000000 0.000000 0.000000 0.000000
0.570000 0.007317 0.000000 0.000000 0.000000 0.000000
0.696667 0.007317 0.000000 0.000000 0.000000 0.000000
0.823333 0.007317 0.000000 0.000000 0.000000 0.000000
0.950000 0.007317 0.000000 0.000000 0.000000 0.000000
1.076667 0.007317 0.000000 0.000000 0.000000 0.000000
1.203333 0.007317 0.000000 0.000000 0.000000 0.000000
1.330000 0.007317 0.000000 0.000000 0.000000 0.000000
1.456667 0.007317 0.000000 0.000000 0.000000 0.000000
1.583333 0.007317 0.000000 0.000000 0.000000 0.000000
1.710000 0.007317 0.000000 0.000000 0.000000 0.000000
1.836667 0.007317 0.000000 0.000000 0.000000 0.000000
1.963333 0.007317 0.000000 0.000000 0.000000 0.000000
2.090000 0.007317 0.000000 0.000000 0.000000 0.000000
2.216667 0.007317 0.000000 0.000000 0.000000 0.000000
2.343333 0.007317 0.000000 0.000000 0.000000 0.000000
2.470000 0.007317 0.000000 0.000000 0.000000 0.000000
2.596667 0.007317 0.000000 0.000000 0.000000 0.000000
2.723333 0.007317 0.000000 0.000000 0.000000 0.000000
2.850000 0.007317 0.000000 0.000000 0.000000 0.000000
2.976667 0.007317 0.000000 0.000000 0.000000 0.000000
3.103333 0.007317 0.000000 0.000000 0.000000 0.000000
3.230000 0.007317 0.000000 0.000000 0.000000 0.000000
3.356667 0.007317 0.000000 0.000000 0.000000 0.000000
3.483333 0.007317 0.000000 0.000000 0.000000 0.000000
3.610000 0.007317 0.000000 0.000000 0.000000 0.000000
3.736667 0.007317 0.000000 0.000000 0.000000 0.000000
0.063333 0.021951 0.000000 0.000000 0.000000 0.000000
0.190000 0.021951 0.001542 -0.000186 0.900000 0.001553
0.316667 0.021951 0.003563 -0.000102 0.900000 0.003564
0.443333 0.021951 0.006084 -0.000538 0.900000 0.006108
0.570000 0.021951 0.005728 -0.000288 0.900000 0.005735
0.696667 0.021951 0.002872 -0.002195 0.900000 0.003614
0.823333 0.021951 0.000163 0.001697 0.900000 0.001705
0.950000 0.021951 -0.008931 0.000705 0.900000 0.008959
1.076667 0.021951 -0.004174 -0.000600 0.900000 0.004217
1.203333 0.021951 0.001483 0.000599 0.900000 0.001599
1.330000 0.021951 -0.010350 0.000430 0.900000 0.010359
1.456667 0.021951 -0.002054 -0.001462 0.900000 0.002521
1.583333 0.021951 -0.008123 0.002311 0.900000 0.008445
1.710000 0.021951 -0.027049 -0.000499 0.900000 0.027053
1.836667 0.021951 -0.022830 -0.000730 0.900000 0.022841
1.963333 0.021951 -0.018105 -0.000277 0.900000 0.018107
2.090000 0.021951 -0.016658 -0.000131 0.900000 0.016658
2.216667 0.021951 -0.016131 -0.000097 0.900000 0.016131
2.343333 0.021951 -0.024301 0.001045 0.900000 0.024324
2.470000 0.021951 -0.028645 -0.000444 0.900000 0.028648
2.596667 0.021951 -0.034688 0.001057 0.900000 0.034704
2.723333 0.021951 -0.042947 -0.000070 0.900000 0.042947
2.850000 0.021951 -0.029746 -0.000541 0.900000 0.029751
2.976667 0.021951 -0.042160 0.002362 0.900000 0.042226
3.103333 0.021951 -0.041739 -0.003479 0.900000 0.041884
3.230000 0.021951 -0.017190 -0.000327 0.900000 0.017193
3.356667 0.021951 0.007736 -0.002865 0.900000 0.008250
3.483333 0.021951 0.015254 0.002059 0.900000 0.015393
3.610000 0.021951 -0.000558 0.000118 0.900000 0.000570
3.736667 0.021951 0.000000 0.000000 0.000000 0.000000
0.063333 0.036585 0.000000 0.000000 0.000000 0.000000
0.190000 0.036585 0.001192 -0.000508 0.900000 0.001296
0.316667 0.036585 0.003033 -0.000302 0.900000 0.003048
0.443333 0.036585 0.005503 -0.001482 0.900000 0.005699
0.570000 0.036585 0.003807 -0.000712 0.900000 0.003873
0.696667 0.036585 -0.033024 -0.002229 0.900000 0.033099
0.823333 0.036585 -0.034579 0.001436 0.900000 0.034609
0.950000 0.036585 -0.008791 0.000643 0.900000 0.008815
1.076667 0.036585 -0.004839 -0.001618 0.900000 0.005103
1.203333 0.036585 -0.008911 0.001773 0.900000 0.009085
1.330000 0.036585 -0.016033 -0.000614 0.900000 0.016045
1.456667 0.036585 -0.006832 -0.002449 0.900000 0.007258
1.583333 0.036585 0.001446 0.003853 0.900000 0.004116
1.710000 0.036585 0.007413 -0.001108 0.900000 0.007495
1.836667 0.036585 0.004428 -0.001316 0.900000 0.004619
1.963333 0.036585 0.002029 -0.000602 0.900000 0.002116
2.090000 0.036585 -0.001091 -0.000134 0.900000 0.001099
2.216667 0.036585 -0.003228 -0.000188 0.900000 0.003233
2.343333 0.036585 0.002062 0.001848 0.900000 0.002769
2.470000 0.036585 0.001094 -0.000832 0.900000 0.001375
2.596667 0.036585 -0.006496 0.001702 0.900000 0.006715
2.723333 0.036585 -0.004663 -0.000086 0.900000 0.004663
2.850000 0.036585 0.007278 -0.000827 0.900000 0.007325
2.976667 0.036585 0.012321 0.003437 0.900000 0.012792
3.103333 0.036585 0.001415 -0.007622 0.900000 0.007753
3.230000 0.036585 -0.009575 -0.000500 0.900000 0.009588
3.356667 0.036585 0.005771 -0.007829 0.900000 0.009726
3.483333 0.036585 0.011353 0.005684 0.900000 0.012696
3.610000 0.036585 -0.000320 0.000379 0.900000 0.000496
3.736667 0.036585 0.000000 0.000000 0.000000 0.000000
0.063333 0.051220 0.000000 0.000000 0.000000 0.000000
0.190000 0.051220 0.000998 -0.000741 0.900000 0.001242
0.316667 0.051220 0.002770 -0.000487 0.900000 0.002812
0.443333 0.051220 0.005353 -0.002197 0.900000 0.005786
0.570000 0.051220 0.003684 -0.001028 0.900000 0.003825
0.696667 0.051220 -0.028504 0.001700 0.900000 0.028555
0.823333 0.051220 -0.028017 -0.001944 0.900000 0.028085
0.950000 0.051220 -0.005288 -0.000813 0.900000 0.005350
1.076667 0.051220 -0.003758 -0.002233 0.900000 0.004371
1.203333 0.051220 -0.003039 0.002188 0.900000 0.003745
1.330000 0.051220 -0.010280 -0.002803 0.900000 0.010656
1.456667 0.051220 -0.008578 -0.001489 0.900000 0.008706
1.583333 0.051220 0.000392 0.002126 0.900000 0.002161
1.710000 0.051220 0.007379 -0.001295 0.900000 0.007492
1.836667 0.051220 0.004949 -0.001135 0.900000 0.005078
1.963333 0.051220 0.003634 -0.000723 0.900000 0.003705
2.090000 0.051220 0.000464 0.000149 0.900000 0.000487
2.216667 0.051220 -0.001601 -0.000234 0.900000 0.001618
2.343333 0.051220 0.003447 0.001416 0.900000 0.003727
2.470000 0.051220 0.002488 -0.000783 0.900000 0.002608
2.596667 0.051220 -0.006720 0.001175 0.900000 0.006822
2.723333 0.051220 -0.006596 -0.000047 0.900000 0.006597
2.850000 0.051220 0.008266 -0.000607 0.900000 0.008289
2.976667 0.051220 0.010746 0.001422 0.900000 0.010840
3.103333 0.051220 -0.003297 -0.008560 0.900000 0.009173
3.230000 0.051220 -0.009421 -0.000504 0.900000 0.009435
3.356667 0.051220 0.003578 -0.011372 0.900000 0.011922
3.483333 0.051220 0.007609 0.008398 0.900000 0.011332
3.610000 0.051220 -0.000300 0.000668 0.900000 0.000732
3.736667 0.051220 0.000000 0.000000 0.000000 0.000000
0.063333 0.065854 0.000000 0.000000 0.000000 0.000000
0.190000 0.065854 0.000898 -0.000921 0.900000 0.001287
0.316667 0.065854 0.002642 -0.000643 0.900000 0.002719
0.443333 0.065854 0.005384 -0.002737 0.900000 0.006040
0.570000 0.065854 0.004014 -0.001430 0.900000 0.004261
0.696667 0.065854 -0.023879 0.004860 0.900000 0.024369
0.823333 0.065854 -0.021639 -0.004541 0.900000 0.022110
0.950000 0.065854 -0.003645 -0.001890 0.900000 0.004105
1.076667 0.065854 -0.004606 -0.002619 0.900000 0.005299
1.203333 0.065854 0.002810 0.001143 0.900000 0.003034
1.330000 0.065854 -0.004319 -0.003529 0.900000 0.005577
1.456667 0.065854 -0.009416 -0.000579 0.900000 0.009434
1.583333 0.065854 -0.000246 0.000133 0.900000 0.000279
1.710000 0.065854 0.007202 -0.001482 0.900000 0.007353
1.836667 0.065854 0.005700 -0.001155 0.900000 0.005816
1.963333 0.065854 0.005023 -0.000862 0.900000 0.005097
2.090000 0.065854 0.001414 0.000496 0.900000 0.001498
2.216667 0.065854 -0.000265 -0.000431 0.900000 0.000506
2.343333 0.065854 0.004447 0.001138 0.900000 0.004590
2.470000 0.065854 0.003041 -0.000874 0.900000 0.003164
2.596667 0.065854 -0.007572 0.001178 0.900000 0.007663
2.723333 0.065854 -0.007832 -0.000269 0.900000 0.007837
2.850000 0.065854 0.009925 -0.000842 0.900000 0.009961
2.976667 0.065854 0.010326 0.000375 0.900000 0.010333
3.103333 0.065854 -0.005931 -0.008798 0.900000 0.010610
3.230000 0.065854 -0.009147 -0.000882 0.900000 0.009190
3.356667 0.065854 0.001112 -0.013647 0.900000 0.013692
3.483333 0.065854 0.004002 0.010319 0.900000 0.011068
3.610000 0.065854 -0.000438 0.000942 0.900000 0.001039
3.736667 0.065854 0.000000 0.000000 0.000000 0.000000
0.063333 0.080488 0.000000 0.000000 0.000000 0.000000
0.190000 0.080488 0.000580 -0.001049 0.900000 0.001199
0.316667 0.080488 0.002057 -0.000765 0.900000 0.002195
0.443333 0.080488 0.004774 -0.003114 0.900000 0.005700
0.570000 0.080488 0.002414 -0.001791 0.900000 0.003006
0.696667 0.080488 -0.020744 0.007087 0.900000 0.021921
0.823333 0.080488 -0.017180 -0.006386 0.900000 0.018328
0.950000 0.080488 -0.004160 -0.002587 0.900000 0.004899
1.076667 0.080488 -0.005669 -0.003011 0.900000 0.006419
1.203333 0.080488 0.001469 -0.000552 0.900000 0.001569
1.330000 0.080488 -0.005361 -0.003567 0.900000 0.006439
1.456667 0.080488 -0.009359 -0.000389 0.900000 0.009368
1.583333 0.080488 -0.000170 -0.001962 0.900000 0.001970
1.710000 0.080488 0.007005 -0.001696 0.900000 0.007207
1.836667 0.080488 0.004445 -0.001132 0.900000 0.004586
1.963333 0.080488 0.001873 -0.000913 0.900000 0.002084
2.090000 0.080488 -0.000547 0.000671 0.900000 0.000866
2.216667 0.080488 -0.001208 -0.000644 0.900000 0.001369
2.343333 0.080488 0.002547 0.000945 0.900000 0.002717
2.470000 0.080488 0.000826 -0.000964 0.900000 0.001270
2.596667 0.080488 -0.008379 0.001169 0.900000 0.008460
2.723333 0.080488 -0.007522 -0.000637 0.900000 0.007549
2.850000 0.080488 0.010624 -0.001360 0.900000 0.010711
2.976667 0.080488 0.011035 -0.000149 0.900000 0.011036
3.103333 0.080488 -0.006588 -0.008517 0.900000 0.010768
3.230000 0.080488 -0.009136 -0.001350 0.900000 0.009235
3.356667 0.080488 -0.001503 -0.014796 0.900000 0.014873
3.483333 0.080488 0.000559 0.011541 0.900000 0.011554
3.610000 0.080488 -0.000698 0.001169 0.900000 0.001362
3.736667 0.080488 0.000000 0.000000 0.000000 0.000000
0.063333 0.095122 0.000000 0.000000 0.000000 0.000000
0.190000 0.095122 0.000175 -0.001093 0.900000 0.001107
0.316667 0.095122 0.001285 -0.000848 0.900000 0.001539
0.443333 0.095122 0.003998 -0.003325 0.900000 0.005200
0.570000 0.095122 0.000728 -0.001976 0.900000 0.002106
0.696667 0.095122 -0.019119 0.008374 0.900000 0.020873
0.823333 0.095122 -0.014423 -0.007352 0.900000 0.016188
0.950000 0.095122 -0.004733 -0.003178 0.900000 0.005701
1.076667 0.095122 -0.006418 -0.003426 0.900000 0.007275
1.203333 0.095122 0.000111 -0.002077 0.900000 0.002079
1.330000 0.095122 -0.006633 -0.003633 0.900000 0.007563
1.456667 0.095122 -0.009429 -0.001545 0.900000 0.009554
1.583333 0.095122 -0.000147 -0.004183 0.900000 0.004186
1.710000 0.095122 0.006015 -0.001811 0.900000 0.006282
1.836667 0.095122 0.002303 -0.000916 0.900000 0.002478
1.963333 0.095122 -0.001245 -0.000825 0.900000 0.001493
2.090000 0.095122 -0.002399 0.000438 0.900000 0.002439
2.216667 0.095122 -0.002570 -0.000668 0.900000 0.002655
2.343333 0.095122 0.000319 0.000652 0.900000 0.000726
2.470000 0.095122 -0.001289 -0.000880 0.900000 0.001561
2.596667 0.095122 -0.008978 0.000648 0.900000 0.009002
2.723333 0.095122 -0.007130 -0.000884 0.900000 0.007184
2.850000 0.095122 0.007787 -0.001754 0.900000 0.007982
2.976667 0.095122 0.008462 -0.000873 0.900000 0.008507
3.103333 0.095122 -0.007036 -0.007827 0.900000 0.010525
3.230000 0.095122 -0.009355 -0.001862 0.900000 0.009538
3.356667 0.095122 -0.004183 -0.014985 0.900000 0.015558
3.483333 0.095122 -0.002754 0.012153 0.900000 0.012462
3.610000 0.095122 -0.001067 0.001323 0.900000 0.001699
3.736667 0.095122 0.000000 0.000000 0.000000 0.000000
0.063333 0.109756 0.000000 0.000000 0.000000 0.000000
0.190000 0.109756 -0.000274 -0.001037 0.900000 0.001073
0.316667 0.109756 0.000433 -0.000892 0.900000 0.000991
0.443333 0.109756 0.003159 -0.003390 0.900000 0.004634
0.570000 0.109756 -0.000920 -0.001990 0.900000 0.002193
0.696667 0.109756 -0.017870 0.008952 0.900000 0.019987
0.823333 0.109756 -0.011959 -0.007648 0.900000 0.014196
0.950000 0.109756 -0.004632 -0.003753 0.900000 0.005961
1.076667 0.109756 -0.004980 -0.004000 0.900000 0.006388
1.203333 0.109756 0.000555 -0.003180 0.900000 0.003228
1.330000 0.109756 -0.007881 -0.003789 0.900000 0.008745
1.456667 0.109756 -0.010407 -0.002589 0.900000 0.010724
1.583333 0.109756 -0.000761 -0.005878 0.900000 0.005927
1.710000 0.109756 0.005247 -0.001752 0.900000 0.005532
1.836667 0.109756 0.001924 -0.000776 0.900000 0.002075
1.963333 0.109756 -0.000160 -0.000718 0.900000 0.000736
2.090000 0.109756 -0.001390 0.000053 0.900000 0.001391
2.216667 0.109756 -0.001796 -0.000597 0.900000 0.001893
2.343333 0.109756 0.000892 0.000308 0.900000 0.000944
2.470000 0.109756 -0.000593 -0.000744 0.900000 0.000951
2.596667 0.109756 -0.007846 -0.000084 0.900000 0.007847
2.723333 0.109756 -0.006526 -0.001027 0.900000 0.006606
2.850000 0.109756 0.005427 -0.001652 0.900000 0.005673
2.976667 0.109756 0.006091 -0.002207 0.900000 0.006479
3.103333 0.109756 -0.007478 -0.006770 0.900000 0.010087
3.230000 0.109756 -0.009798 -0.002394 0.900000 0.010086
3.356667 0.109756 -0.007021 -0.014311 0.900000 0.015940
3.483333 0.109756 -0.005734 0.012184 0.900000 0.013466
3.610000 0.109756 -0.001177 0.001421 0.900000 0.001845
3.736667 0.109756 0.000000 0.000000 0.000000 0.000000
0.063333 0.124390 0.000000 0.000000 0.000000 0.000000
0.190000 0.124390 -0.000683 -0.000883 0.900000 0.001116
0.316667 0.124390 -0.000323 -0.000902 0.900000 0.000958
0.443333 0.124390 0.002427 -0.003318 0.900000 0.004111
0.570000 0.124390 -0.002369 -0.001839 0.900000 0.002999
0.696667 0.124390 -0.016686 0.008934 0.900000 0.018928
0.823333 0.124390 -0.009141 -0.007470 0.900000 0.011805
0.950000 0.124390 -0.002069 -0.004481 0.900000 0.004936
1.076667 0.124390 -0.001683 -0.004649 0.900000 0.004945
1.203333 0.124390 0.001447 -0.003712 0.900000 0.003984
1.330000 0.124390 -0.008618 -0.004048 0.900000 0.009521
1.456667 0.124390 -0.010314 -0.002062 0.900000 0.010518
1.583333 0.124390 -0.000605 -0.006137 0.900000 0.006167
1.710000 0.124390 0.005147 -0.001670 0.900000 0.005411
1.836667 0.124390 0.002589 -0.000807 0.900000 0.002712
1.963333 0.124390 0.001134 -0.000696 0.900000 0.001330
2.090000 0.124390 -0.000006 -0.000259 0.900000 0.000260
2.216667 0.124390 -0.000500 -0.000569 0.900000 0.000757
2.343333 0.124390 0.001923 0.000028 0.900000 0.001923
2.470000 0.124390 0.000566 -0.000712 0.900000 0.000910
2.596667 0.124390 -0.006703 -0.000630 0.900000 0.006733
2.723333 0.124390 -0.006298 -0.001142 0.900000 0.006401
2.850000 0.124390 0.005616 -0.001370 0.900000 0.005781
2.976667 0.124390 0.004718 -0.003635 0.900000 0.005956
3.103333 0.124390 -0.009686 -0.005571 0.900000 0.011174
3.230000 0.124390 -0.010783 -0.002913 0.900000 0.011169
3.356667 0.124390 -0.010223 -0.012930 0.900000 0.016484
3.483333 0.124390 -0.008573 0.011628 0.900000 0.014447
3.610000 0.124390 -0.001237 0.001499 0.900000 0.001944
3.736667 0.124390 0.000000 0.000000 0.000000 0.000000
0.063333 0.139024 0.000000 0.000000 0.000000 0.000000
0.190000 0.139024 -0.000645 -0.000685 0.900000 0.000941
0.316667 0.139024 -0.000132 -0.000887 0.900000 0.000897
0.443333 0.139024 0.003013 -0.003150 0.900000 0.004359
0.570000 0.139024 -0.001514 -0.001591 0.900000 0.002197
0.696667 0.139024 -0.014286 0.008611 0.900000 0.016680
0.823333 0.139024 -0.004902 -0.007044 0.899999 0.008582
0.950000 0.139024 0.001973 -0.005194 0.899999 0.005556
1.076667 0.139024 -0.000147 -0.005007 0.900000 0.005009
1.203333 0.139024 0.002297 -0.004137 0.899999 0.004732
1.330000 0.139024 -0.007820 -0.004193 0.899996 0.008873
1.456667 0.139024 -0.010320 -0.000851 0.900000 0.010355
1.583333 0.139024 -0.000546 -0.005638 0.900000 0.005665
1.710000 0.139024 0.004561 -0.001643 0.900000 0.004848
1.836667 0.139024 0.002958 -0.001005 0.900000 0.003124
1.963333 0.139024 0.002659 -0.000738 0.900000 0.002759
2.090000 0.139024 0.001353 -0.000520 0.900000 0.001450
2.216667 0.139024 0.000820 -0.000595 0.900000 0.001013
2.343333 0.139024 0.002942 -0.000167 0.900000 0.002947
2.470000 0.139024 0.001576 -0.000810 0.900000 0.001772
2.596667 0.139024 -0.005702 -0.000919 0.900000 0.005776
2.723333 0.139024 -0.006307 -0.001244 0.900000 0.006428
2.850000 0.139024 0.005547 -0.001250 0.900000 0.005686
2.976667 0.139024 0.003693 -0.004735 0.899994 0.006005
3.103333 0.139024 -0.011314 -0.004112 0.900000 0.012039
3.230000 0.139024 -0.011630 -0.003397 0.900000 0.012116
3.356667 0.139024 -0.013401 -0.011357 0.899998 0.017566
3.483333 0.139024 -0.011622 0.010524 0.900000 0.015679
3.610000 0.139024 -0.001539 0.001535 0.900000 0.002174
3.736667 0.139024 0.000000 0.000000 0.000000 0.000000
0.063333 0.153659 0.000000 0.000000 0.000000 0.000000
0.190000 0.153659 -0.000586 -0.000498 0.900000 0.000769
0.316667 0.153659 0.000137 -0.000860 0.900000 0.000871
0.443333 0.153659 0.003644 -0.002912 0.899999 0.004665
0.570000 0.153659 -0.000450 -0.001345 0.899999 0.001419
0.696667 0.153659 -0.012034 0.008311 0.900000 0.014625
0.823333 0.153659 -0.001472 -0.006514 0.899978 0.006678
0.950000 0.153659 0.003725 -0.005455 0.899983 0.006605
1.076667 0.153659 -0.000627 -0.005117 0.899993 0.005155
1.203333 0.153659 0.002576 -0.004825 0.899977 0.005470
1.330000 0.153659 -0.007336 -0.004136 0.899958 0.008421
1.456667 0.153659 -0.008377 -0.000037 0.900000 0.008377
1.583333 0.153659 0.001788 -0.005067 0.900000 0.005373
1.710000 0.153659 0.004402 -0.001567 0.900000 0.004673
1.836667 0.153659 0.003221 -0.001439 0.900000 0.003528
1.963333 0.153659 0.003803 -0.000803 0.900000 0.003887
2.090000 0.153659 0.002124 -0.000723 0.900000 0.002243
2.216667 0.153659 0.001845 -0.000728 0.900000 0.001983
2.343333 0.153659 0.003657 -0.000216 0.900000 0.003663
2.470000 0.153659 0.001875 -0.001066 0.900000 0.002157
2.596667 0.153659 -0.005250 -0.000983 0.900000 0.005341
2.723333 0.153659 -0.006713 -0.001309 0.900000 0.006840
2.850000 0.153659 0.005469 -0.001367 0.900000 0.005638
2.976667 0.153659 0.003017 -0.005591 0.899933 0.006353
3.103333 0.153659 -0.011311 -0.002492 0.900000 0.011582
3.230000 0.153659 -0.011274 -0.003646 0.899999 0.011849
3.356667 0.153659 -0.015690 -0.010091 0.899972 0.018655
3.483333 0.153659 -0.013477 0.009067 0.900000 0.016243
3.610000 0.153659 -0.001835 0.001501 0.900000 0.002371
3.736667 0.153659 0.000000 0.000000 0.000000 0.000000
0.063333 0.168293 0.000000 0.000000 0.000000 0.000000
0.190000 0.168293 -0.001036 -0.000265 0.900000 0.001069
0.316667 0.168293 -0.000649 -0.000820 0.899998 0.001046
0.443333 0.168293 0.002828 -0.002561 0.899968 0.003815
0.570000 0.168293 -0.001639 -0.001073 0.899978 0.001959
0.696667 0.168293 -0.011155 0.007963 0.899994 0.013706
0.823333 0.168293 0.000183 -0.005836 0.899692 0.005839
0.950000 0.168293 0.003544 -0.005346 0.899758 0.006414
1.076667 0.168293 -0.001415 -0.005181 0.899847 0.005371
1.203333 0.168293 0.001058 -0.005581 0.899616 0.005680
1.330000 0.168293 -0.008492 -0.004054 0.899667 0.009410
1.456667 0.168293 -0.006321 0.000150 0.900000 0.006323
1.583333 0.168293 0.004070 -0.004217 0.899992 0.005861
1.710000 0.168293 0.004656 -0.001520 0.899996 0.004898
1.836667 0.168293 0.002093 -0.001801 0.899995 0.002761
1.963333 0.168293 0.000979 -0.000864 0.900000 0.001306
2.090000 0.168293 -0.000755 -0.000913 0.899995 0.001185
2.216667 0.168293 -0.000809 -0.000959 0.899999 0.001254
2.343333 0.168293 0.001224 -0.000267 0.899998 0.001253
2.470000 0.168293 -0.000577 -0.001351 0.899997 0.001468
2.596667 0.168293 -0.006478 -0.001144 0.899982 0.006578
2.723333 0.168293 -0.007340 -0.001315 0.899996 0.007457
2.850000 0.168293 0.004854 -0.001745 0.899996 0.005159
2.976667 0.168293 0.002362 -0.006246 0.899480 0.006678
3.103333 0.168293 -0.011154 -0.001287 0.899997 0.011228
3.230000 0.168293 -0.011064 -0.003477 0.899983 0.011598
3.356667 0.168293 -0.017849 -0.008836 0.899722 0.019917
3.483333 0.168293 -0.015234 0.007435 0.900000 0.016952
3.610000 0.168293 -0.002100 0.001399 0.900000 0.002523
3.736667 0.168293 0.000000 0.000000 0.000000 0.000000
0.063333 0.182927 0.000000 0.000000 0.000000 0.000000
0.190000 0.182927 -0.001590 0.000082 0.899999 0.001592
0.316667 0.182927 -0.001667 -0.000763 0.899886 0.001833
0.443333 0.182927 0.001864 -0.002076 0.899305 0.002790
0.570000 0.182927 -0.003119 -0.000674 0.899657 0.003191
0.696667 0.182927 -0.010058 0.007356 0.899923 0.012461
0.823333 0.182927 0.002241 -0.004895 0.896599 0.005383
0.950000 0.182927 0.003430 -0.005081 0.897042 0.006130
1.076667 0.182927 -0.001904 -0.005208 0.897625 0.005545
1.203333 0.182927 0.000512 -0.006320 0.895613 0.006341
1.330000 0.182927 -0.008891 -0.003945 0.897782 0.009727
1.456667 0.182927 -0.007020 0.000017 0.899994 0.007020
1.583333 0.182927 0.003621 -0.003363 0.899769 0.004941
1.710000 0.182927 0.004746 -0.001614 0.899830 0.005013
1.836667 0.182927 0.000825 -0.001812 0.899852 0.001991
1.963333 0.182927 -0.001740 -0.000928 0.899984 0.001972
2.090000 0.182927 -0.003483 -0.001132 0.899864 0.003662
2.216667 0.182927 -0.003905 -0.001181 0.899939 0.004080
2.343333 0.182927 -0.001581 -0.000562 0.899906 0.001678
2.470000 0.182927 -0.002856 -0.001503 0.899836 0.003228
2.596667 0.182927 -0.007656 -0.001684 0.899356 0.007839
2.723333 0.182927 -0.008145 -0.001224 0.899868 0.008236
2.850000 0.182927 0.000829 -0.002006 0.899849 0.002170
2.976667 0.182927 -0.000936 -0.005848 0.897301 0.005922
3.103333 0.182927 -0.010474 -0.000618 0.899958 0.010493
3.230000 0.182927 -0.009591 -0.003073 0.899712 0.010071
3.356667 0.182927 -0.019411 -0.007056 0.897718 0.020654
3.483333 0.182927 -0.017710 0.005505 0.900000 0.018545
3.610000 0.182927 -0.002328 0.001237 0.899999 0.002636
3.736667 0.182927 0.000000 0.000000 0.000000 0.000000
0.063333 0.197561 0.000000 0.000000 0.000000 0.000000
0.190000 0.197561 -0.002416 0.000582 0.899938 0.002485
0.316667 0.197561 -0.003231 -0.000689 0.894527 0.003304
0.443333 0.197561 0.000987 -0.001583 0.886882 0.001866
0.570000 0.197561 -0.004273 -0.000013 0.894777 0.004273
0.696667 0.197561 -0.007949 0.006252 0.897799 0.010114
0.823333 0.197561 0.005856 -0.003646 0.871604 0.006898
0.950000 0.197561 0.004528 -0.004672 0.872447 0.006506
1.076667 0.197561 -0.000592 -0.005285 0.874629 0.005318
1.203333 0.197561 0.002582 -0.006443 0.868284 0.006942
1.330000 0.197561 -0.007144 -0.003722 0.881943 0.008055
1.456667 0.197561 -0.005288 -0.000206 0.899132 0.005292
1.583333 0.197561 0.005192 -0.002587 0.893956 0.005801
1.710000 0.197561 0.005009 -0.001754 0.894538 0.005307
1.836667 0.197561 0.001146 -0.001685 0.895985 0.002038
1.963333 0.197561 -0.000990 -0.001035 0.898337 0.001432
2.090000 0.197561 -0.002704 -0.001358 0.894794 0.003026
2.216667 0.197561 -0.003594 -0.001353 0.896485 0.003840
2.343333 0.197561 -0.001446 -0.001016 0.895897 0.001767
2.470000 0.197561 -0.002575 -0.001614 0.894556 0.003039
2.596667 0.197561 -0.009478 -0.002189 0.888746 0.009727
2.723333 0.197561 -0.010952 -0.001227 0.896118 0.011020
2.850000 0.197561 -0.003725 -0.001734 0.895820 0.004109
2.976667 0.197561 -0.004005 -0.003908 0.887347 0.005595
3.103333 0.197561 -0.009245 -0.000346 0.899138 0.009251
3.230000 0.197561 -0.009817 -0.002477 0.895124 0.010125
3.356667 0.197561 -0.020533 -0.005173 0.882622 0.021175
3.483333 0.197561 -0.017643 0.003288 0.899961 0.017947
3.610000 0.197561 -0.001946 0.001089 0.899660 0.002230
3.736667 0.197561 0.000000 0.000000 0.000000 0.000000
0.063333 0.212195 0.000000 0.000000 0.000000 0.000000
0.190000 0.212195 -0.001188 0.001041 0.712173 0.001580
0.316667 0.212195 -0.000622 -0.000561 0.719079 0.000838
0.443333 0.212195 0.004530 -0.001134 0.731678 0.004670
0.570000 0.212195 -0.000908 0.001051 0.752024 0.001389
0.696667 0.212195 -0.004856 0.004939 0.785734 0.006927
0.823333 0.212195 0.009921 -0.002229 0.740065 0.010168
0.950000 0.212195 0.009964 -0.004307 0.740376 0.010855
1.076667 0.212195 0.004009 -0.005159 0.750657 0.006533
1.203333 0.212195 0.006143 -0.005397 0.751255 0.008177
1.330000 0.212195 -0.002932 -0.003536 0.761722 0.004593
1.456667 0.212195 -0.000876 -0.000353 0.788712 0.000945
1.583333 0.212195 0.009321 -0.001550 0.782921 0.009449
1.710000 0.212195 0.008323 -0.001814 0.786520 0.008518
1.836667 0.212195 0.004471 -0.001528 0.797191 0.004725
1.963333 0.212195 0.002145 -0.001095 0.801375 0.002408
2.090000 0.212195 0.000767 -0.001685 0.790593 0.001851
2.216667 0.212195 0.000100 -0.001497 0.798052 0.001501
2.343333 0.212195 0.002411 -0.001609 0.795959 0.002898
2.470000 0.212195 0.000858 -0.001806 0.802083 0.001999
2.596667 0.212195 -0.008472 -0.002505 0.792945 0.008834
2.723333 0.212195 -0.011018 -0.001479 0.811483 0.011117
2.850000 0.212195 -0.004340 -0.001178 0.819112 0.004497
2.976667 0.212195 -0.003411 -0.002141 0.803494 0.004028
3.103333 0.212195 -0.007052 -0.000294 0.837125 0.007058
3.230000 0.212195 -0.012151 -0.001374 0.835348 0.012229
3.356667 0.212195 -0.021489 -0.004304 0.798097 0.021916
3.483333 0.212195 -0.015589 0.001305 0.860946 0.015644
3.610000 0.212195 -0.002110 0.001007 0.851007 0.002338
3.736667 0.212195 0.000000 0.000000 0.000000 0.000000
0.063333 0.226829 0.000000 0.000000 0.000000 0.000000
0.190000 0.226829 0.000748 0.001189 0.609070 0.001405
0.316667 0.226829 0.003624 -0.000402 0.600191 0.003646
0.443333 0.226829 0.010021 -0.000777 0.600042 0.010051
0.570000 0.226829 0.006622 0.002015 0.606041 0.006922
0.696667 0.226829 -0.000781 0.004076 0.636946 0.004151
0.823333 0.226829 0.012683 -0.001508 0.600218 0.012772
0.950000 0.226829 0.015670 -0.004321 0.600010 0.016255
1.076667 0.226829 0.006988 -0.004657 0.600047 0.008398
1.203333 0.226829 0.009317 -0.004537 0.600396 0.010363
1.330000 0.226829 0.002224 -0.003669 0.601015 0.004290
1.456667 0.226829 0.002415 -0.000123 0.613259 0.002418
1.583333 0.226829 0.012543 -0.000909 0.602838 0.012576
1.710000 0.226829 0.013039 -0.001856 0.601370 0.013170
1.836667 0.226829 0.010036 -0.001330 0.601466 0.010123
1.963333 0.226829 0.007656 -0.000978 0.602042 0.007719
2.090000 0.226829 0.006366 -0.002271 0.600446 0.006759
2.216667 0.226829 0.006425 -0.001682 0.600702 0.006642
2.343333 0.226829 0.009538 -0.002493 0.600751 0.009858
2.470000 0.226829 0.007461 -0.002044 0.600139 0.007736
2.596667 0.226829 -0.002826 -0.002977 0.600006 0.004105
2.723333 0.226829 -0.007413 -0.001543 0.600029 0.007572
2.850000 0.226829 -0.002440 -0.000664 0.600048 0.002529
2.976667 0.226829 -0.000946 -0.001383 0.600220 0.001676
3.103333 0.226829 -0.005505 -0.000192 0.603110 0.005509
3.230000 0.226829 -0.013899 0.000212 0.600203 0.013900
3.356667 0.226829 -0.022036 -0.004083 0.600962 0.022411
3.483333 0.226829 -0.015207 0.000039 0.616585 0.015207
3.610000 0.226829 -0.003308 0.000884 0.606135 0.003424
3.736667 0.226829 0.000000 0.000000 0.000000 0.000000
0.063333 0.241463 0.000000 0.000000 0.000000 0.000000
0.190000 0.241463 0.001026 0.001136 0.600388 0.001531
0.316667 0.241463 0.004425 -0.000296 0.600002 0.004435
0.443333 0.241463 0.011601 -0.000578 0.600000 0.011616
0.570000 0.241463 0.010392 0.002390 0.600190 0.010663
0.696667 0.241463 0.001261 0.003745 0.607240 0.003952
0.823333 0.241463 0.012933 -0.001809 0.600012 0.013059
0.950000 0.241463 0.015829 -0.004453 0.600000 0.016444
1.076667 0.241463 0.005450 -0.004048 0.600000 0.006789
1.203333 0.241463 0.009482 -0.004700 0.600005 0.010583
1.330000 0.241463 0.003510 -0.004060 0.600027 0.005366
1.456667 0.241463 0.001973 0.000483 0.600772 0.002032
1.583333 0.241463 0.011592 -0.001334 0.600148 0.011669
1.710000 0.241463 0.012881 -0.001944 0.600010 0.013027
1.836667 0.241463 0.010856 -0.001241 0.600006 0.010927
1.963333 0.241463 0.008703 -0.000690 0.600012 0.008731
2.090000 0.241463 0.006915 -0.003034 0.600001 0.007551
2.216667 0.241463 0.007422 -0.001986 0.600001 0.007683
2.343333 0.241463 0.010836 -0.003575 0.600010 0.011410
2.470000 0.241463 0.008215 -0.002313 0.600002 0.008534
2.596667 0.241463 -0.004156 -0.003346 0.600000 0.005336
2.723333 0.241463 -0.009366 -0.001454 0.600000 0.009478
2.850000 0.241463 -0.001656 -0.000402 0.600000 0.001704
2.976667 0.241463 0.000819 -0.000845 0.600000 0.001176
3.103333 0.241463 -0.005124 0.000189 0.600024 0.005128
3.230000 0.241463 -0.014263 0.001793 0.600007 0.014376
3.356667 0.241463 -0.021852 -0.003151 0.600011 0.022078
3.483333 0.241463 -0.015405 -0.000698 0.600194 0.015421
3.610000 0.241463 -0.003942 0.000625 0.600069 0.003991
3.736667 0.241463 0.000000 0.000000 0.000000 0.000000
0.063333 0.256098 0.000000 0.000000 0.000000 0.000000
0.190000 0.256098 0.000708 0.001104 0.600010 0.001311
0.316667 0.256098 0.003840 -0.000231 0.600000 0.003847
0.443333 0.256098 0.011102 -0.000446 0.600000 0.011111
0.570000 0.256098 0.010191 0.002457 0.600005 0.010483
0.696667 0.256098 0.000654 0.003706 0.600767 0.003763
0.823333 0.256098 0.011620 -0.002452 0.600000 0.011876
0.950000 0.256098 0.014308 -0.004439 0.600000 0.014981
1.076667 0.256098 0.003954 -0.003466 0.600000 0.005258
1.203333 0.256098 0.008157 -0.005203 0.600000 0.009675
1.330000 0.256098 0.001640 -0.004395 0.600001 0.004691
1.456667 0.256098 0.000301 0.001104 0.600049 0.001144
1.583333 0.256098 0.010970 -0.002237 0.600006 0.011196
1.710000 0.256098 0.012698 -0.002046 0.600000 0.012861
1.836667 0.256098 0.009750 -0.001117 0.600000 0.009814
1.963333 0.256098 0.007833 -0.000464 0.600000 0.007847
2.090000 0.256098 0.005827 -0.003663 0.600000 0.006883
2.216667 0.256098 0.004788 -0.002371 0.600000 0.005342
2.343333 0.256098 0.007052 -0.004614 0.600000 0.008427
2.470000 0.256098 0.004200 -0.002681 0.600000 0.004983
2.596667 0.256098 -0.007045 -0.003572 0.600000 0.007899
2.723333 0.256098 -0.010412 -0.001674 0.600000 0.010546
2.850000 0.256098 -0.000610 -0.000421 0.600000 0.000741
2.976667 0.256098 0.002656 -0.000297 0.600000 0.002673
3.103333 0.256098 -0.004117 0.000893 0.600000 0.004213
3.230000 0.256098 -0.014642 0.003243 0.600000 0.014997
3.356667 0.256098 -0.022191 -0.001724 0.600000 0.022258
3.483333 0.256098 -0.015611 -0.001326 0.600000 0.015667
3.610000 0.256098 -0.004141 0.000277 0.600000 0.004150
3.736667 0.256098 0.000000 0.000000 0.000000 0.000000
0.063333 0.270732 0.000000 0.000000 0.000000 0.000000
0.190000 0.270732 0.000291 0.001160 0.600000 0.001196
0.316667 0.270732 0.003036 -0.000184 0.600000 0.003041
0.443333 0.270732 0.010404 -0.000329 0.600000 0.010409
0.570000 0.270732 0.009498 0.002483 0.600000 0.009817
0.696667 0.270732 0.000358 0.003700 0.600048 0.003718
0.823333 0.270732 0.010786 -0.003022 0.600000 0.011201
0.950000 0.270732 0.012646 -0.004497 0.600000 0.013422
1.076667 0.270732 0.002799 -0.002946 0.600000 0.004064
1.203333 0.270732 0.006906 -0.005716 0.600000 0.008965
1.330000 0.270732 -0.000368 -0.004590 0.600000 0.004604
1.456667 0.270732 -0.001337 0.001400 0.600003 0.001935
1.583333 0.270732 0.010219 -0.003208 0.600000 0.010711
1.710000 0.270732 0.012367 -0.002156 0.600000 0.012554
1.836667 0.270732 0.008488 -0.000716 0.600000 0.008518
1.963333 0.270732 0.006825 -0.000534 0.600000 0.006845
2.090000 0.270732 0.004820 -0.003994 0.600000 0.006260
2.216667 0.270732 0.001931 -0.002744 0.600000 0.003356
2.343333 0.270732 0.002752 -0.005510 0.600000 0.006160
2.470000 0.270732 0.000162 -0.003225 0.600000 0.003230
2.596667 0.270732 -0.007798 -0.004175 0.600000 0.008845
2.723333 0.270732 -0.009942 -0.002004 0.600000 0.010141
2.850000 0.270732 -0.002752 -0.000288 0.600000 0.002767
2.976667 0.270732 0.001770 -0.000139 0.600000 0.001775
3.103333 0.270732 -0.003405 0.001966 0.600000 0.003931
3.230000 0.270732 -0.015029 0.004632 0.600000 0.015727
3.356667 0.270732 -0.022093 -0.000268 0.600000 0.022095
3.483333 0.270732 -0.015682 -0.001964 0.600000 0.015805
3.610000 0.270732 -0.004311 -0.000107 0.600000 0.004312
3.736667 0.270732 0.000000 0.000000 0.000000 0.000000
0.063333 0.285366 0.000000 0.000000 0.000000 0.000000
0.190000 0.285366 -0.000087 0.001309 0.600000 0.001312
0.316667 0.285366 0.002311 -0.000154 0.600000 0.002316
0.443333 0.285366 0.009768 -0.000235 0.600000 0.009771
0.570000 0.285366 0.008752 0.002509 0.600000 0.009105
0.696667 0.285366 -0.000702 0.003688 0.600002 0.003754
0.823333 0.285366 0.009306 -0.003438 0.600000 0.009921
0.950000 0.285366 0.011444 -0.004718 0.600000 0.012378
1.076667 0.285366 0.004775 -0.002777 0.600000 0.005523
1.203333 0.285366 0.008586 -0.005906 0.600000 0.010421
1.330000 0.285366 -0.001307 -0.004739 0.600000 0.004916
1.456667 0.285366 -0.002155 0.000917 0.600000 0.002342
1.583333 0.285366 0.009317 -0.004334 0.600000 0.010275
1.710000 0.285366 0.011001 -0.002167 0.600000 0.011213
1.836667 0.285366 0.007775 -0.000287 0.600000 0.007780
1.963333 0.285366 0.007374 -0.000769 0.600000 0.007414
2.090000 0.285366 0.005469 -0.004211 0.600000 0.006903
2.216667 0.285366 0.002481 -0.003093 0.600000 0.003965
2.343333 0.285366 0.002874 -0.006348 0.600000 0.006968
2.470000 0.285366 0.000444 -0.003992 0.600000 0.004017
2.596667 0.285366 -0.006751 -0.005088 0.600000 0.008453
2.723333 0.285366 -0.009485 -0.002180 0.600000 0.009733
2.850000 0.285366 -0.004901 0.000248 0.600000 0.004908
2.976667 0.285366 0.000802 -0.000676 0.600000 0.001049
3.103333 0.285366 -0.003469 0.003478 0.600000 0.004912
3.230000 0.285366 -0.015618 0.005808 0.600000 0.016663
3.356667 0.285366 -0.021489 0.001403 0.600000 0.021535
3.483333 0.285366 -0.015024 -0.002643 0.600000 0.015255
3.610000 0.285366 -0.003833 -0.000459 0.600000 0.003861
3.736667 0.285366 0.000000 0.000000 0.000000 0.000000
0.063333 0.300000 0.000000 0.000000 0.000000 0.000000
0.190000 0.300000 -0.000313 0.001528 0.600000 0.001560
0.316667 0.300000 0.001906 -0.000145 0.600000 0.001912
0.443333 0.300000 0.009379 -0.000155 0.600000 0.009380
0.570000 0.300000 0.008178 0.002543 0.600000 0.008564
0.696667 0.300000 -0.001617 0.003779 0.600000 0.004110
0.823333 0.300000 0.008341 -0.003843 0.600000 0.009183
0.950000 0.300000 0.012488 -0.005278 0.600000 0.013557
1.076667 0.300000 0.008319 -0.003002 0.600000 0.008844
1.203333 0.300000 0.010480 -0.005498 0.600000 0.011834
1.330000 0.300000 -0.001206 -0.004954 0.600000 0.005099
1.456667 0.300000 -0.002118 -0.000648 0.600000 0.002215
1.583333 0.300000 0.008666 -0.005610 0.600000 0.010323
1.710000 0.300000 0.009596 -0.002024 0.600000 0.009807
1.836667 0.300000 0.007060 -0.000107 0.600000 0.007061
1.963333 0.300000 0.008133 -0.001041 0.600000 0.008200
2.090000 0.300000 0.006419 -0.004494 0.600000 0.007836
2.216667 0.300000 0.003246 -0.003440 0.600000 0.004729
2.343333 0.300000 0.002928 -0.007185 0.600000 0.007759
2.470000 0.300000 0.000706 -0.005051 0.600000 0.005101
2.596667 0.300000 -0.005716 -0.005996 0.600000 0.008284
2.723333 0.300000 -0.008837 -0.002279 0.600000 0.009126
2.850000 0.300000 -0.004565 0.000951 0.600000 0.004663
2.976667 0.300000 -0.000992 -0.001289 0.600000 0.001627
3.103333 0.300000 -0.006676 0.005130 0.600000 0.008419
3.230000 0.300000 -0.016520 0.006699 0.600000 0.017826
3.356667 0.300000 -0.021203 0.003220 0.600000 0.021446
3.483333 0.300000 -0.014524 -0.003424 0.600000 0.014922
3.610000 0.300000 -0.003344 -0.000713 0.600000 0.003419
3.736667 0.300000 0.000000 0.000000 0.000000 0.000000
0.063333 0.314634 0.000000 0.000000 0.000000 0.000000
0.190000 0.314634 0.000415 0.001688 0.600000 0.001738
0.316667 0.314634 0.003195 -0.000141 0.600000 0.003198
0.443333 0.314634 0.010817 -0.000116 0.600000 0.010818
0.570000 0.314634 0.010065 0.002544 0.600000 0.010382
0.696667 0.314634 -0.000625 0.004009 0.600000 0.004057
0.823333 0.314634 0.009416 -0.004456 0.600000 0.010417
0.950000 0.314634 0.014938 -0.006136 0.600000 0.016149
1.076667 0.314634 0.009085 -0.003095 0.600000 0.009598
1.203333 0.314634 0.010939 -0.004967 0.600000 0.012014
1.330000 0.314634 -0.000180 -0.005084 0.600000 0.005087
1.456667 0.314634 -0.002330 -0.002643 0.600000 0.003524
1.583333 0.314634 0.007656 -0.006959 0.600000 0.010346
1.710000 0.314634 0.008662 -0.001912 0.600000 0.008871
1.836667 0.314634 0.007391 -0.000098 0.600000 0.007392
1.963333 0.314634 0.008959 -0.001348 0.600000 0.009059
2.090000 0.314634 0.007123 -0.004840 0.600000 0.008612
2.216667 0.314634 0.003809 -0.003805 0.600000 0.005384
2.343333 0.314634 0.002706 -0.007994 0.600000 0.008440
2.470000 0.314634 0.000576 -0.006504 0.600000 0.006529
2.596667 0.314634 -0.005160 -0.006862 0.600000 0.008585
2.723333 0.314634 -0.008761 -0.002397 0.600000 0.009083
2.850000 0.314634 -0.004548 0.001574 0.600000 0.004812
2.976667 0.314634 -0.003400 -0.001328 0.600000 0.003650
3.103333 0.314634 -0.010123 0.006321 0.600000 0.011934
3.230000 0.314634 -0.017505 0.007347 0.600000 0.018984
3.356667 0.314634 -0.021380 0.005115 0.600000 0.021983
3.483333 0.314634 -0.014636 -0.004279 0.600000 0.015249
3.610000 0.314634 -0.003388 -0.000916 0.600000 0.003510
3.736667 0.314634 0.000000 0.000000 0.000000 0.000000
0.063333 0.329268 0.000000 0.000000 0.000000 0.000000
0.190000 0.329268 0.001123 0.001679 0.600000 0.002020
0.316667 0.329268 0.004425 -0.000118 0.600000 0.004426
0.443333 0.329268 0.012133 -0.000155 0.600000 0.012134
0.570000 0.329268 0.012000 0.002444 0.600000 0.012246
0.696667 0.329268 0.000086 0.004454 0.600000 0.004455
0.823333 0.329268 0.009691 -0.005311 0.600000 0.011051
0.950000 0.329268 0.015254 -0.006974 0.600000 0.016773
1.076667 0.329268 0.008049 -0.002951 0.600000 0.008573
1.203333 0.329268 0.010969 -0.004798 0.600000 0.011973
1.330000 0.329268 -0.000228 -0.004945 0.600000 0.004950
1.456667 0.329268 -0.003329 -0.004654 0.600000 0.005722
1.583333 0.329268 0.006578 -0.008344 0.600000 0.010625
1.710000 0.329268 0.007189 -0.001919 0.600000 0.007441
1.836667 0.329268 0.006981 -0.000214 0.600000 0.006984
1.963333 0.329268 0.009165 -0.001642 0.600000 0.009311
2.090000 0.329268 0.006874 -0.005251 0.600000 0.008650
2.216667 0.329268 0.003659 -0.004249 0.600000 0.005608
2.343333 0.329268 0.001779 -0.008735 0.600000 0.008914
2.470000 0.329268 -0.000574 -0.008372 0.600000 0.008391
2.596667 0.329268 -0.005266 -0.007749 0.600000 0.009369
2.723333 0.329268 -0.009127 -0.002536 0.600000 0.009473
2.850000 0.329268 -0.004686 0.002039 0.600000 0.005111
2.976667 0.329268 -0.002961 -0.001036 0.600000 0.003137
3.103333 0.329268 -0.010044 0.007011 0.600000 0.012249
3.230000 0.329268 -0.017691 0.007775 0.600000 0.019324
3.356667 0.329268 -0.021448 0.007071 0.600000 0.022583
3.483333 0.329268 -0.014617 -0.005136 0.600000 0.015493
3.610000 0.329268 -0.003425 -0.001117 0.600000 0.003603
3.736667 0.329268 0.000000 0.000000 0.000000 0.000000
0.063333 0.343902 0.000000 0.000000 0.000000 0.000000
0.190000 0.343902 0.000905 0.001614 0.600000 0.001850
0.316667 0.343902 0.003995 -0.000098 0.600000 0.003996
0.443333 0.343902 0.011559 -0.000242 0.600000 0.011562
0.570000 0.343902 0.011595 0.002212 0.600000 0.011804
0.696667 0.343902 0.000620 0.005050 0.600000 0.005088
0.823333 0.343902 0.009476 -0.006037 0.600000 0.011236
0.950000 0.343902 0.013914 -0.007768 0.600000 0.015935
1.076667 0.343902 0.006840 -0.002783 0.600000 0.007385
1.203333 0.343902 0.009466 -0.004845 0.600000 0.010634
1.330000 0.343902 -0.000200 -0.005060 0.600000 0.005064
1.456667 0.343902 -0.002677 -0.006738 0.600000 0.007251
1.583333 0.343902 0.005968 -0.009868 0.600000 0.011533
1.710000 0.343902 0.006118 -0.001932 0.600000 0.006416
1.836667 0.343902 0.004816 -0.000286 0.600000 0.004824
1.963333 0.343902 0.005669 -0.001884 0.600000 0.005973
2.090000 0.343902 0.002914 -0.005762 0.600000 0.006457
2.216667 0.343902 -0.000260 -0.004789 0.600000 0.004796
2.343333 0.343902 -0.001611 -0.009581 0.600000 0.009716
2.470000 0.343902 -0.003712 -0.009259 0.600000 0.009975
2.596667 0.343902 -0.007100 -0.008880 0.600000 0.011369
2.723333 0.343902 -0.010054 -0.002694 0.600000 0.010409
2.850000 0.343902 -0.005449 0.002300 0.600000 0.005915
2.976667 0.343902 -0.002329 -0.000803 0.600000 0.002463
3.103333 0.343902 -0.009132 0.007601 0.600000 0.011881
3.230000 0.343902 -0.017396 0.008007 0.600000 0.019151
3.356667 0.343902 -0.020540 0.008959 0.600000 0.022409
3.483333 0.343902 -0.013757 -0.005819 0.600000 0.014937
3.610000 0.343902 -0.003506 -0.001325 0.600000 0.003748
3.736667 0.343902 0.000000 0.000000 0.000000 0.000000
0.063333 0.358537 0.000000 0.000000 0.000000 0.000000
0.190000 0.358537 0.000577 0.001613 0.600000 0.001713
0.316667 0.358537 0.003355 -0.000107 0.600000 0.003357
0.443333 0.358537 0.010832 -0.000361 0.600000 0.010838
0.570000 0.358537 0.010970 0.001850 0.600000 0.011125
0.696667 0.358537 0.001168 0.005633 0.600000 0.005753
0.823333 0.358537 0.009351 -0.006455 0.599999 0.011363
0.950000 0.358537 0.012668 -0.008638 0.600000 0.015333
1.076667 0.358537 0.006042 -0.002611 0.600000 0.006582
1.203333 0.358537 0.008763 -0.004978 0.600000 0.010078
1.330000 0.358537 0.000335 -0.005864 0.600000 0.005873
1.456667 0.358537 -0.002043 -0.008868 0.600000 0.009101
1.583333 0.358537 0.005133 -0.011622 0.599998 0.012705
1.710000 0.358537 0.005197 -0.002051 0.600000 0.005587
1.836667 0.358537 0.003071 -0.000057 0.600000 0.003072
1.963333 0.358537 0.002281 -0.002079 0.600000 0.003087
2.090000 0.358537 -0.000738 -0.006430 0.600000 0.006473
2.216667 0.358537 -0.004211 -0.005348 0.600000 0.006807
2.343333 0.358537 -0.005099 -0.010766 0.600000 0.011913
2.470000 0.358537 -0.006595 -0.007879 0.599999 0.010275
2.596667 0.358537 -0.008999 -0.010404 0.600000 0.013755
2.723333 0.358537 -0.011530 -0.002872 0.600000 0.011883
2.850000 0.358537 -0.009410 0.002632 0.600000 0.009771
2.976667 0.358537 -0.004780 -0.001022 0.600000 0.004888
3.103333 0.358537 -0.009436 0.008320 0.600000 0.012580
3.230000 0.358537 -0.018047 0.008068 0.600000 0.019768
3.356667 0.358537 -0.019535 0.010677 0.600000 0.022263
3.483333 0.358537 -0.012787 -0.006182 0.600000 0.014203
3.610000 0.358537 -0.003547 -0.001542 0.600000 0.003868
3.736667 0.358537 0.000000 0.000000 0.000000 0.000000
0.063333 0.373171 0.000000 0.000000 0.000000 0.000000
0.190000 0.373171 0.000278 0.001683 0.600000 0.001706
0.316667 0.373171 0.002795 -0.000157 0.600000 0.002800
0.443333 0.373171 0.010184 -0.000536 0.600000 0.010198
0.570000 0.373171 0.010372 0.001348 0.600000 0.010460
0.696667 0.373171 0.000718 0.006293 0.600000 0.006334
0.823333 0.373171 0.008286 -0.006784 0.599989 0.010709
0.950000 0.373171 0.011988 -0.009647 0.599992 0.015387
1.076667 0.373171 0.007112 -0.002543 0.600000 0.007553
1.203333 0.373171 0.010173 -0.005169 0.599999 0.011411
1.330000 0.373171 0.002888 -0.007134 0.599999 0.007696
1.456667 0.373171 -0.000018 -0.010003 0.599998 0.010003
1.583333 0.373171 0.004243 -0.014046 0.599977 0.014673
1.710000 0.373171 0.003848 -0.002422 0.599997 0.004546
1.836667 0.373171 0.002317 0.000362 0.600000 0.002345
1.963333 0.373171 0.001780 -0.002313 0.600000 0.002918
2.090000 0.373171 -0.001237 -0.007276 0.599999 0.007381
2.216667 0.373171 -0.005111 -0.005897 0.599999 0.007804
2.343333 0.373171 -0.006910 -0.012172 0.599996 0.013997
2.470000 0.373171 -0.008250 -0.005659 0.599992 0.010004
2.596667 0.373171 -0.010215 -0.012179 0.599997 0.015896
2.723333 0.373171 -0.013629 -0.003049 0.599997 0.013966
2.850000 0.373171 -0.014010 0.003348 0.600000 0.014404
2.976667 0.373171 -0.008406 -0.001948 0.599995 0.008629
3.103333 0.373171 -0.011016 0.009204 0.600000 0.014355
3.230000 0.373171 -0.019285 0.007917 0.600000 0.020847
3.356667 0.373171 -0.019330 0.012322 0.600000 0.022924
3.483333 0.373171 -0.012016 -0.006431 0.600000 0.013629
3.610000 0.373171 -0.003043 -0.001704 0.600000 0.003488
3.736667 0.373171 0.000000 0.000000 0.000000 0.000000
0.063333 0.387805 0.000000 0.000000 0.000000 0.000000
0.190000 0.387805 0.000148 0.001803 0.600000 0.001809
0.316667 0.387805 0.002546 -0.000256 0.600000 0.002559
0.443333 0.387805 0.009728 -0.000781 0.600000 0.009759
0.570000 0.387805 0.009959 0.000662 0.599993 0.009981
0.696667 0.387805 0.001382 0.007070 0.600000 0.007203
0.823333 0.387805 0.008623 -0.007068 0.599862 0.011150
0.950000 0.387805 0.013079 -0.010992 0.599891 0.017084
1.076667 0.387805 0.009509 -0.002539 0.599989 0.009842
1.203333 0.387805 0.011341 -0.005378 0.599969 0.012551
1.330000 0.387805 0.004768 -0.008747 0.599969 0.009962
1.456667 0.387805 0.001543 -0.009110 0.599975 0.009240
1.583333 0.387805 0.003350 -0.017386 0.599799 0.017706
1.710000 0.387805 0.002219 -0.002951 0.599963 0.003692
1.836667 0.387805 0.001183 0.000791 0.600000 0.001423
1.963333 0.387805 0.001120 -0.002663 0.600000 0.002889
2.090000 0.387805 -0.001947 -0.008305 0.599989 0.008530
2.216667 0.387805 -0.006123 -0.006469 0.599993 0.008907
2.343333 0.387805 -0.008818 -0.013605 0.599957 0.016213
2.470000 0.387805 -0.010356 -0.003827 0.599921 0.011040
2.596667 0.387805 -0.013992 -0.013818 0.599966 0.019665
2.723333 0.387805 -0.018104 -0.003440 0.599962 0.018428
2.850000 0.387805 -0.016715 0.004232 0.599999 0.017243
2.976667 0.387805 -0.012700 -0.002999 0.599926 0.013049
3.103333 0.387805 -0.015673 0.009974 0.600000 0.018577
3.230000 0.387805 -0.021020 0.007553 0.599999 0.022336
3.356667 0.387805 -0.018890 0.013980 0.600000 0.023500
3.483333 0.387805 -0.010937 -0.006709 0.600000 0.012831
3.610000 0.387805 -0.002582 -0.001755 0.600000 0.003122
3.736667 0.387805 0.000000 0.000000 0.000000 0.000000
0.063333 0.402439 0.000000 0.000000 0.000000 0.000000
0.190000 0.402439 0.000706 0.001874 0.600000 0.002003
0.316667 0.402439 0.003562 -0.000388 0.600000 0.003583
0.443333 0.402439 0.010687 -0.001110 0.599997 0.010745
0.570000 0.402439 0.011682 -0.000248 0.599751 0.011685
0.696667 0.402439 0.004099 0.007822 0.599998 0.008832
0.823333 0.402439 0.010922 -0.007109 0.598541 0.013032
0.950000 0.402439 0.015181 -0.012437 0.598931 0.019625
1.076667 0.402439 0.010649 -0.002365 0.599610 0.010908
1.203333 0.402439 0.010556 -0.005619 0.599489 0.011959
1.330000 0.402439 0.003731 -0.010392 0.599515 0.011042
1.456667 0.402439 0.000883 -0.007376 0.599641 0.007428
1.583333 0.402439 0.002085 -0.020654 0.598803 0.020759
1.710000 0.402439 0.000094 -0.003445 0.599673 0.003447
1.836667 0.402439 -0.000115 0.001171 0.600000 0.001177
1.963333 0.402439 0.000371 -0.003128 0.599995 0.003150
2.090000 0.402439 -0.003131 -0.009280 0.599905 0.009794
2.216667 0.402439 -0.007465 -0.006911 0.599935 0.010173
2.343333 0.402439 -0.011026 -0.014715 0.599541 0.018388
2.470000 0.402439 -0.013070 -0.002205 0.599307 0.013255
2.596667 0.402439 -0.018132 -0.014858 0.599648 0.023442
2.723333 0.402439 -0.022727 -0.004061 0.599644 0.023087
2.850000 0.402439 -0.019515 0.004985 0.599982 0.020141
2.976667 0.402439 -0.017280 -0.003459 0.599162 0.017623
3.103333 0.402439 -0.019040 0.010321 0.600000 0.021658
3.230000 0.402439 -0.021395 0.005823 0.600000 0.022174
3.356667 0.402439 -0.018753 0.015326 0.600000 0.024219
3.483333 0.402439 -0.010287 -0.006904 0.600000 0.012390
3.610000 0.402439 -0.002566 -0.001753 0.600000 0.003107
3.736667 0.402439 0.000000 0.000000 0.000000 0.000000
0.063333 0.417073 0.000000 0.000000 0.000000 0.000000
0.190000 0.417073 0.001211 0.001825 0.600000 0.002190
0.316667 0.417073 0.004447 -0.000514 0.600000 0.004476
0.443333 0.417073 0.011185 -0.001458 0.599936 0.011280
0.570000 0.417073 0.012847 0.000515 0.594879 0.012858
0.696667 0.417073 0.007074 0.010007 0.592661 0.012255
0.823333 0.417073 0.012908 -0.005751 0.587785 0.014131
0.950000 0.417073 0.015193 -0.011582 0.593143 0.019104
1.076667 0.417073 0.010590 -0.000631 0.589761 0.010609
1.203333 0.417073 0.009956 -0.004608 0.594488 0.010971
1.330000 0.417073 0.005200 -0.010893 0.596077 0.012070
1.456667 0.417073 0.002764 -0.005392 0.592709 0.006060
1.583333 0.417073 0.000484 -0.022055 0.596288 0.022061
1.710000 0.417073 -0.002468 -0.002738 0.595546 0.003686
1.836667 0.417073 -0.001457 0.001457 0.599996 0.002061
1.963333 0.417073 -0.001347 -0.003554 0.599831 0.003801
2.090000 0.417073 -0.005681 -0.009084 0.594021 0.010714
2.216667 0.417073 -0.009732 -0.006150 0.594381 0.011512
2.343333 0.417073 -0.014560 -0.014258 0.595325 0.020379
2.470000 0.417073 -0.017232 0.000030 0.592110 0.017232
2.596667 0.417073 -0.021567 -0.014129 0.597309 0.025783
2.723333 0.417073 -0.027367 -0.003395 0.595136 0.027577
2.850000 0.417073 -0.023979 0.006748 0.590863 0.024911
2.976667 0.417073 -0.021008 -0.002216 0.593407 0.021124
3.103333 0.417073 -0.021378 0.011839 0.592145 0.024437
3.230000 0.417073 -0.021570 0.004457 0.594484 0.022026
3.356667 0.417073 -0.018742 0.016038 0.600000 0.024668
3.483333 0.417073 -0.010086 -0.007024 0.600000 0.012290
3.610000 0.417073 -0.002538 -0.001750 0.600000 0.003083
3.736667 0.417073 0.000000 0.000000 0.000000 0.000000
0.063333 0.431707 0.000000 0.000000 0.000000 0.000000
0.190000 0.431707 0.001102 0.001732 0.600000 0.002052
0.316667 0.431707 0.004163 -0.000621 0.600000 0.004209
0.443333 0.431707 0.010340 -0.001690 0.599999 0.010477
0.570000 0.431707 0.012351 0.002046 0.599884 0.012520
0.696667 0.431707 0.008554 0.012020 0.598487 0.014753
0.823333 0.431707 0.013578 -0.005225 0.599984 0.014549
0.950000 0.431707 0.014561 -0.009421 0.599998 0.017343
1.076667 0.431707 0.010276 0.000794 0.599799 0.010306
1.203333 0.431707 0.009608 -0.003238 0.599992 0.010139
1.330000 0.431707 0.006420 -0.010503 0.599994 0.012310
1.456667 0.431707 0.003512 -0.004005 0.599969 0.005326
1.583333 0.431707 -0.001588 -0.021655 0.599997 0.021713
1.710000 0.431707 -0.005292 -0.001777 0.599752 0.005583
1.836667 0.431707 -0.004208 0.001749 0.600000 0.004557
1.963333 0.431707 -0.005427 -0.003784 0.599999 0.006617
2.090000 0.431707 -0.010393 -0.008206 0.599976 0.013242
2.216667 0.431707 -0.014245 -0.005067 0.599680 0.015120
2.343333 0.431707 -0.019047 -0.013028 0.599987 0.023076
2.470000 0.431707 -0.022163 0.001472 0.599629 0.022212
2.596667 0.431707 -0.027524 -0.012444 0.599995 0.030207
2.723333 0.431707 -0.032700 -0.002451 0.599861 0.032792
2.850000 0.431707 -0.027643 0.007634 0.598898 0.028678
2.976667 0.431707 -0.023451 -0.000875 0.599953 0.023468
3.103333 0.431707 -0.024102 0.013317 0.598718 0.027536
3.230000 0.431707 -0.023137 0.004467 0.598720 0.023564
3.356667 0.431707 -0.018298 0.016475 0.600000 0.024622
3.483333 0.431707 -0.009813 -0.007116 0.600000 0.012122
3.610000 0.431707 -0.002541 -0.001750 0.600000 0.003085
3.736667 0.431707 0.000000 0.000000 0.000000 0.000000
0.063333 0.446341 0.000000 0.000000 0.000000 0.000000
0.190000 0.446341 0.000948 0.001673 0.600000 0.001923
0.316667 0.446341 0.003788 -0.000716 0.600000 0.003855
0.443333 0.446341 0.009750 -0.001803 0.600000 0.009915
0.570000 0.446341 0.012161 0.002493 0.599993 0.012414
0.696667 0.446341 0.010444 0.012211 0.599812 0.016068
0.823333 0.446341 0.014702 -0.006489 0.599998 0.016071
0.950000 0.446341 0.014070 -0.008198 0.600000 0.016285
1.076667 0.446341 0.010154 0.000519 0.599998 0.010167
1.203333 0.446341 0.009264 -0.002783 0.600000 0.009673
1.330000 0.446341 0.005702 -0.010179 0.600000 0.011667
1.456667 0.446341 0.002412 -0.003613 0.600000 0.004344
1.583333 0.446341 -0.003691 -0.020752 0.600000 0.021078
1.710000 0.446341 -0.008420 -0.001705 0.599993 0.008591
1.836667 0.446341 -0.007293 0.002109 0.600000 0.007592
1.963333 0.446341 -0.008873 -0.003831 0.600000 0.009665
2.090000 0.446341 -0.014302 -0.007656 0.600000 0.016222
2.216667 0.446341 -0.018438 -0.004694 0.599999 0.019026
2.343333 0.446341 -0.023272 -0.012288 0.599999 0.026317
2.470000 0.446341 -0.026843 0.001505 0.599976 0.026885
2.596667 0.446341 -0.032630 -0.011188 0.600000 0.034494
2.723333 0.446341 -0.037178 -0.002583 0.599997 0.037267
2.850000 0.446341 -0.032900 0.006688 0.599918 0.033573
2.976667 0.446341 -0.028544 -0.000916 0.599995 0.028559
3.103333 0.446341 -0.026917 0.013245 0.599832 0.029999
3.230000 0.446341 -0.024471 0.004144 0.599772 0.024819
3.356667 0.446341 -0.018208 0.016904 0.600000 0.024845
3.483333 0.446341 -0.009316 -0.007174 0.600000 0.011758
3.610000 0.446341 -0.002490 -0.001752 0.600000 0.003045
3.736667 0.446341 0.000000 0.000000 0.000000 0.000000
0.063333 0.460976 0.000000 0.000000 0.000000 0.000000
0.190000 0.460976 0.000834 0.001647 0.600000 0.001846
0.316667 0.460976 0.003507 -0.000797 0.600000 0.003596
0.443333 0.460976 0.009338 -0.001854 0.600000 0.009520
0.570000 0.460976 0.012158 0.002820 0.600000 0.012481
0.696667 0.460976 0.012182 0.012080 0.599984 0.017155
0.823333 0.460976 0.015853 -0.007274 0.600000 0.017442
0.950000 0.460976 0.014020 -0.007129 0.600000 0.015728
1.076667 0.460976 0.010995 0.000251 0.600000 0.010998
1.203333 0.460976 0.009797 -0.002274 0.600000 0.010057
1.330000 0.460976 0.005338 -0.009761 0.600000 0.011126
1.456667 0.460976 0.001611 -0.003220 0.600000 0.003600
1.583333 0.460976 -0.005664 -0.019600 0.600000 0.020402
1.710000 0.460976 -0.011364 -0.001653 0.600000 0.011484
1.836667 0.460976 -0.009372 0.002412 0.600000 0.009677
1.963333 0.460976 -0.010218 -0.003774 0.600000 0.010893
2.090000 0.460976 -0.015940 -0.007062 0.600000 0.017434
2.216667 0.460976 -0.020531 -0.004280 0.600000 0.020973
2.343333 0.460976 -0.026150 -0.011494 0.600000 0.028564
2.470000 0.460976 -0.030058 0.001575 0.599999 0.030099
2.596667 0.460976 -0.035295 -0.009984 0.600000 0.036680
2.723333 0.460976 -0.040445 -0.002666 0.600000 0.040533
2.850000 0.460976 -0.037963 0.005990 0.599996 0.038432
2.976667 0.460976 -0.033329 -0.001257 0.599999 0.033352
3.103333 0.460976 -0.028897 0.012886 0.599982 0.031640
3.230000 0.460976 -0.025625 0.003843 0.599971 0.025912
3.356667 0.460976 -0.018542 0.017132 0.600000 0.025245
3.483333 0.460976 -0.008271 -0.007212 0.600000 0.010974
3.610000 0.460976 -0.002090 -0.001723 0.600000 0.002709
3.736667 0.460976 0.000000 0.000000 0.000000 0.000000
0.063333 0.475610 0.000000 0.000000 0.000000 0.000000
0.190000 0.475610 0.000843 0.001638 0.600000 0.001842
0.316667 0.475610 0.003465 -0.000861 0.600000 0.003571
0.443333 0.475610 0.009160 -0.001863 0.600000 0.009348
0.570000 0.475610 0.012358 0.003038 0.600000 0.012726
0.696667 0.475610 0.013845 0.011687 0.599999 0.018118
0.823333 0.475610 0.017201 -0.007693 0.600000 0.018843
0.950000 0.475610 0.014961 -0.006239 0.600000 0.016210
1.076667 0.475610 0.012402 0.000006 0.600000 0.012402
1.203333 0.475610 0.010482 -0.001669 0.600000 0.010614
1.330000 0.475610 0.005236 -0.009245 0.600000 0.010625
1.456667 0.475610 0.000865 -0.002800 0.600000 0.002931
1.583333 0.475610 -0.007470 -0.018216 0.600000 0.019688
1.710000 0.475610 -0.014577 -0.001557 0.600000 0.014660
1.836667 0.475610 -0.011834 0.002531 0.600000 0.012101
1.963333 0.475610 -0.011544 -0.003654 0.600000 0.012109
2.090000 0.475610 -0.017534 -0.006415 0.600000 0.018671
2.216667 0.475610 -0.022533 -0.003818 0.600000 0.022854
2.343333 0.475610 -0.028889 -0.010572 0.600000 0.030763
2.470000 0.475610 -0.033074 0.001588 0.600000 0.033112
2.596667 0.475610 -0.038021 -0.008821 0.600000 0.039031
2.723333 0.475610 -0.043682 -0.002581 0.600000 0.043758
2.850000 0.475610 -0.041620 0.005379 0.600000 0.041966
2.976667 0.475610 -0.038147 -0.001583 0.600000 0.038180
3.103333 0.475610 -0.033383 0.012149 0.599999 0.035525
3.230000 0.475610 -0.027927 0.003571 0.599997 0.028155
3.356667 0.475610 -0.018620 0.017046 0.600000 0.025245
3.483333 0.475610 -0.007120 -0.007208 0.600000 0.010132
3.610000 0.475610 -0.001740 -0.001632 0.600000 0.002385
3.736667 0.475610 0.000000 0.000000 0.000000 0.000000
0.063333 0.490244 0.000000 0.000000 0.000000 0.000000
0.190000 0.490244 0.001284 0.001577 0.600000 0.002033
0.316667 0.490244 0.004170 -0.000891 0.600000 0.004264
0.443333 0.490244 0.009763 -0.001853 0.600000 0.009937
0.570000 0.490244 0.013507 0.003150 0.600000 0.013869
0.696667 0.490244 0.016261 0.011085 0.600000 0.019680
0.823333 0.490244 0.019422 -0.007844 0.600000 0.020946
0.950000 0.490244 0.016296 -0.005468 0.600000 0.017189
1.076667 0.490244 0.013022 -0.000091 0.600000 0.013022
1.203333 0.490244 0.011536 -0.001178 0.600000 0.011596
1.330000 0.490244 0.006120 -0.008504 0.600000 0.010477
1.456667 0.490244 0.000197 -0.002352 0.600000 0.002360
1.583333 0.490244 -0.009171 -0.016619 0.600000 0.018982
1.710000 0.490244 -0.017557 -0.001364 0.600000 0.017610
1.836667 0.490244 -0.014089 0.002437 0.600000 0.014298
1.963333 0.490244 -0.012864 -0.003464 0.600000 0.013323
2.090000 0.490244 -0.019237 -0.005723 0.600000 0.020070
2.216667 0.490244 -0.024569 -0.003317 0.600000 0.024792
2.343333 0.490244 -0.031557 -0.009531 0.600000 0.032965
2.470000 0.490244 -0.036030 0.001548 0.600000 0.036063
2.596667 0.490244 -0.040750 -0.007664 0.600000 0.041464
2.723333 0.490244 -0.046705 -0.002396 0.600000 0.046766
2.850000 0.490244 -0.044892 0.004747 0.600000 0.045142
2.976667 0.490244 -0.042677 -0.001607 0.600000 0.042707
3.103333 0.490244 -0.037886 0.011070 0.600000 0.039470
3.230000 0.490244 -0.030299 0.003144 0.600000 0.030462
3.356667 0.490244 -0.018574 0.016632 0.600000 0.024932
3.483333 0.490244 -0.006208 -0.007096 0.600000 0.009428
3.610000 0.490244 -0.001658 -0.001496 0.600000 0.002233
3.736667 0.490244 0.000000 0.000000 0.000000 0.000000
0.063333 0.504878 0.000000 0.000000 0.000000 0.000000
0.190000 0.504878 0.001665 0.001417 0.600000 0.002187
0.316667 0.504878 0.004749 -0.000874 0.600000 0.004829
0.443333 0.504878 0.009963 -0.001813 0.600000 0.010127
0.570000 0.504878 0.014307 0.003115 0.600000 0.014642
0.696667 0.504878 0.018670 0.010298 0.600000 0.021321
0.823333 0.504878 0.021424 -0.007740 0.600000 0.022779
0.950000 0.504878 0.016728 -0.004668 0.600000 0.017367
1.076667 0.504878 0.012986 -0.000080 0.600000 0.012986
1.203333 0.504878 0.012171 -0.000923 0.600000 0.012206
1.330000 0.504878 0.006581 -0.007488 0.600000 0.009969
1.456667 0.504878 -0.000377 -0.001880 0.600000 0.001917
1.583333 0.504878 -0.010852 -0.014798 0.600000 0.018351
1.710000 0.504878 -0.020122 -0.001145 0.600000 0.020154
1.836667 0.504878 -0.015972 0.002222 0.600000 0.016125
1.963333 0.504878 -0.014438 -0.003192 0.600000 0.014786
2.090000 0.504878 -0.021226 -0.004983 0.600000 0.021803
2.216667 0.504878 -0.026775 -0.002800 0.600000 0.026921
2.343333 0.504878 -0.034323 -0.008369 0.600000 0.035328
2.470000 0.504878 -0.039106 0.001455 0.600000 0.039133
2.596667 0.504878 -0.043598 -0.006507 0.600000 0.044081
2.723333 0.504878 -0.049776 -0.002151 0.600000 0.049823
2.850000 0.504878 -0.047988 0.004086 0.600000 0.048162
2.976667 0.504878 -0.045748 -0.001462 0.600000 0.045772
3.103333 0.504878 -0.040730 0.009791 0.600000 0.041890
3.230000 0.504878 -0.032642 0.002612 0.600000 0.032747
3.356667 0.504878 -0.018714 0.015826 0.600000 0.024509
3.483333 0.504878 -0.005150 -0.006822 0.600000 0.008548
3.610000 0.504878 -0.001582 -0.001337 0.600000 0.002071
3.736667 0.504878 0.000000 0.000000 0.000000 0.000000
0.063333 0.519512 0.000000 0.000000 0.000000 0.000000
0.190000 0.519512 0.001709 0.001212 0.600000 0.002095
0.316667 0.519512 0.004722 -0.000813 0.600000 0.004792
0.443333 0.519512 0.009512 -0.001699 0.600000 0.009663
0.570000 0.519512 0.014306 0.002900 0.600000 0.014597
0.696667 0.519512 0.021090 0.009225 0.600000 0.023020
0.823333 0.519512 0.023450 -0.007258 0.600000 0.024547
0.950000 0.519512 0.016677 -0.003825 0.600000 0.017110
1.076667 0.519512 0.012958 -0.000061 0.600000 0.012958
1.203333 0.519512 0.012019 -0.000740 0.600000 0.012042
1.330000 0.519512 0.006166 -0.006349 0.600000 0.008850
1.456667 0.519512 -0.000891 -0.001400 0.600000 0.001659
1.583333 0.519512 -0.012394 -0.012739 0.600000 0.017774
1.710000 0.519512 -0.022754 -0.000936 0.600000 0.022774
1.836667 0.519512 -0.018571 0.002011 0.600000 0.018679
1.963333 0.519512 -0.017072 -0.002837 0.600000 0.017306
2.090000 0.519512 -0.024085 -0.004210 0.600000 0.024450
2.216667 0.519512 -0.029792 -0.002273 0.600000 0.029879
2.343333 0.519512 -0.037665 -0.007115 0.600000 0.038331
2.470000 0.519512 -0.043009 0.001371 0.600000 0.043030
2.596667 0.519512 -0.047116 -0.005429 0.600000 0.047428
2.723333 0.519512 -0.052859 -0.001851 0.600000 0.052891
2.850000 0.519512 -0.051172 0.003385 0.600000 0.051284
2.976667 0.519512 -0.048965 -0.001274 0.600000 0.048982
3.103333 0.519512 -0.043554 0.008398 0.600000 0.044357
3.230000 0.519512 -0.034888 0.002069 0.600000 0.034949
3.356667 0.519512 -0.018622 0.014528 0.600000 0.023618
3.483333 0.519512 -0.003867 -0.006339 0.600000 0.007425
3.610000 0.519512 -0.001514 -0.001155 0.600000 0.001904
3.736667 0.519512 0.000000 0.000000 0.000000 0.000000
0.063333 0.534146 0.000000 0.000000 0.000000 0.000000
0.190000 0.534146 0.001768 0.001001 0.600000 0.002031
0.316667 0.534146 0.004720 -0.000714 0.600000 0.004773
0.443333 0.534146 0.009081 -0.001502 0.600000 0.009204
0.570000 0.534146 0.014257 0.002518 0.600000 0.014478
0.696667 0.534146 0.023370 0.007770 0.600000 0.024628
0.823333 0.534146 0.025458 -0.006317 0.600000 0.026230
0.950000 0.534146 0.016729 -0.002975 0.600000 0.016992
1.076667 0.534146 0.013060 -0.000057 0.600000 0.013060
1.203333 0.534146 0.012141 -0.000529 0.600000 0.012153
1.330000 0.534146 0.005649 -0.005133 0.600000 0.007633
1.456667 0.534146 -0.001592 -0.000963 0.600000 0.001861
1.583333 0.534146 -0.013732 -0.010444 0.600000 0.017253
1.710000 0.534146 -0.025270 -0.000701 0.600000 0.025279
1.836667 0.534146 -0.020910 0.001813 0.600000 0.020988
1.963333 0.534146 -0.019180 -0.002403 0.600000 0.019330
2.090000 0.534146 -0.026520 -0.003400 0.600000 0.026737
2.216667 0.534146 -0.032468 -0.001735 0.600000 0.032514
2.343333 0.534146 -0.040711 -0.005790 0.600000 0.041121
2.470000 0.534146 -0.046366 0.001317 0.600000 0.046385
2.596667 0.534146 -0.050238 -0.004453 0.600000 0.050435
2.723333 0.534146 -0.056065 -0.001491 0.600000 0.056085
2.850000 0.534146 -0.054899 0.002694 0.600000 0.054965
2.976667 0.534146 -0.052662 -0.001097 0.600000 0.052673
3.103333 0.534146 -0.046335 0.006865 0.600000 0.046841
3.230000 0.534146 -0.037074 0.001531 0.600000 0.037106
3.356667 0.534146 -0.018093 0.012639 0.600000 0.022070
3.483333 0.534146 -0.002137 -0.005566 0.600000 0.005962
3.610000 0.534146 -0.001429 -0.000948 0.600000 0.001714
3.736667 0.534146 0.000000 0.000000 0.000000 0.000000
0.063333 0.548780 0.000000 0.000000 0.000000 0.000000
0.190000 0.548780 0.001901 0.000773 0.600000 0.002052
0.316667 0.548780 0.004846 -0.000573 0.600000 0.004879
0.443333 0.548780 0.008725 -0.001215 0.600000 0.008809
0.570000 0.548780 0.014209 0.001981 0.600000 0.014347
0.696667 0.548780 0.025341 0.005968 0.600000 0.026034
0.823333 0.548780 0.027230 -0.004974 0.600000 0.027680
0.950000 0.548780 0.016920 -0.002118 0.600000 0.017052
1.076667 0.548780 0.013008 -0.000038 0.600000 0.013008
1.203333 0.548780 0.012190 -0.000347 0.600000 0.012195
1.330000 0.548780 0.005479 -0.003790 0.600000 0.006662
1.456667 0.548780 -0.001978 -0.000609 0.600000 0.002069
1.583333 0.548780 -0.015049 -0.007886 0.600000 0.016990
1.710000 0.548780 -0.027747 -0.000460 0.600000 0.027751
1.836667 0.548780 -0.022638 0.001523 0.600000 0.022689
1.963333 0.548780 -0.020363 -0.001879 0.600000 0.020449
2.090000 0.548780 -0.028153 -0.002525 0.600000 0.028266
2.216667 0.548780 -0.034386 -0.001204 0.600000 0.034408
2.343333 0.548780 -0.043215 -0.004350 0.600000 0.043433
2.470000 0.548780 -0.048806 0.001176 0.600000 0.048820
2.596667 0.548780 -0.052673 -0.003418 0.600000 0.052783
2.723333 0.548780 -0.059370 -0.001079 0.600000 0.059379
2.850000 0.548780 -0.058324 0.002027 0.600000 0.058359
2.976667 0.548780 -0.056066 -0.000949 0.600000 0.056074
3.103333 0.548780 -0.049074 0.005179 0.600000 0.049347
3.230000 0.548780 -0.039259 0.001014 0.600000 0.039272
3.356667 0.548780 -0.017429 0.010052 0.600000 0.020120
3.483333 0.548780 -0.000160 -0.004448 0.600000 0.004450
3.610000 0.548780 -0.001275 -0.000705 0.600000 0.001456
3.736667 0.548780 0.000000 0.000000 0.000000 0.000000
0.063333 0.563415 0.000000 0.000000 0.000000 0.000000
0.190000 0.563415 0.002128 0.000507 0.600000 0.002187
0.316667 0.563415 0.005128 -0.000383 0.600000 0.005142
0.443333 0.563415 0.008428 -0.000822 0.600000 0.008467
0.570000 0.563415 0.014149 0.001294 0.600000 0.014208
0.696667 0.563415 0.027415 0.003836 0.600000 0.027682
0.823333 0.563415 0.029160 -0.003262 0.600000 0.029342
0.950000 0.563415 0.017369 -0.001277 0.600000 0.017416
1.076667 0.563415 0.013503 0.000019 0.600000 0.013503
1.203333 0.563415 0.012673 -0.000214 0.600000 0.012675
1.330000 0.563415 0.005775 -0.002350 0.600000 0.006235
1.456667 0.563415 -0.001841 -0.000307 0.600000 0.001867
1.583333 0.563415 -0.016317 -0.005005 0.600000 0.017067
1.710000 0.563415 -0.030385 -0.000248 0.600000 0.030386
1.836667 0.563415 -0.024413 0.001065 0.600000 0.024436
1.963333 0.563415 -0.021575 -0.001238 0.600000 0.021610
2.090000 0.563415 -0.029848 -0.001571 0.600000 0.029889
2.216667 0.563415 -0.036295 -0.000693 0.600000 0.036302
2.343333 0.563415 -0.045759 -0.002747 0.600000 0.045841
2.470000 0.563415 -0.051270 0.000856 0.600000 0.051278
2.596667 0.563415 -0.055148 -0.002204 0.600000 0.055192
2.723333 0.563415 -0.062733 -0.000643 0.600000 0.062737
2.850000 0.563415 -0.061247 0.001299 0.600000 0.061261
2.976667 0.563415 -0.059302 -0.000707 0.600000 0.059307
3.103333 0.563415 -0.052046 0.003290 0.600000 0.052150
3.230000 0.563415 -0.041450 0.000544 0.600000 0.041454
3.356667 0.563415 -0.016758 0.006680 0.600000 0.018041
3.483333 0.563415 0.001803 -0.002971 0.600000 0.003475
3.610000 0.563415 -0.001218 -0.000428 0.600000 0.001291
3.736667 0.563415 0.000000 0.000000 0.000000 0.000000
0.063333 0.578049 0.000000 0.000000 0.000000 0.000000
0.190000 0.578049 0.002443 0.000181 0.600000 0.002450
0.316667 0.578049 0.005558 -0.000137 0.600000 0.005560
0.443333 0.578049 0.008181 -0.000298 0.600000 0.008186
0.570000 0.578049 0.014086 0.000457 0.600000 0.014093
0.696667 0.578049 0.029656 0.001342 0.600000 0.029686
0.823333 0.578049 0.031267 -0.001156 0.600000 0.031289
0.950000 0.578049 0.017519 -0.000433 0.600000 0.017524
1.076667 0.578049 0.014009 0.000027 0.600000 0.014009
1.203333 0.578049 0.013581 -0.000077 0.600000 0.013581
1.330000 0.578049 0.005931 -0.000807 0.600000 0.005986
1.456667 0.578049 -0.001760 -0.000081 0.600000 0.001761
1.583333 0.578049 -0.017511 -0.001739 0.600000 0.017597
1.710000 0.578049 -0.033212 -0.000075 0.600000 0.033212
1.836667 0.578049 -0.026249 0.000395 0.600000 0.026252
1.963333 0.578049 -0.022830 -0.000443 0.600000 0.022834
2.090000 0.578049 -0.031675 -0.000537 0.600000 0.031680
2.216667 0.578049 -0.038247 -0.000222 0.600000 0.038247
2.343333 0.578049 -0.048403 -0.000951 0.600000 0.048413
2.470000 0.578049 -0.053833 0.000324 0.600000 0.053834
2.596667 0.578049 -0.057728 -0.000774 0.600000 0.057733
2.723333 0.578049 -0.066256 -0.000211 0.600000 0.066256
2.850000 0.578049 -0.064160 0.000454 0.600000 0.064161
2.976667 0.578049 -0.062569 -0.000270 0.600000 0.062569
3.103333 0.578049 -0.055016 0.001142 0.600000 0.055028
3.230000 0.578049 -0.043719 0.000163 0.600000 0.043720
3.356667 0.578049 -0.015873 0.002393 0.600000 0.016052
3.483333 0.578049 0.003976 -0.001071 0.600000 0.004118
3.610000 0.578049 -0.001306 -0.000142 0.600000 0.001314
3.736667 0.578049 0.000000 0.000000 0.000000 0.000000
0.063333 0.592683 0.000000 0.000000 0.000000 0.000000
0.190000 0.592683 0.000000 0.000000 0.000000 0.000000
0.316667 0.592683 0.000000 0.000000 0.000000 0.000000
0.443333 0.592683 0.000000 0.000000 0.000000 0.000000
0.570000 0.592683 0.000000 0.000000 0.000000 0.000000
0.696667 0.592683 0.000000 0.000000 0.000000 0.000000
0.823333 0.592683 0.000000 0.000000 0.000000 0.000000
0.950000 0.592683 0.000000 0.000000 0.000000 0.000000
1.076667 0.592683 0.000000 0.000000 0.000000 0.000000
1.203333 0.592683 0.000000 0.000000 0.000000 0.000000
1.330000 0.592683 0.000000 0.000000 0.000000 0.000000
1.456667 0.592683 0.000000 0.000000 0.000000 0.000000
1.583333 0.592683 0.000000 0.000000 0.000000 0.000000
1.710000 0.592683 0.000000 0.000000 0.000000 0.000000
1.836667 0.592683 0.000000 0.000000 0.000000 0.000000
1.963333 0.592683 0.000000 0.000000 0.000000 0.000000
2.090000 0.592683 0.000000 0.000000 0.000000 0.000000
2.216667 0.592683 0.000000 0.000000 0.000000 0.000000
2.343333 0.592683 0.000000 0.000000 0.000000 0.000000
2.470000 0.592683 0.000000 0.000000 0.000000 0.000000
2.596667 0.592683 0.000000 0.000000 0.000000 0.000000
2.723333 0.592683 0.000000 0.000000 0.000000 0.000000
2.850000 0.592683 0.000000 0.000000 0.000000 0.000000
2.976667 0.592683 0.000000 0.000000 0.000000 0.000000
3.103333 0.592683 0.000000 0.000000 0.000000 0.000000
3.230000 0.592683 0.000000 0.000000 0.000000 0.000000
3.356667 0.592683 0.000000 0.000000 0.000000 0.000000
3.483333 0.592683 0.000000 0.000000 0.000000 0.000000
3.610000 0.592683 0.000000 0.000000 0.000000 0.000000
3.736667 0.592683 0.000000 0.000000 0.000000 0.000000
