TITLE="(Vx,Vy)"
VARIABLES=X,Y,Vx,Vy,Vm,V
ZONE T="T-Dummy" I=30, J=41, F=POINT
0.063333 0.007317 0.000000 0.000000 0.000000 0.000000
0.190000 0.007317 0.000000 0.000000 0.000000 0.000000
0.316667 0.007317 0.000000 0.000000 0.000000 0.000000
0.443333 0.007317 0.000000 0.000000 0.000000 0.000000
0.570000 0.007317 0.000000 0.000000 0.000000 0.000000
0.696667 0.007317 0.000000 0.000000 0.000000 0.000000
0.823333 0.007317 0.000000 0.000000 0.000000 0.000000
0.950000 0.007317 0.000000 0.000000 0.000000 0.000000
1.076667 0.007317 0.000000 0.000000 0.000000 0.000000
1.203333 0.007317 0.000000 0.000000 0.000000 0.000000
1.330000 0.007317 0.000000 0.000000 0.000000 0.000000
1.456667 0.007317 0.000000 0.000000 0.000000 0.000000
1.583333 0.007317 0.000000 0.000000 0.000000 0.000000
1.710000 0.007317 0.000000 0.000000 0.000000 0.000000
1.836667 0.007317 0.000000 0.000000 0.000000 0.000000
1.963333 0.007317 0.000000 0.000000 0.000000 0.000000
2.090000 0.007317 0.000000 0.000000 0.000000 0.000000
2.216667 0.007317 0.000000 0.000000 0.000000 0.000000
2.343333 0.007317 0.000000 0.000000 0.000000 0.000000
2.470000 0.007317 0.000000 0.000000 0.000000 0.000000
2.596667 0.007317 0.000000 0.000000 0.000000 0.000000
2.723333 0.007317 0.000000 0.000000 0.000000 0.000000
2.850000 0.007317 0.000000 0.000000 0.000000 0.000000
2.976667 0.007317 0.000000 0.000000 0.000000 0.000000
3.103333 0.007317 0.000000 0.000000 0.000000 0.000000
3.230000 0.007317 0.000000 0.000000 0.000000 0.000000
3.356667 0.007317 0.000000 0.000000 0.000000 0.000000
3.483333 0.007317 0.000000 0.000000 0.000000 0.000000
3.610000 0.007317 0.000000 0.000000 0.000000 0.000000
3.736667 0.007317 0.000000 0.000000 0.000000 0.000000
0.063333 0.021951 0.000000 0.000000 0.000000 0.000000
0.190000 0.021951 0.002173 -0.000310 0.900000 0.002195
0.316667 0.021951 0.004755 -0.000091 0.900000 0.004756
0.443333 0.021951 0.007958 -0.000425 0.900000 0.007969
0.570000 0.021951 0.004075 0.000602 0.900000 0.004119
0.696667 0.021951 0.001951 -0.000463 0.900000 0.002006
0.823333 0.021951 0.005195 0.000035 0.900000 0.005196
0.950000 0.021951 0.011009 -0.000936 0.900000 0.011048
1.076667 0.021951 0.019684 -0.000213 0.900000 0.019685
1.203333 0.021951 0.025395 -0.000167 0.900000 0.025396
1.330000 0.021951 0.029849 -0.000447 0.900000 0.029852
1.456667 0.021951 0.021690 0.000687 0.900000 0.021701
1.583333 0.021951 0.022252 -0.001077 0.900000 0.022278
1.710000 0.021951 0.022877 0.000816 0.900000 0.022891
1.836667 0.021951 0.015153 -0.000195 0.900000 0.015154
1.963333 0.021951 0.018838 -0.000331 0.900000 0.018841
2.090000 0.021951 0.022187 -0.000237 0.900000 0.022189
2.216667 0.021951 0.023593 -0.000163 0.900000 0.023594
2.343333 0.021951 0.022579 -0.000236 0.900000 0.022581
2.470000 0.021951 0.017913 0.000498 0.900000 0.017920
2.596667 0.021951 0.015259 -0.000094 0.900000 0.015260
2.723333 0.021951 0.020858 -0.000464 0.900000 0.020863
2.850000 0.021951 0.022077 0.000438 0.900000 0.022081
2.976667 0.021951 0.017212 -0.000270 0.900000 0.017214
3.103333 0.021951 0.013440 0.000905 0.900000 0.013471
3.230000 0.021951 0.017354 -0.000911 0.900000 0.017378
3.356667 0.021951 0.028052 -0.000488 0.900000 0.028056
3.483333 0.021951 0.025350 0.000736 0.900000 0.025360
3.610000 0.021951 0.009611 0.001040 0.900000 0.009667
3.736667 0.021951 0.000000 0.000000 0.000000 0.000000
0.063333 0.036585 0.000000 0.000000 0.000000 0.000000
0.190000 0.036585 0.001628 -0.000867 0.900000 0.001844
0.316667 0.036585 0.003656 -0.000273 0.900000 0.003666
0.443333 0.036585 0.005901 -0.001139 0.900000 0.006010
0.570000 0.036585 0.003452 0.001618 0.900000 0.003812
0.696667 0.036585 -0.006447 0.000259 0.900000 0.006452
0.823333 0.036585 -0.005198 -0.000864 0.900000 0.005270
0.950000 0.036585 0.001509 -0.001772 0.900000 0.002327
1.076667 0.036585 0.004943 -0.000958 0.900000 0.005035
1.203333 0.036585 0.016246 -0.000709 0.900000 0.016262
1.330000 0.036585 0.018630 -0.001292 0.900000 0.018675
1.456667 0.036585 0.010906 0.000678 0.900000 0.010927
1.583333 0.036585 0.015700 -0.002291 0.900000 0.015866
1.710000 0.036585 0.025051 0.001078 0.900000 0.025074
1.836667 0.036585 0.027493 -0.000535 0.900000 0.027499
1.963333 0.036585 0.030029 -0.000671 0.900000 0.030037
2.090000 0.036585 0.030619 -0.000352 0.900000 0.030621
2.216667 0.036585 0.030002 -0.000324 0.900000 0.030004
2.343333 0.036585 0.026211 -0.000902 0.900000 0.026227
2.470000 0.036585 0.027515 0.000527 0.900000 0.027520
2.596667 0.036585 0.031239 -0.000231 0.900000 0.031240
2.723333 0.036585 0.030441 -0.000841 0.900000 0.030452
2.850000 0.036585 0.030319 0.000915 0.900000 0.030333
2.976667 0.036585 0.024780 -0.000436 0.900000 0.024784
3.103333 0.036585 0.019214 0.001894 0.900000 0.019307
3.230000 0.036585 0.021479 -0.002273 0.900000 0.021599
3.356667 0.036585 0.027064 -0.001173 0.900000 0.027090
3.483333 0.036585 0.023424 0.002086 0.900000 0.023517
3.610000 0.036585 0.009121 0.003058 0.900000 0.009620
3.736667 0.036585 0.000000 0.000000 0.000000 0.000000
0.063333 0.051220 0.000000 0.000000 0.000000 0.000000
0.190000 0.051220 0.001139 -0.001301 0.900000 0.001729
0.316667 0.051220 0.002665 -0.000456 0.900000 0.002704
0.443333 0.051220 0.004307 -0.001627 0.900000 0.004604
0.570000 0.051220 0.003126 0.002293 0.900000 0.003877
0.696667 0.051220 -0.002820 0.002344 0.900000 0.003667
0.823333 0.051220 -0.001254 -0.002507 0.900000 0.002803
0.950000 0.051220 0.005630 -0.001773 0.900000 0.005903
1.076667 0.051220 0.008245 -0.001677 0.900000 0.008414
1.203333 0.051220 0.016102 -0.001358 0.900000 0.016159
1.330000 0.051220 0.017866 -0.002041 0.900000 0.017982
1.456667 0.051220 0.010766 -0.000746 0.900000 0.010792
1.583333 0.051220 0.016175 -0.002592 0.900000 0.016381
1.710000 0.051220 0.024292 0.000168 0.900000 0.024293
1.836667 0.051220 0.026513 -0.000943 0.900000 0.026530
1.963333 0.051220 0.030163 -0.000714 0.900000 0.030172
2.090000 0.051220 0.031036 -0.000145 0.900000 0.031036
2.216667 0.051220 0.030474 -0.000311 0.900000 0.030476
2.343333 0.051220 0.026777 -0.001791 0.900000 0.026837
2.470000 0.051220 0.026799 -0.000231 0.900000 0.026800
2.596667 0.051220 0.030081 -0.000418 0.900000 0.030084
2.723333 0.051220 0.030648 -0.000702 0.900000 0.030656
2.850000 0.051220 0.029912 0.001096 0.900000 0.029932
2.976667 0.051220 0.024708 -0.000383 0.900000 0.024711
3.103333 0.051220 0.020517 0.002090 0.900000 0.020624
3.230000 0.051220 0.022498 -0.003051 0.900000 0.022704
3.356667 0.051220 0.026019 -0.001376 0.900000 0.026056
3.483333 0.051220 0.021684 0.003202 0.900000 0.021920
3.610000 0.051220 0.008713 0.004969 0.900000 0.010030
3.736667 0.051220 0.000000 0.000000 0.000000 0.000000
0.063333 0.065854 0.000000 0.000000 0.000000 0.000000
0.190000 0.065854 0.000716 -0.001628 0.900000 0.001778
0.316667 0.065854 0.001772 -0.000634 0.900000 0.001882
0.443333 0.065854 0.003013 -0.001959 0.900000 0.003594
0.570000 0.065854 0.003184 0.002663 0.900000 0.004151
0.696667 0.065854 0.000348 0.003932 0.900000 0.003947
0.823333 0.065854 0.002152 -0.003760 0.900000 0.004332
0.950000 0.065854 0.009547 -0.002136 0.900000 0.009783
1.076667 0.065854 0.011271 -0.001709 0.900000 0.011399
1.203333 0.065854 0.017502 -0.001994 0.900000 0.017615
1.330000 0.065854 0.018635 -0.002503 0.900000 0.018802
1.456667 0.065854 0.011605 -0.002359 0.900000 0.011843
1.583333 0.065854 0.017691 -0.002818 0.900000 0.017914
1.710000 0.065854 0.023536 -0.000372 0.900000 0.023539
1.836667 0.065854 0.025539 -0.001594 0.900000 0.025589
1.963333 0.065854 0.030225 -0.000792 0.900000 0.030236
2.090000 0.065854 0.031112 0.000008 0.900000 0.031112
2.216667 0.065854 0.030471 -0.000290 0.900000 0.030472
2.343333 0.065854 0.027058 -0.002771 0.900000 0.027199
2.470000 0.065854 0.026130 -0.000653 0.900000 0.026139
2.596667 0.065854 0.028997 -0.000810 0.900000 0.029009
2.723333 0.065854 0.030722 -0.000619 0.900000 0.030728
2.850000 0.065854 0.029438 0.001444 0.900000 0.029473
2.976667 0.065854 0.024642 -0.000639 0.900000 0.024650
3.103333 0.065854 0.021739 0.002325 0.900000 0.021863
3.230000 0.065854 0.023058 -0.003569 0.900000 0.023333
3.356667 0.065854 0.025013 -0.001353 0.900000 0.025049
3.483333 0.065854 0.020393 0.004145 0.900000 0.020810
3.610000 0.065854 0.008309 0.006786 0.900000 0.010728
3.736667 0.065854 0.000000 0.000000 0.000000 0.000000
0.063333 0.080488 0.000000 0.000000 0.000000 0.000000
0.190000 0.080488 0.000265 -0.001851 0.900000 0.001870
0.316667 0.080488 0.000766 -0.000794 0.900000 0.001103
0.443333 0.080488 0.001648 -0.002178 0.900000 0.002731
0.570000 0.080488 0.002412 0.002815 0.900000 0.003707
0.696667 0.080488 0.002069 0.005084 0.900000 0.005489
0.823333 0.080488 0.004009 -0.004642 0.900000 0.006133
0.950000 0.080488 0.009486 -0.002587 0.900000 0.009832
1.076667 0.080488 0.011683 -0.001452 0.900000 0.011772
1.203333 0.080488 0.019226 -0.002744 0.900000 0.019421
1.330000 0.080488 0.019410 -0.002526 0.900000 0.019574
1.456667 0.080488 0.012597 -0.003737 0.900000 0.013139
1.583333 0.080488 0.019207 -0.002807 0.900000 0.019411
1.710000 0.080488 0.024002 -0.000870 0.900000 0.024017
1.836667 0.080488 0.025189 -0.002281 0.900000 0.025292
1.963333 0.080488 0.028883 -0.000875 0.900000 0.028897
2.090000 0.080488 0.029827 0.000109 0.900000 0.029827
2.216667 0.080488 0.029059 -0.000275 0.900000 0.029060
2.343333 0.080488 0.025802 -0.003322 0.900000 0.026015
2.470000 0.080488 0.026030 -0.000979 0.900000 0.026049
2.596667 0.080488 0.028569 -0.001195 0.900000 0.028594
2.723333 0.080488 0.028756 -0.000491 0.900000 0.028760
2.850000 0.080488 0.028343 0.001671 0.900000 0.028392
2.976667 0.080488 0.025266 -0.001072 0.900000 0.025288
3.103333 0.080488 0.022721 0.002539 0.900000 0.022863
3.230000 0.080488 0.023432 -0.003847 0.900000 0.023746
3.356667 0.080488 0.024008 -0.001208 0.900000 0.024038
3.483333 0.080488 0.019267 0.004960 0.900000 0.019896
3.610000 0.080488 0.008039 0.008527 0.900000 0.011719
3.736667 0.080488 0.000000 0.000000 0.000000 0.000000
0.063333 0.095122 0.000000 0.000000 0.000000 0.000000
0.190000 0.095122 -0.000180 -0.001972 0.900000 0.001980
0.316667 0.095122 -0.000251 -0.000927 0.900000 0.000961
0.443333 0.095122 0.000343 -0.002313 0.900000 0.002339
0.570000 0.095122 0.001583 0.002855 0.900000 0.003265
0.696667 0.095122 0.003243 0.005835 0.900000 0.006676
0.823333 0.095122 0.005345 -0.005139 0.900000 0.007415
0.950000 0.095122 0.010572 -0.003046 0.900000 0.011003
1.076667 0.095122 0.013330 -0.001145 0.900000 0.013379
1.203333 0.095122 0.019367 -0.003376 0.900000 0.019659
1.330000 0.095122 0.019774 -0.002466 0.900000 0.019927
1.456667 0.095122 0.013457 -0.004083 0.900000 0.014062
1.583333 0.095122 0.019415 -0.002671 0.900000 0.019598
1.710000 0.095122 0.024459 -0.001589 0.900000 0.024510
1.836667 0.095122 0.024848 -0.002784 0.900000 0.025004
1.963333 0.095122 0.027579 -0.000949 0.900000 0.027595
2.090000 0.095122 0.028611 0.000145 0.900000 0.028611
2.216667 0.095122 0.027738 -0.000271 0.900000 0.027740
2.343333 0.095122 0.024683 -0.002927 0.900000 0.024856
2.470000 0.095122 0.026181 -0.001445 0.900000 0.026221
2.596667 0.095122 0.028283 -0.001327 0.900000 0.028314
2.723333 0.095122 0.026789 -0.000243 0.900000 0.026790
2.850000 0.095122 0.027362 0.001551 0.900000 0.027406
2.976667 0.095122 0.025015 -0.001435 0.900000 0.025056
3.103333 0.095122 0.022665 0.002594 0.900000 0.022813
3.230000 0.095122 0.024160 -0.003985 0.900000 0.024487
3.356667 0.095122 0.023491 -0.000821 0.900000 0.023505
3.483333 0.095122 0.018280 0.005636 0.900000 0.019129
3.610000 0.095122 0.007866 0.010210 0.900000 0.012888
3.736667 0.095122 0.000000 0.000000 0.000000 0.000000
0.063333 0.109756 0.000000 0.000000 0.000000 0.000000
0.190000 0.109756 -0.000643 -0.001993 0.900000 0.002094
0.316667 0.109756 -0.001288 -0.001034 0.900000 0.001652
0.443333 0.109756 -0.000861 -0.002392 0.900000 0.002543
0.570000 0.109756 0.000796 0.002813 0.900000 0.002923
0.696667 0.109756 0.004129 0.006252 0.900000 0.007492
0.823333 0.109756 0.006540 -0.005329 0.900000 0.008436
0.950000 0.109756 0.011742 -0.003655 0.900000 0.012297
1.076667 0.109756 0.014382 -0.000555 0.900000 0.014393
1.203333 0.109756 0.018762 -0.003766 0.900000 0.019137
1.330000 0.109756 0.020011 -0.002637 0.900000 0.020184
1.456667 0.109756 0.015450 -0.003840 0.900000 0.015920
1.583333 0.109756 0.020730 -0.002441 0.900000 0.020873
1.710000 0.109756 0.024896 -0.002155 0.900000 0.024989
1.836667 0.109756 0.025083 -0.003130 0.900000 0.025278
1.963333 0.109756 0.027572 -0.001038 0.900000 0.027591
2.090000 0.109756 0.028694 0.000137 0.900000 0.028694
2.216667 0.109756 0.027787 -0.000272 0.900000 0.027789
2.343333 0.109756 0.025014 -0.002169 0.900000 0.025108
2.470000 0.109756 0.026761 -0.001966 0.900000 0.026833
2.596667 0.109756 0.028316 -0.001269 0.900000 0.028344
2.723333 0.109756 0.026698 0.000019 0.900000 0.026698
2.850000 0.109756 0.027588 0.001268 0.900000 0.027617
2.976667 0.109756 0.024580 -0.001602 0.900000 0.024632
3.103333 0.109756 0.022520 0.002401 0.900000 0.022648
3.230000 0.109756 0.024323 -0.003977 0.900000 0.024646
3.356667 0.109756 0.022989 -0.000354 0.900000 0.022992
3.483333 0.109756 0.017829 0.006236 0.900000 0.018888
3.610000 0.109756 0.007651 0.011827 0.900000 0.014086
3.736667 0.109756 0.000000 0.000000 0.000000 0.000000
0.063333 0.124390 0.000000 0.000000 0.000000 0.000000
0.190000 0.124390 -0.001116 -0.001914 0.900000 0.002216
0.316667 0.124390 -0.002283 -0.001123 0.900000 0.002545
0.443333 0.124390 -0.001883 -0.002441 0.900000 0.003083
0.570000 0.124390 0.000063 0.002718 0.900000 0.002719
0.696667 0.124390 0.004899 0.006358 0.900000 0.008026
0.823333 0.124390 0.007952 -0.005291 0.900000 0.009551
0.950000 0.124390 0.012077 -0.004253 0.900000 0.012804
1.076667 0.124390 0.014602 0.000222 0.900000 0.014603
1.203333 0.124390 0.018526 -0.003952 0.900000 0.018943
1.330000 0.124390 0.019311 -0.002910 0.900000 0.019528
1.456667 0.124390 0.016358 -0.003783 0.900000 0.016789
1.583333 0.124390 0.021943 -0.002000 0.900000 0.022034
1.710000 0.124390 0.025212 -0.002298 0.900000 0.025316
1.836667 0.124390 0.025271 -0.003368 0.900000 0.025495
1.963333 0.124390 0.027577 -0.001162 0.900000 0.027601
2.090000 0.124390 0.028980 0.000076 0.900000 0.028980
2.216667 0.124390 0.028025 -0.000248 0.900000 0.028026
2.343333 0.124390 0.025288 -0.001584 0.900000 0.025338
2.470000 0.124390 0.027161 -0.002443 0.900000 0.027270
2.596667 0.124390 0.028231 -0.001128 0.900000 0.028254
2.723333 0.124390 0.026609 0.000207 0.900000 0.026610
2.850000 0.124390 0.027671 0.000998 0.900000 0.027689
2.976667 0.124390 0.024767 -0.001654 0.900000 0.024822
3.103333 0.124390 0.023209 0.002063 0.900000 0.023301
3.230000 0.124390 0.024169 -0.003709 0.899997 0.024452
3.356667 0.124390 0.022044 -0.000067 0.900000 0.022044
3.483333 0.124390 0.017390 0.006814 0.900000 0.018677
3.610000 0.124390 0.007490 0.013383 0.900000 0.015337
3.736667 0.124390 0.000000 0.000000 0.000000 0.000000
0.063333 0.139024 0.000000 0.000000 0.000000 0.000000
0.190000 0.139024 -0.001454 -0.001753 0.900000 0.002277
0.316667 0.139024 -0.002867 -0.001218 0.900000 0.003115
0.443333 0.139024 -0.002250 -0.002485 0.900000 0.003352
0.570000 0.139024 0.000456 0.002539 0.900000 0.002580
0.696667 0.139024 0.006489 0.006217 0.900000 0.008987
0.823333 0.139024 0.010231 -0.005157 0.900000 0.011457
0.950000 0.139024 0.013285 -0.004603 0.900000 0.014060
1.076667 0.139024 0.014861 0.000507 0.900000 0.014869
1.203333 0.139024 0.018550 -0.003969 0.900000 0.018969
1.330000 0.139024 0.018786 -0.003113 0.900000 0.019042
1.456667 0.139024 0.016158 -0.003897 0.900000 0.016621
1.583333 0.139024 0.022114 -0.001677 0.900000 0.022178
1.710000 0.139024 0.025453 -0.002284 0.900000 0.025556
1.836667 0.139024 0.025487 -0.003558 0.900000 0.025734
1.963333 0.139024 0.027600 -0.001318 0.900000 0.027632
2.090000 0.139024 0.029267 -0.000068 0.900000 0.029267
2.216667 0.139024 0.028147 -0.000151 0.900000 0.028148
2.343333 0.139024 0.025384 -0.001160 0.900000 0.025410
2.470000 0.139024 0.026281 -0.002733 0.900000 0.026423
2.596667 0.139024 0.026868 -0.001055 0.900000 0.026889
2.723333 0.139024 0.026450 0.000323 0.900000 0.026452
2.850000 0.139024 0.027084 0.000816 0.900000 0.027097
2.976667 0.139024 0.024387 -0.001692 0.899999 0.024446
3.103333 0.139024 0.024029 0.001680 0.899994 0.024088
3.230000 0.139024 0.024087 -0.003135 0.899942 0.024290
3.356667 0.139024 0.021043 0.000170 0.899990 0.021044
3.483333 0.139024 0.016810 0.007361 0.900000 0.018351
3.610000 0.139024 0.007250 0.014893 0.900000 0.016564
3.736667 0.139024 0.000000 0.000000 0.000000 0.000000
0.063333 0.153659 0.000000 0.000000 0.000000 0.000000
0.190000 0.153659 -0.001764 -0.001528 0.900000 0.002334
0.316667 0.153659 -0.003388 -0.001334 0.900000 0.003642
0.443333 0.153659 -0.002531 -0.002543 0.900000 0.003588
0.570000 0.153659 0.001042 0.002213 0.900000 0.002446
0.696667 0.153659 0.008052 0.005930 0.900000 0.009999
0.823333 0.153659 0.012178 -0.005035 0.900000 0.013178
0.950000 0.153659 0.014372 -0.004657 0.900000 0.015108
1.076667 0.153659 0.014796 -0.000089 0.900000 0.014796
1.203333 0.153659 0.019288 -0.004034 0.900000 0.019706
1.330000 0.153659 0.019422 -0.003092 0.900000 0.019667
1.456667 0.153659 0.016110 -0.004077 0.900000 0.016618
1.583333 0.153659 0.022349 -0.001774 0.900000 0.022419
1.710000 0.153659 0.025749 -0.002318 0.900000 0.025853
1.836667 0.153659 0.025706 -0.003731 0.900000 0.025975
1.963333 0.153659 0.027463 -0.001493 0.900000 0.027504
2.090000 0.153659 0.029171 -0.000280 0.900000 0.029172
2.216667 0.153659 0.027920 0.000016 0.900000 0.027920
2.343333 0.153659 0.025298 -0.000886 0.900000 0.025313
2.470000 0.153659 0.025261 -0.002715 0.899997 0.025406
2.596667 0.153659 0.025435 -0.001184 0.899997 0.025463
2.723333 0.153659 0.026145 0.000376 0.900000 0.026148
2.850000 0.153659 0.026518 0.000765 0.900000 0.026529
2.976667 0.153659 0.024070 -0.001713 0.899947 0.024131
3.103333 0.153659 0.024907 0.001184 0.899835 0.024935
3.230000 0.153659 0.023877 -0.002213 0.899027 0.023979
3.356667 0.153659 0.020185 0.000482 0.899755 0.020191
3.483333 0.153659 0.018084 0.007745 0.899968 0.019673
3.610000 0.153659 0.008478 0.016501 0.899998 0.018551
3.736667 0.153659 0.000000 0.000000 0.000000 0.000000
0.063333 0.168293 0.000000 0.000000 0.000000 0.000000
0.190000 0.168293 -0.002200 -0.001222 0.900000 0.002517
0.316667 0.168293 -0.004274 -0.001461 0.900000 0.004517
0.443333 0.168293 -0.003354 -0.002611 0.900000 0.004250
0.570000 0.168293 0.000598 0.001776 0.900000 0.001874
0.696667 0.168293 0.008588 0.005491 0.900000 0.010193
0.823333 0.168293 0.013001 -0.004872 0.900000 0.013884
0.950000 0.168293 0.014600 -0.004563 0.900000 0.015297
1.076667 0.168293 0.014856 -0.000946 0.900000 0.014886
1.203333 0.168293 0.020018 -0.004269 0.900000 0.020468
1.330000 0.168293 0.020016 -0.002773 0.900000 0.020207
1.456667 0.168293 0.016224 -0.004345 0.899999 0.016795
1.583333 0.168293 0.022592 -0.002041 0.900000 0.022684
1.710000 0.168293 0.026060 -0.002401 0.900000 0.026170
1.836667 0.168293 0.025369 -0.003800 0.899998 0.025652
1.963333 0.168293 0.026125 -0.001678 0.899999 0.026179
2.090000 0.168293 0.027073 -0.000446 0.900000 0.027077
2.216667 0.168293 0.025718 0.000140 0.900000 0.025718
2.343333 0.168293 0.024218 -0.000757 0.900000 0.024230
2.470000 0.168293 0.025135 -0.002612 0.899894 0.025270
2.596667 0.168293 0.024752 -0.001289 0.899866 0.024785
2.723333 0.168293 0.024651 0.000380 0.899995 0.024654
2.850000 0.168293 0.025910 0.000690 0.900000 0.025919
2.976667 0.168293 0.024074 -0.001699 0.898487 0.024133
3.103333 0.168293 0.024809 0.000596 0.896417 0.024816
3.230000 0.168293 0.023447 -0.001093 0.885395 0.023472
3.356667 0.168293 0.013739 0.001548 0.895087 0.013826
3.483333 0.168293 0.005292 0.008097 0.844971 0.009673
3.610000 0.168293 0.001719 0.017488 0.812120 0.017572
3.736667 0.168293 0.000000 0.000000 0.000000 0.000000
0.063333 0.182927 0.000000 0.000000 0.000000 0.000000
0.190000 0.182927 -0.002656 -0.000817 0.900000 0.002779
0.316667 0.182927 -0.005197 -0.001591 0.900000 0.005435
0.443333 0.182927 -0.004242 -0.002682 0.899998 0.005018
0.570000 0.182927 -0.000077 0.001287 0.900000 0.001290
0.696667 0.182927 0.008818 0.004856 0.900000 0.010066
0.823333 0.182927 0.013611 -0.004613 0.899997 0.014371
0.950000 0.182927 0.014686 -0.004435 0.899998 0.015341
1.076667 0.182927 0.014983 -0.001625 0.900000 0.015071
1.203333 0.182927 0.019731 -0.004493 0.899997 0.020237
1.330000 0.182927 0.021593 -0.002570 0.899995 0.021745
1.456667 0.182927 0.018507 -0.004475 0.899978 0.019040
1.583333 0.182927 0.022878 -0.002255 0.899994 0.022989
1.710000 0.182927 0.026239 -0.002519 0.899990 0.026360
1.836667 0.182927 0.024893 -0.003701 0.899943 0.025166
1.963333 0.182927 0.024805 -0.001878 0.899943 0.024876
2.090000 0.182927 0.025094 -0.000482 0.899996 0.025098
2.216667 0.182927 0.023680 0.000126 0.899997 0.023680
2.343333 0.182927 0.023155 -0.000762 0.899987 0.023168
2.470000 0.182927 0.024424 -0.002573 0.897543 0.024559
2.596667 0.182927 0.023604 -0.001213 0.895399 0.023635
2.723333 0.182927 0.023427 0.000327 0.899712 0.023429
2.850000 0.182927 0.023166 0.000747 0.899802 0.023178
2.976667 0.182927 0.012984 -0.000691 0.875331 0.013002
3.103333 0.182927 0.005587 0.000257 0.802394 0.005593
3.230000 0.182927 0.002882 0.000027 0.711201 0.002882
3.356667 0.182927 -0.006055 0.003414 0.636165 0.006951
3.483333 0.182927 -0.012428 0.008456 0.653700 0.015032
3.610000 0.182927 -0.006379 0.016845 0.691607 0.018012
3.736667 0.182927 0.000000 0.000000 0.000000 0.000000
0.063333 0.197561 0.000000 0.000000 0.000000 0.000000
0.190000 0.197561 -0.003172 -0.000302 0.900000 0.003186
0.316667 0.197561 -0.006170 -0.001733 0.899976 0.006408
0.443333 0.197561 -0.005103 -0.002755 0.899949 0.005800
0.570000 0.197561 -0.000819 0.000768 0.900000 0.001123
0.696667 0.197561 0.008977 0.004004 0.900000 0.009830
0.823333 0.197561 0.014279 -0.004274 0.899932 0.014905
0.950000 0.197561 0.014702 -0.004257 0.899948 0.015306
1.076667 0.197561 0.015108 -0.002225 0.899982 0.015271
1.203333 0.197561 0.019577 -0.004560 0.899923 0.020101
1.330000 0.197561 0.023162 -0.002840 0.899879 0.023335
1.456667 0.197561 0.020659 -0.004209 0.899538 0.021084
1.583333 0.197561 0.023096 -0.002433 0.899753 0.023223
1.710000 0.197561 0.025984 -0.002606 0.899557 0.026114
1.836667 0.197561 0.024236 -0.003524 0.898752 0.024491
1.963333 0.197561 0.024286 -0.002128 0.897817 0.024379
2.090000 0.197561 0.024876 -0.000480 0.899341 0.024881
2.216667 0.197561 0.023585 0.000036 0.899505 0.023585
2.343333 0.197561 0.020485 -0.000513 0.898749 0.020491
2.470000 0.197561 0.013919 -0.001772 0.865985 0.014032
2.596667 0.197561 0.006864 -0.001042 0.800500 0.006943
2.723333 0.197561 0.004483 0.000332 0.737826 0.004495
2.850000 0.197561 0.001846 0.001120 0.661115 0.002159
2.976667 0.197561 -0.009448 0.001279 0.602248 0.009535
3.103333 0.197561 -0.016101 0.000059 0.605082 0.016101
3.230000 0.197561 -0.015640 0.000854 0.600384 0.015663
3.356667 0.197561 -0.015213 0.004426 0.602922 0.015844
3.483333 0.197561 -0.013024 0.008508 0.606929 0.015557
3.610000 0.197561 -0.005864 0.015394 0.624762 0.016474
3.736667 0.197561 0.000000 0.000000 0.000000 0.000000
0.063333 0.212195 0.000000 0.000000 0.000000 0.000000
0.190000 0.212195 -0.003726 0.000334 0.899987 0.003741
0.316667 0.212195 -0.007107 -0.001910 0.899227 0.007359
0.443333 0.212195 -0.005793 -0.002838 0.898863 0.006451
0.570000 0.212195 -0.001539 0.000245 0.899997 0.001559
0.696667 0.212195 0.009175 0.002899 0.899999 0.009622
0.823333 0.212195 0.015204 -0.003869 0.898762 0.015689
0.950000 0.212195 0.014864 -0.003982 0.898839 0.015388
1.076667 0.212195 0.015289 -0.002797 0.899306 0.015543
1.203333 0.212195 0.019417 -0.004436 0.898360 0.019917
1.330000 0.212195 0.022275 -0.003300 0.897397 0.022518
1.456667 0.212195 0.020101 -0.003771 0.892034 0.020451
1.583333 0.212195 0.022627 -0.002557 0.892512 0.022771
1.710000 0.212195 0.024922 -0.002583 0.887167 0.025056
1.836667 0.212195 0.020112 -0.002893 0.879149 0.020319
1.963333 0.212195 0.013655 -0.001810 0.857694 0.013775
2.090000 0.212195 0.009500 -0.000394 0.797844 0.009509
2.216667 0.212195 0.006280 0.000043 0.728223 0.006280
2.343333 0.212195 0.000768 0.000136 0.653383 0.000780
2.470000 0.212195 -0.006210 -0.000316 0.600684 0.006218
2.596667 0.212195 -0.011640 -0.000897 0.600261 0.011675
2.723333 0.212195 -0.013051 0.000487 0.604859 0.013061
2.850000 0.212195 -0.012239 0.001196 0.602538 0.012298
2.976667 0.212195 -0.014776 0.002411 0.600071 0.014972
3.103333 0.212195 -0.016433 -0.000162 0.600032 0.016434
3.230000 0.212195 -0.015853 0.001321 0.600004 0.015908
3.356667 0.212195 -0.014494 0.004485 0.600148 0.015172
3.483333 0.212195 -0.011859 0.008334 0.600628 0.014494
3.610000 0.212195 -0.005178 0.014100 0.604521 0.015020
3.736667 0.212195 0.000000 0.000000 0.000000 0.000000
0.063333 0.226829 0.000000 0.000000 0.000000 0.000000
0.190000 0.226829 -0.004438 0.001116 0.898838 0.004576
0.316667 0.226829 -0.007844 -0.002187 0.885030 0.008143
0.443333 0.226829 -0.005177 -0.003000 0.883386 0.005984
0.570000 0.226829 -0.000658 -0.000230 0.899431 0.000697
0.696667 0.226829 0.009680 0.001609 0.899946 0.009813
0.823333 0.226829 0.015575 -0.003420 0.882434 0.015947
0.950000 0.226829 0.015512 -0.003584 0.880668 0.015920
1.076667 0.226829 0.015655 -0.003154 0.884365 0.015969
1.203333 0.226829 0.016267 -0.003687 0.875563 0.016680
1.330000 0.226829 0.013357 -0.003216 0.852897 0.013739
1.456667 0.226829 0.007951 -0.003346 0.802650 0.008627
1.583333 0.226829 0.008853 -0.002405 0.755416 0.009174
1.710000 0.226829 0.009202 -0.002407 0.694815 0.009512
1.836667 0.226829 0.003553 -0.001751 0.633995 0.003961
1.963333 0.226829 -0.003286 -0.000867 0.601795 0.003398
2.090000 0.226829 -0.007197 -0.000242 0.603453 0.007202
2.216667 0.226829 -0.009616 0.000170 0.602182 0.009618
2.343333 0.226829 -0.011954 0.000595 0.600938 0.011968
2.470000 0.226829 -0.011388 0.000256 0.600004 0.011391
2.596667 0.226829 -0.011341 -0.000880 0.600004 0.011375
2.723333 0.226829 -0.012661 0.000818 0.600144 0.012688
2.850000 0.226829 -0.012818 0.000945 0.600061 0.012852
2.976667 0.226829 -0.015232 0.002644 0.600002 0.015460
3.103333 0.226829 -0.016450 -0.000303 0.600000 0.016453
3.230000 0.226829 -0.015725 0.001672 0.600000 0.015814
3.356667 0.226829 -0.014073 0.004493 0.600006 0.014773
3.483333 0.226829 -0.011017 0.008095 0.600044 0.013671
3.610000 0.226829 -0.004587 0.012952 0.600591 0.013740
3.736667 0.226829 0.000000 0.000000 0.000000 0.000000
0.063333 0.241463 0.000000 0.000000 0.000000 0.000000
0.190000 0.241463 -0.002147 0.001763 0.746070 0.002778
0.316667 0.241463 -0.004516 -0.002329 0.762055 0.005081
0.443333 0.241463 -0.003781 -0.003085 0.772951 0.004879
0.570000 0.241463 -0.001058 -0.000505 0.792314 0.001173
0.696667 0.241463 0.005380 0.000582 0.790550 0.005411
0.823333 0.241463 0.007797 -0.002859 0.739724 0.008305
0.950000 0.241463 0.007444 -0.003109 0.702384 0.008067
1.076667 0.241463 0.005747 -0.003103 0.670604 0.006532
1.203333 0.241463 0.004935 -0.002532 0.624800 0.005546
1.330000 0.241463 0.001050 -0.002368 0.603083 0.002591
1.456667 0.241463 -0.005558 -0.002845 0.601242 0.006244
1.583333 0.241463 -0.004527 -0.001832 0.601662 0.004884
1.710000 0.241463 -0.004848 -0.002098 0.600489 0.005282
1.836667 0.241463 -0.006283 -0.001184 0.600141 0.006393
1.963333 0.241463 -0.005745 -0.000367 0.600018 0.005757
2.090000 0.241463 -0.006795 -0.000121 0.600061 0.006796
2.216667 0.241463 -0.009434 0.000342 0.600027 0.009440
2.343333 0.241463 -0.011856 0.000764 0.600020 0.011881
2.470000 0.241463 -0.011732 0.000129 0.600000 0.011732
2.596667 0.241463 -0.011421 -0.001016 0.600000 0.011466
2.723333 0.241463 -0.012233 0.001316 0.600004 0.012304
2.850000 0.241463 -0.012995 0.000900 0.600001 0.013026
2.976667 0.241463 -0.015484 0.002766 0.600000 0.015729
3.103333 0.241463 -0.016113 -0.000505 0.600000 0.016121
3.230000 0.241463 -0.015257 0.001935 0.600000 0.015379
3.356667 0.241463 -0.013717 0.004477 0.600000 0.014429
3.483333 0.241463 -0.010269 0.007779 0.600003 0.012883
3.610000 0.241463 -0.004041 0.011936 0.600058 0.012601
3.736667 0.241463 0.000000 0.000000 0.000000 0.000000
0.063333 0.256098 0.000000 0.000000 0.000000 0.000000
0.190000 0.256098 -0.000128 0.001951 0.612107 0.001955
0.316667 0.256098 -0.002122 -0.002102 0.600013 0.002987
0.443333 0.256098 -0.004079 -0.002917 0.600035 0.005014
0.570000 0.256098 -0.002961 -0.000539 0.602589 0.003009
0.696667 0.256098 -0.000067 0.000304 0.612373 0.000311
0.823333 0.256098 -0.000425 -0.002156 0.600105 0.002198
0.950000 0.256098 -0.000425 -0.002558 0.600092 0.002593
1.076667 0.256098 -0.002449 -0.002717 0.600391 0.003658
1.203333 0.256098 -0.000589 -0.001917 0.600116 0.002005
1.330000 0.256098 -0.000436 -0.001501 0.600015 0.001563
1.456667 0.256098 -0.005750 -0.002310 0.600009 0.006197
1.583333 0.256098 -0.004499 -0.001019 0.600022 0.004613
1.710000 0.256098 -0.005732 -0.001665 0.600002 0.005969
1.836667 0.256098 -0.007152 -0.001329 0.600000 0.007275
1.963333 0.256098 -0.006238 -0.000284 0.600000 0.006244
2.090000 0.256098 -0.008097 0.000053 0.600001 0.008097
2.216667 0.256098 -0.010755 0.000507 0.600000 0.010767
2.343333 0.256098 -0.012737 0.000930 0.600000 0.012771
2.470000 0.256098 -0.012255 0.000042 0.600000 0.012255
2.596667 0.256098 -0.011827 -0.001232 0.600000 0.011891
2.723333 0.256098 -0.012987 0.001694 0.600000 0.013097
2.850000 0.256098 -0.013103 0.001002 0.600000 0.013142
2.976667 0.256098 -0.015203 0.002905 0.600000 0.015478
3.103333 0.256098 -0.015730 -0.000846 0.600000 0.015752
3.230000 0.256098 -0.014697 0.002154 0.600000 0.014854
3.356667 0.256098 -0.013419 0.004455 0.600000 0.014139
3.483333 0.256098 -0.009919 0.007432 0.600000 0.012394
3.610000 0.256098 -0.003866 0.011006 0.600004 0.011665
3.736667 0.256098 0.000000 0.000000 0.000000 0.000000
0.063333 0.270732 0.000000 0.000000 0.000000 0.000000
0.190000 0.270732 -0.000772 0.001968 0.600512 0.002114
0.316667 0.270732 -0.002984 -0.001757 0.600000 0.003463
0.443333 0.270732 -0.004236 -0.002670 0.600000 0.005007
0.570000 0.270732 -0.002749 -0.000486 0.600021 0.002792
0.696667 0.270732 -0.000765 0.000645 0.600422 0.001001
0.823333 0.270732 -0.001509 -0.001469 0.600001 0.002106
0.950000 0.270732 -0.000767 -0.001956 0.600000 0.002101
1.076667 0.270732 -0.002151 -0.002253 0.600002 0.003114
1.203333 0.270732 -0.000486 -0.001638 0.600000 0.001709
1.330000 0.270732 -0.000480 -0.000911 0.600000 0.001030
1.456667 0.270732 -0.005522 -0.001744 0.600000 0.005791
1.583333 0.270732 -0.004649 -0.000139 0.600001 0.004651
1.710000 0.270732 -0.005657 -0.001216 0.600000 0.005786
1.836667 0.270732 -0.007056 -0.001519 0.600000 0.007217
1.963333 0.270732 -0.006748 -0.000115 0.600000 0.006749
2.090000 0.270732 -0.009363 0.000317 0.600000 0.009368
2.216667 0.270732 -0.012077 0.000604 0.600000 0.012092
2.343333 0.270732 -0.013588 0.001091 0.600000 0.013632
2.470000 0.270732 -0.012629 -0.000117 0.600000 0.012629
2.596667 0.270732 -0.012132 -0.001432 0.600000 0.012216
2.723333 0.270732 -0.013764 0.001732 0.600000 0.013873
2.850000 0.270732 -0.013143 0.001024 0.600000 0.013183
2.976667 0.270732 -0.012313 0.002895 0.600000 0.012649
3.103333 0.270732 -0.013153 -0.001008 0.600000 0.013191
3.230000 0.270732 -0.014476 0.002364 0.600000 0.014668
3.356667 0.270732 -0.013124 0.004439 0.600000 0.013854
3.483333 0.270732 -0.009396 0.007081 0.600000 0.011766
3.610000 0.270732 -0.003527 0.010142 0.600000 0.010738
3.736667 0.270732 0.000000 0.000000 0.000000 0.000000
0.063333 0.285366 0.000000 0.000000 0.000000 0.000000
0.190000 0.285366 -0.001051 0.002079 0.600015 0.002330
0.316667 0.285366 -0.003451 -0.001466 0.600000 0.003749
0.443333 0.285366 -0.004508 -0.002461 0.600000 0.005136
0.570000 0.285366 -0.003084 -0.000411 0.600000 0.003112
0.696667 0.285366 -0.001366 0.001180 0.600012 0.001805
0.823333 0.285366 -0.002195 -0.000843 0.600000 0.002351
0.950000 0.285366 -0.000267 -0.001500 0.600000 0.001524
1.076667 0.285366 -0.001016 -0.001804 0.600000 0.002070
1.203333 0.285366 -0.000708 -0.001170 0.600000 0.001367
1.330000 0.285366 -0.000670 -0.000444 0.600000 0.000804
1.456667 0.285366 -0.005198 -0.001090 0.600000 0.005311
1.583333 0.285366 -0.004876 0.000600 0.600000 0.004913
1.710000 0.285366 -0.005694 -0.000890 0.600000 0.005763
1.836667 0.285366 -0.006760 -0.001670 0.600000 0.006963
1.963333 0.285366 -0.006454 0.000076 0.600000 0.006454
2.090000 0.285366 -0.008914 0.000612 0.600000 0.008935
2.216667 0.285366 -0.011608 0.000694 0.600000 0.011629
2.343333 0.285366 -0.013196 0.001249 0.600000 0.013255
2.470000 0.285366 -0.012036 -0.000338 0.600000 0.012040
2.596667 0.285366 -0.011466 -0.001613 0.600000 0.011579
2.723333 0.285366 -0.013426 0.001635 0.600000 0.013526
2.850000 0.285366 -0.012753 0.000932 0.600000 0.012787
2.976667 0.285366 -0.009658 0.002464 0.600000 0.009967
3.103333 0.285366 -0.010853 -0.000646 0.600000 0.010873
3.230000 0.285366 -0.014395 0.002539 0.600000 0.014618
3.356667 0.285366 -0.012835 0.004435 0.600000 0.013579
3.483333 0.285366 -0.008866 0.006700 0.600000 0.011113
3.610000 0.285366 -0.003166 0.009341 0.600000 0.009863
3.736667 0.285366 0.000000 0.000000 0.000000 0.000000
0.063333 0.300000 0.000000 0.000000 0.000000 0.000000
0.190000 0.300000 -0.001268 0.002238 0.600000 0.002573
0.316667 0.300000 -0.003758 -0.001200 0.600000 0.003945
0.443333 0.300000 -0.004597 -0.002279 0.600000 0.005130
0.570000 0.300000 -0.003385 -0.000294 0.600000 0.003398
0.696667 0.300000 -0.001899 0.001714 0.600000 0.002558
0.823333 0.300000 -0.002629 -0.000221 0.600000 0.002638
0.950000 0.300000 0.000404 -0.001308 0.600000 0.001369
1.076667 0.300000 -0.000313 -0.001211 0.600000 0.001250
1.203333 0.300000 -0.001389 -0.000564 0.600000 0.001499
1.330000 0.300000 -0.001418 -0.000066 0.600000 0.001419
1.456667 0.300000 -0.005451 -0.000417 0.600000 0.005467
1.583333 0.300000 -0.005487 0.001069 0.600000 0.005590
1.710000 0.300000 -0.006149 -0.000717 0.600000 0.006191
1.836667 0.300000 -0.006492 -0.001796 0.600000 0.006735
1.963333 0.300000 -0.006102 0.000228 0.600000 0.006106
2.090000 0.300000 -0.008271 0.000872 0.600000 0.008317
2.216667 0.300000 -0.010991 0.000849 0.600000 0.011023
2.343333 0.300000 -0.012799 0.001416 0.600000 0.012877
2.470000 0.300000 -0.011460 -0.000596 0.600000 0.011476
2.596667 0.300000 -0.010784 -0.001776 0.600000 0.010929
2.723333 0.300000 -0.013025 0.001614 0.600000 0.013125
2.850000 0.300000 -0.012475 0.000819 0.600000 0.012502
2.976667 0.300000 -0.009803 0.001908 0.600000 0.009987
3.103333 0.300000 -0.011255 -0.000071 0.600000 0.011256
3.230000 0.300000 -0.014341 0.002639 0.600000 0.014582
3.356667 0.300000 -0.012553 0.004457 0.600000 0.013321
3.483333 0.300000 -0.008587 0.006301 0.600000 0.010651
3.610000 0.300000 -0.003042 0.008543 0.600000 0.009068
3.736667 0.300000 0.000000 0.000000 0.000000 0.000000
0.063333 0.314634 0.000000 0.000000 0.000000 0.000000
0.190000 0.314634 -0.001212 0.002407 0.600000 0.002695
0.316667 0.314634 -0.003386 -0.000979 0.600000 0.003525
0.443333 0.314634 -0.003815 -0.002129 0.600000 0.004369
0.570000 0.314634 -0.002588 -0.000158 0.600000 0.002593
0.696667 0.314634 -0.001550 0.002250 0.600000 0.002733
0.823333 0.314634 -0.002241 0.000344 0.600000 0.002268
0.950000 0.314634 0.000587 -0.000948 0.600000 0.001115
1.076667 0.314634 -0.000350 -0.000534 0.600000 0.000638
1.203333 0.314634 -0.001550 0.000136 0.600000 0.001556
1.330000 0.314634 -0.002108 0.000330 0.600000 0.002134
1.456667 0.314634 -0.005886 0.000206 0.600000 0.005889
1.583333 0.314634 -0.006181 0.001536 0.600000 0.006369
1.710000 0.314634 -0.006682 -0.000571 0.600000 0.006706
1.836667 0.314634 -0.006165 -0.001897 0.600000 0.006450
1.963333 0.314634 -0.005667 0.000342 0.600000 0.005677
2.090000 0.314634 -0.007698 0.001099 0.600000 0.007776
2.216667 0.314634 -0.010580 0.001109 0.600000 0.010638
2.343333 0.314634 -0.012597 0.001593 0.600000 0.012698
2.470000 0.314634 -0.011743 -0.000800 0.600000 0.011770
2.596667 0.314634 -0.010847 -0.001800 0.600000 0.010995
2.723333 0.314634 -0.012604 0.001670 0.600000 0.012714
2.850000 0.314634 -0.012779 0.000768 0.600000 0.012802
2.976667 0.314634 -0.010363 0.001404 0.600000 0.010458
3.103333 0.314634 -0.010627 0.000304 0.600000 0.010631
3.230000 0.314634 -0.013417 0.002375 0.600000 0.013626
3.356667 0.314634 -0.012298 0.004358 0.600000 0.013047
3.483333 0.314634 -0.008352 0.005917 0.600000 0.010236
3.610000 0.314634 -0.002968 0.007737 0.600000 0.008287
3.736667 0.314634 0.000000 0.000000 0.000000 0.000000
0.063333 0.329268 0.000000 0.000000 0.000000 0.000000
0.190000 0.329268 -0.001108 0.002544 0.600000 0.002775
0.316667 0.329268 -0.002983 -0.000809 0.600000 0.003090
0.443333 0.329268 -0.003049 -0.002023 0.600000 0.003660
0.570000 0.329268 -0.001671 -0.000060 0.600000 0.001672
0.696667 0.329268 -0.001126 0.002827 0.600000 0.003043
0.823333 0.329268 -0.001944 0.000800 0.600000 0.002102
0.950000 0.329268 0.000640 -0.000029 0.600000 0.000640
1.076667 0.329268 -0.000427 0.000095 0.600000 0.000438
1.203333 0.329268 -0.000647 0.000826 0.600000 0.001049
1.330000 0.329268 -0.001834 0.000914 0.600000 0.002049
1.456667 0.329268 -0.006379 0.000759 0.600000 0.006424
1.583333 0.329268 -0.006599 0.002166 0.600000 0.006945
1.710000 0.329268 -0.006982 -0.000266 0.600000 0.006987
1.836667 0.329268 -0.005854 -0.002024 0.600000 0.006194
1.963333 0.329268 -0.005257 0.000441 0.600000 0.005276
2.090000 0.329268 -0.007357 0.001320 0.600000 0.007475
2.216667 0.329268 -0.010403 0.001480 0.600000 0.010508
2.343333 0.329268 -0.012521 0.001783 0.600000 0.012647
2.470000 0.329268 -0.012528 -0.000820 0.600000 0.012555
2.596667 0.329268 -0.011386 -0.001594 0.600000 0.011497
2.723333 0.329268 -0.012285 0.001801 0.600000 0.012417
2.850000 0.329268 -0.013124 0.000819 0.600000 0.013150
2.976667 0.329268 -0.010723 0.000804 0.600000 0.010753
3.103333 0.329268 -0.009869 0.000420 0.600000 0.009878
3.230000 0.329268 -0.012579 0.001525 0.600000 0.012671
3.356667 0.329268 -0.012110 0.003968 0.600000 0.012744
3.483333 0.329268 -0.008164 0.005555 0.600000 0.009875
3.610000 0.329268 -0.002911 0.006952 0.600000 0.007537
3.736667 0.329268 0.000000 0.000000 0.000000 0.000000
0.063333 0.343902 0.000000 0.000000 0.000000 0.000000
0.190000 0.343902 -0.001163 0.002659 0.600000 0.002903
0.316667 0.343902 -0.003083 -0.000664 0.600000 0.003153
0.443333 0.343902 -0.003113 -0.001951 0.600000 0.003674
0.570000 0.343902 -0.001839 -0.000017 0.600000 0.001840
0.696667 0.343902 -0.001581 0.003416 0.600000 0.003765
0.823333 0.343902 -0.002501 0.001171 0.600000 0.002761
0.950000 0.343902 0.000059 0.001116 0.600000 0.001117
1.076667 0.343902 -0.000906 0.000672 0.600000 0.001128
1.203333 0.343902 -0.000142 0.001359 0.600000 0.001366
1.330000 0.343902 -0.001676 0.001814 0.600000 0.002470
1.456667 0.343902 -0.006966 0.001190 0.600000 0.007067
1.583333 0.343902 -0.006836 0.002683 0.600000 0.007343
1.710000 0.343902 -0.007116 0.000086 0.600000 0.007117
1.836667 0.343902 -0.006096 -0.002153 0.600000 0.006465
1.963333 0.343902 -0.005892 0.000545 0.600000 0.005918
2.090000 0.343902 -0.008544 0.001612 0.600000 0.008694
2.216667 0.343902 -0.011712 0.001913 0.600000 0.011867
2.343333 0.343902 -0.013641 0.002024 0.600000 0.013790
2.470000 0.343902 -0.013277 -0.000785 0.600000 0.013301
2.596667 0.343902 -0.011906 -0.001263 0.600000 0.011973
2.723333 0.343902 -0.013160 0.001975 0.600000 0.013307
2.850000 0.343902 -0.013377 0.000832 0.600000 0.013403
2.976667 0.343902 -0.010526 0.000169 0.600000 0.010527
3.103333 0.343902 -0.010227 0.000449 0.600000 0.010237
3.230000 0.343902 -0.012794 0.000375 0.600000 0.012799
3.356667 0.343902 -0.011862 0.003436 0.600000 0.012350
3.483333 0.343902 -0.007934 0.005212 0.600000 0.009493
3.610000 0.343902 -0.002825 0.006204 0.600000 0.006817
3.736667 0.343902 0.000000 0.000000 0.000000 0.000000
0.063333 0.358537 0.000000 0.000000 0.000000 0.000000
0.190000 0.358537 -0.001199 0.002774 0.600000 0.003021
0.316667 0.358537 -0.003159 -0.000525 0.600000 0.003203
0.443333 0.358537 -0.003254 -0.001892 0.600000 0.003764
0.570000 0.358537 -0.002237 -0.000028 0.600000 0.002237
0.696667 0.358537 -0.002288 0.003964 0.600000 0.004577
0.823333 0.358537 -0.003235 0.001476 0.600000 0.003556
0.950000 0.358537 -0.000644 0.002180 0.600000 0.002273
1.076667 0.358537 -0.001416 0.001207 0.600000 0.001861
1.203333 0.358537 -0.000625 0.001826 0.600000 0.001930
1.330000 0.358537 -0.001852 0.002834 0.600000 0.003386
1.456667 0.358537 -0.006887 0.001529 0.600000 0.007054
1.583333 0.358537 -0.007163 0.002886 0.600000 0.007723
1.710000 0.358537 -0.007382 0.000318 0.600000 0.007389
1.836667 0.358537 -0.006393 -0.002233 0.600000 0.006771
1.963333 0.358537 -0.006483 0.000660 0.600000 0.006517
2.090000 0.358537 -0.009744 0.002050 0.600000 0.009957
2.216667 0.358537 -0.013071 0.002356 0.600000 0.013282
2.343333 0.358537 -0.014748 0.002353 0.600000 0.014934
2.470000 0.358537 -0.013445 -0.000936 0.600000 0.013477
2.596667 0.358537 -0.011932 -0.000785 0.600000 0.011958
2.723333 0.358537 -0.014095 0.002145 0.600000 0.014257
2.850000 0.358537 -0.013620 0.000721 0.600000 0.013639
2.976667 0.358537 -0.010972 -0.000346 0.600000 0.010978
3.103333 0.358537 -0.010210 0.000343 0.600000 0.010216
3.230000 0.358537 -0.012036 -0.000747 0.600000 0.012059
3.356667 0.358537 -0.011619 0.002920 0.600000 0.011980
3.483333 0.358537 -0.007689 0.004882 0.600000 0.009108
3.610000 0.358537 -0.002743 0.005492 0.600000 0.006139
3.736667 0.358537 0.000000 0.000000 0.000000 0.000000
0.063333 0.373171 0.000000 0.000000 0.000000 0.000000
0.190000 0.373171 -0.001234 0.002890 0.600000 0.003142
0.316667 0.373171 -0.003189 -0.000397 0.600000 0.003214
0.443333 0.373171 -0.003344 -0.001834 0.600000 0.003814
0.570000 0.373171 -0.002724 -0.000111 0.600000 0.002727
0.696667 0.373171 -0.003099 0.004424 0.600000 0.005402
0.823333 0.373171 -0.003936 0.001683 0.600000 0.004281
0.950000 0.373171 -0.001417 0.003187 0.600000 0.003487
1.076667 0.373171 -0.001979 0.001676 0.600000 0.002593
1.203333 0.373171 -0.001198 0.002372 0.600000 0.002657
1.330000 0.373171 -0.002024 0.003739 0.600000 0.004252
1.456667 0.373171 -0.006675 0.001905 0.600000 0.006941
1.583333 0.373171 -0.007844 0.003265 0.600000 0.008496
1.710000 0.373171 -0.007982 0.000392 0.600000 0.007992
1.836667 0.373171 -0.006270 -0.002307 0.600000 0.006681
1.963333 0.373171 -0.006073 0.000758 0.600000 0.006120
2.090000 0.373171 -0.009422 0.002627 0.600000 0.009782
2.216667 0.373171 -0.012944 0.002862 0.600000 0.013257
2.343333 0.373171 -0.014608 0.002769 0.600000 0.014868
2.470000 0.373171 -0.012795 -0.001273 0.599999 0.012858
2.596667 0.373171 -0.011283 -0.000107 0.600000 0.011284
2.723333 0.373171 -0.014016 0.002291 0.600000 0.014202
2.850000 0.373171 -0.013551 0.000592 0.600000 0.013563
2.976667 0.373171 -0.011631 -0.000693 0.600000 0.011652
3.103333 0.373171 -0.009888 -0.000163 0.600000 0.009889
3.230000 0.373171 -0.011128 -0.001670 0.600000 0.011253
3.356667 0.373171 -0.011554 0.002390 0.600000 0.011798
3.483333 0.373171 -0.007410 0.004573 0.600000 0.008708
3.610000 0.373171 -0.002674 0.004823 0.600000 0.005514
3.736667 0.373171 0.000000 0.000000 0.000000 0.000000
0.063333 0.387805 0.000000 0.000000 0.000000 0.000000
0.190000 0.387805 -0.001238 0.003005 0.600000 0.003250
0.316667 0.387805 -0.003074 -0.000295 0.600000 0.003088
0.443333 0.387805 -0.003237 -0.001769 0.599997 0.003688
0.570000 0.387805 -0.003224 -0.000285 0.599997 0.003237
0.696667 0.387805 -0.003904 0.004722 0.600000 0.006127
0.823333 0.387805 -0.004395 0.001754 0.600000 0.004732
0.950000 0.387805 -0.002126 0.004176 0.600000 0.004686
1.076667 0.387805 -0.002516 0.002016 0.600000 0.003224
1.203333 0.387805 -0.001746 0.003031 0.600000 0.003497
1.330000 0.387805 -0.003075 0.004568 0.600000 0.005506
1.456667 0.387805 -0.007269 0.002272 0.599999 0.007616
1.583333 0.387805 -0.008025 0.004197 0.600000 0.009057
1.710000 0.387805 -0.008238 0.000362 0.599997 0.008246
1.836667 0.387805 -0.006299 -0.002442 0.599998 0.006756
1.963333 0.387805 -0.005570 0.000814 0.600000 0.005629
2.090000 0.387805 -0.008928 0.003330 0.600000 0.009529
2.216667 0.387805 -0.012677 0.003506 0.600000 0.013152
2.343333 0.387805 -0.014425 0.003287 0.599999 0.014795
2.470000 0.387805 -0.012201 -0.001723 0.599977 0.012322
2.596667 0.387805 -0.010697 0.000748 0.600000 0.010723
2.723333 0.387805 -0.013959 0.002407 0.600000 0.014165
2.850000 0.387805 -0.013536 0.000536 0.599999 0.013547
2.976667 0.387805 -0.011836 -0.000949 0.599990 0.011874
3.103333 0.387805 -0.010179 -0.000974 0.599998 0.010226
3.230000 0.387805 -0.011337 -0.002514 0.599995 0.011612
3.356667 0.387805 -0.011516 0.001822 0.600000 0.011659
3.483333 0.387805 -0.007168 0.004296 0.600000 0.008357
3.610000 0.387805 -0.002616 0.004204 0.600000 0.004951
3.736667 0.387805 0.000000 0.000000 0.000000 0.000000
0.063333 0.402439 0.000000 0.000000 0.000000 0.000000
0.190000 0.402439 -0.001017 0.003088 0.600000 0.003251
0.316667 0.402439 -0.002393 -0.000243 0.600000 0.002405
0.443333 0.402439 -0.002523 -0.001680 0.599906 0.003031
0.570000 0.402439 -0.002557 -0.000680 0.599878 0.002646
0.696667 0.402439 -0.003653 0.004836 0.600000 0.006061
0.823333 0.402439 -0.003957 0.001582 0.599999 0.004262
0.950000 0.402439 -0.001799 0.005206 0.599998 0.005508
1.076667 0.402439 -0.002746 0.002192 0.600000 0.003513
1.203333 0.402439 -0.002194 0.003805 0.599992 0.004393
1.330000 0.402439 -0.004519 0.005431 0.599988 0.007065
1.456667 0.402439 -0.008272 0.002459 0.599598 0.008629
1.583333 0.402439 -0.008217 0.005329 0.599999 0.009794
1.710000 0.402439 -0.008461 0.000231 0.599776 0.008464
1.836667 0.402439 -0.006177 -0.002648 0.599930 0.006721
1.963333 0.402439 -0.004693 0.000790 0.599999 0.004759
2.090000 0.402439 -0.007963 0.004211 0.600000 0.009007
2.216667 0.402439 -0.012303 0.004339 0.599996 0.013046
2.343333 0.402439 -0.014374 0.003962 0.599896 0.014910
2.470000 0.402439 -0.012840 -0.002160 0.599379 0.013020
2.596667 0.402439 -0.011150 0.001676 0.599983 0.011276
2.723333 0.402439 -0.013843 0.002467 0.599998 0.014061
2.850000 0.402439 -0.014147 0.000661 0.599931 0.014163
2.976667 0.402439 -0.012675 -0.001292 0.599792 0.012741
3.103333 0.402439 -0.010566 -0.001926 0.599905 0.010740
3.230000 0.402439 -0.011610 -0.002920 0.599917 0.011971
3.356667 0.402439 -0.011395 0.001200 0.600000 0.011458
3.483333 0.402439 -0.006849 0.004065 0.600000 0.007964
3.610000 0.402439 -0.002571 0.003618 0.600000 0.004438
3.736667 0.402439 0.000000 0.000000 0.000000 0.000000
0.063333 0.417073 0.000000 0.000000 0.000000 0.000000
0.190000 0.417073 -0.000764 0.003108 0.600000 0.003201
0.316667 0.417073 -0.001766 -0.000241 0.599999 0.001783
0.443333 0.417073 -0.006001 -0.001084 0.597453 0.006099
0.570000 0.417073 -0.007371 -0.000807 0.556365 0.007415
0.696667 0.417073 0.000326 0.004845 0.556157 0.004856
0.823333 0.417073 0.002910 0.002216 0.549393 0.003658
0.950000 0.417073 0.004987 0.006151 0.551306 0.007919
1.076667 0.417073 0.006848 0.003009 0.548473 0.007480
1.203333 0.417073 0.005317 0.004988 0.546826 0.007290
1.330000 0.417073 0.005617 0.006706 0.547018 0.008748
1.456667 0.417073 -0.000462 0.003949 0.543194 0.003976
1.583333 0.417073 -0.003030 0.006361 0.549160 0.007046
1.710000 0.417073 -0.001973 0.000939 0.545589 0.002185
1.836667 0.417073 -0.004463 -0.002657 0.598775 0.005194
1.963333 0.417073 -0.012735 0.001639 0.594776 0.012840
2.090000 0.417073 -0.018466 0.004807 0.550582 0.019081
2.216667 0.417073 -0.016913 0.005355 0.549377 0.017740
2.343333 0.417073 -0.017360 0.004667 0.550249 0.017977
2.470000 0.417073 -0.020710 -0.001264 0.548181 0.020749
2.596667 0.417073 -0.023016 0.002540 0.551016 0.023156
2.723333 0.417073 -0.020055 0.002835 0.553508 0.020254
2.850000 0.417073 -0.018690 0.001180 0.551699 0.018727
2.976667 0.417073 -0.016748 -0.001389 0.556443 0.016806
3.103333 0.417073 -0.014267 -0.001919 0.555610 0.014395
3.230000 0.417073 -0.012052 -0.002685 0.559901 0.012347
3.356667 0.417073 -0.008713 0.000795 0.599997 0.008749
3.483333 0.417073 -0.006236 0.003849 0.600000 0.007328
3.610000 0.417073 -0.002252 0.003078 0.600000 0.003813
3.736667 0.417073 0.000000 0.000000 0.000000 0.000000
0.063333 0.431707 0.000000 0.000000 0.000000 0.000000
0.190000 0.431707 -0.000652 0.003093 0.600000 0.003161
0.316667 0.431707 -0.001582 -0.000256 0.600000 0.001603
0.443333 0.431707 -0.001644 -0.000494 0.599993 0.001716
0.570000 0.431707 0.000000 0.000000 0.000000 0.000000
0.696667 0.431707 0.000000 0.000000 0.000000 0.000000
0.823333 0.431707 0.000000 0.000000 0.000000 0.000000
0.950000 0.431707 0.000000 0.000000 0.000000 0.000000
1.076667 0.431707 0.000000 0.000000 0.000000 0.000000
1.203333 0.431707 0.000000 0.000000 0.000000 0.000000
1.330000 0.431707 0.000000 0.000000 0.000000 0.000000
1.456667 0.431707 0.000000 0.000000 0.000000 0.000000
1.583333 0.431707 0.000000 0.000000 0.000000 0.000000
1.710000 0.431707 0.000000 0.000000 0.000000 0.000000
1.836667 0.431707 -0.005468 -0.002468 0.599995 0.006000
1.963333 0.431707 -0.005427 0.002518 0.599506 0.005983
2.090000 0.431707 0.000000 0.000000 0.000000 0.000000
2.216667 0.431707 0.000000 0.000000 0.000000 0.000000
2.343333 0.431707 0.000000 0.000000 0.000000 0.000000
2.470000 0.431707 0.000000 0.000000 0.000000 0.000000
2.596667 0.431707 0.000000 0.000000 0.000000 0.000000
2.723333 0.431707 0.000000 0.000000 0.000000 0.000000
2.850000 0.431707 0.000000 0.000000 0.000000 0.000000
2.976667 0.431707 0.000000 0.000000 0.000000 0.000000
3.103333 0.431707 0.000000 0.000000 0.000000 0.000000
3.230000 0.431707 0.000000 0.000000 0.000000 0.000000
3.356667 0.431707 -0.006733 0.000850 0.600000 0.006786
3.483333 0.431707 -0.005716 0.003599 0.600000 0.006755
3.610000 0.431707 -0.001937 0.002611 0.600000 0.003252
3.736667 0.431707 0.000000 0.000000 0.000000 0.000000
0.063333 0.446341 0.000000 0.000000 0.000000 0.000000
0.190000 0.446341 -0.000535 0.003068 0.600000 0.003114
0.316667 0.446341 -0.001432 -0.000266 0.600000 0.001457
0.443333 0.446341 -0.001628 -0.000405 0.600000 0.001678
0.570000 0.446341 0.000000 0.000000 0.000000 0.000000
0.696667 0.446341 0.000000 0.000000 0.000000 0.000000
0.823333 0.446341 0.000000 0.000000 0.000000 0.000000
0.950000 0.446341 0.000000 0.000000 0.000000 0.000000
1.076667 0.446341 0.000000 0.000000 0.000000 0.000000
1.203333 0.446341 0.000000 0.000000 0.000000 0.000000
1.330000 0.446341 0.000000 0.000000 0.000000 0.000000
1.456667 0.446341 0.000000 0.000000 0.000000 0.000000
1.583333 0.446341 0.000000 0.000000 0.000000 0.000000
1.710000 0.446341 0.000000 0.000000 0.000000 0.000000
1.836667 0.446341 -0.006219 -0.002278 0.600000 0.006623
1.963333 0.446341 -0.005917 0.002464 0.599968 0.006409
2.090000 0.446341 0.000000 0.000000 0.000000 0.000000
2.216667 0.446341 0.000000 0.000000 0.000000 0.000000
2.343333 0.446341 0.000000 0.000000 0.000000 0.000000
2.470000 0.446341 0.000000 0.000000 0.000000 0.000000
2.596667 0.446341 0.000000 0.000000 0.000000 0.000000
2.723333 0.446341 0.000000 0.000000 0.000000 0.000000
2.850000 0.446341 0.000000 0.000000 0.000000 0.000000
2.976667 0.446341 0.000000 0.000000 0.000000 0.000000
3.103333 0.446341 0.000000 0.000000 0.000000 0.000000
3.230000 0.446341 0.000000 0.000000 0.000000 0.000000
3.356667 0.446341 -0.006448 0.001071 0.600000 0.006537
3.483333 0.446341 -0.005225 0.003351 0.600000 0.006207
3.610000 0.446341 -0.001811 0.002196 0.600000 0.002847
3.736667 0.446341 0.000000 0.000000 0.000000 0.000000
0.063333 0.460976 0.000000 0.000000 0.000000 0.000000
0.190000 0.460976 -0.000412 0.003019 0.600000 0.003047
0.316667 0.460976 -0.001253 -0.000269 0.600000 0.001281
0.443333 0.460976 -0.001547 -0.000327 0.600000 0.001581
0.570000 0.460976 0.000000 0.000000 0.000000 0.000000
0.696667 0.460976 0.000000 0.000000 0.000000 0.000000
0.823333 0.460976 0.000000 0.000000 0.000000 0.000000
0.950000 0.460976 0.000000 0.000000 0.000000 0.000000
1.076667 0.460976 0.000000 0.000000 0.000000 0.000000
1.203333 0.460976 0.000000 0.000000 0.000000 0.000000
1.330000 0.460976 0.000000 0.000000 0.000000 0.000000
1.456667 0.460976 0.000000 0.000000 0.000000 0.000000
1.583333 0.460976 0.000000 0.000000 0.000000 0.000000
1.710000 0.460976 0.000000 0.000000 0.000000 0.000000
1.836667 0.460976 -0.006737 -0.002064 0.600000 0.007046
1.963333 0.460976 -0.006160 0.002352 0.599999 0.006594
2.090000 0.460976 0.000000 0.000000 0.000000 0.000000
2.216667 0.460976 0.000000 0.000000 0.000000 0.000000
2.343333 0.460976 0.000000 0.000000 0.000000 0.000000
2.470000 0.460976 0.000000 0.000000 0.000000 0.000000
2.596667 0.460976 0.000000 0.000000 0.000000 0.000000
2.723333 0.460976 0.000000 0.000000 0.000000 0.000000
2.850000 0.460976 0.000000 0.000000 0.000000 0.000000
2.976667 0.460976 0.000000 0.000000 0.000000 0.000000
3.103333 0.460976 0.000000 0.000000 0.000000 0.000000
3.230000 0.460976 0.000000 0.000000 0.000000 0.000000
3.356667 0.460976 -0.006205 0.001218 0.600000 0.006323
3.483333 0.460976 -0.004639 0.003132 0.600000 0.005597
3.610000 0.460976 -0.001569 0.001823 0.600000 0.002405
3.736667 0.460976 0.000000 0.000000 0.000000 0.000000
0.063333 0.475610 0.000000 0.000000 0.000000 0.000000
0.190000 0.475610 -0.000258 0.002927 0.600000 0.002939
0.316667 0.475610 -0.000989 -0.000270 0.600000 0.001025
0.443333 0.475610 -0.001361 -0.000267 0.600000 0.001387
0.570000 0.475610 0.000000 0.000000 0.000000 0.000000
0.696667 0.475610 0.000000 0.000000 0.000000 0.000000
0.823333 0.475610 0.000000 0.000000 0.000000 0.000000
0.950000 0.475610 0.000000 0.000000 0.000000 0.000000
1.076667 0.475610 0.000000 0.000000 0.000000 0.000000
1.203333 0.475610 0.000000 0.000000 0.000000 0.000000
1.330000 0.475610 0.000000 0.000000 0.000000 0.000000
1.456667 0.475610 0.000000 0.000000 0.000000 0.000000
1.583333 0.475610 0.000000 0.000000 0.000000 0.000000
1.710000 0.475610 0.000000 0.000000 0.000000 0.000000
1.836667 0.475610 -0.007249 -0.001860 0.600000 0.007484
1.963333 0.475610 -0.006462 0.002196 0.600000 0.006825
2.090000 0.475610 0.000000 0.000000 0.000000 0.000000
2.216667 0.475610 0.000000 0.000000 0.000000 0.000000
2.343333 0.475610 0.000000 0.000000 0.000000 0.000000
2.470000 0.475610 0.000000 0.000000 0.000000 0.000000
2.596667 0.475610 0.000000 0.000000 0.000000 0.000000
2.723333 0.475610 0.000000 0.000000 0.000000 0.000000
2.850000 0.475610 0.000000 0.000000 0.000000 0.000000
2.976667 0.475610 0.000000 0.000000 0.000000 0.000000
3.103333 0.475610 0.000000 0.000000 0.000000 0.000000
3.230000 0.475610 0.000000 0.000000 0.000000 0.000000
3.356667 0.475610 -0.006209 0.001311 0.600000 0.006346
3.483333 0.475610 -0.004298 0.002895 0.600000 0.005182
3.610000 0.475610 -0.001341 0.001491 0.600000 0.002005
3.736667 0.475610 0.000000 0.000000 0.000000 0.000000
0.063333 0.490244 0.000000 0.000000 0.000000 0.000000
0.190000 0.490244 0.000017 0.002775 0.600000 0.002775
0.316667 0.490244 -0.000433 -0.000278 0.600000 0.000514
0.443333 0.490244 -0.000988 -0.000206 0.600000 0.001009
0.570000 0.490244 0.000000 0.000000 0.000000 0.000000
0.696667 0.490244 0.000000 0.000000 0.000000 0.000000
0.823333 0.490244 0.000000 0.000000 0.000000 0.000000
0.950000 0.490244 0.000000 0.000000 0.000000 0.000000
1.076667 0.490244 0.000000 0.000000 0.000000 0.000000
1.203333 0.490244 0.000000 0.000000 0.000000 0.000000
1.330000 0.490244 0.000000 0.000000 0.000000 0.000000
1.456667 0.490244 0.000000 0.000000 0.000000 0.000000
1.583333 0.490244 0.000000 0.000000 0.000000 0.000000
1.710000 0.490244 0.000000 0.000000 0.000000 0.000000
1.836667 0.490244 -0.007730 -0.001656 0.600000 0.007905
1.963333 0.490244 -0.006787 0.002000 0.600000 0.007075
2.090000 0.490244 0.000000 0.000000 0.000000 0.000000
2.216667 0.490244 0.000000 0.000000 0.000000 0.000000
2.343333 0.490244 0.000000 0.000000 0.000000 0.000000
2.470000 0.490244 0.000000 0.000000 0.000000 0.000000
2.596667 0.490244 0.000000 0.000000 0.000000 0.000000
2.723333 0.490244 0.000000 0.000000 0.000000 0.000000
2.850000 0.490244 0.000000 0.000000 0.000000 0.000000
2.976667 0.490244 0.000000 0.000000 0.000000 0.000000
3.103333 0.490244 0.000000 0.000000 0.000000 0.000000
3.230000 0.490244 0.000000 0.000000 0.000000 0.000000
3.356667 0.490244 -0.006234 0.001371 0.600000 0.006383
3.483333 0.490244 -0.004075 0.002623 0.600000 0.004846
3.610000 0.490244 -0.001221 0.001178 0.600000 0.001696
3.736667 0.490244 0.000000 0.000000 0.000000 0.000000
0.063333 0.504878 0.000000 0.000000 0.000000 0.000000
0.190000 0.504878 0.000313 0.002547 0.600000 0.002566
0.316667 0.504878 0.000111 -0.000289 0.600000 0.000310
0.443333 0.504878 -0.000651 -0.000130 0.600000 0.000664
0.570000 0.504878 0.000000 0.000000 0.000000 0.000000
0.696667 0.504878 0.000000 0.000000 0.000000 0.000000
0.823333 0.504878 0.000000 0.000000 0.000000 0.000000
0.950000 0.504878 0.000000 0.000000 0.000000 0.000000
1.076667 0.504878 0.000000 0.000000 0.000000 0.000000
1.203333 0.504878 0.000000 0.000000 0.000000 0.000000
1.330000 0.504878 0.000000 0.000000 0.000000 0.000000
1.456667 0.504878 0.000000 0.000000 0.000000 0.000000
1.583333 0.504878 0.000000 0.000000 0.000000 0.000000
1.710000 0.504878 0.000000 0.000000 0.000000 0.000000
1.836667 0.504878 -0.008238 -0.001447 0.600000 0.008364
1.963333 0.504878 -0.007173 0.001774 0.600000 0.007389
2.090000 0.504878 0.000000 0.000000 0.000000 0.000000
2.216667 0.504878 0.000000 0.000000 0.000000 0.000000
2.343333 0.504878 0.000000 0.000000 0.000000 0.000000
2.470000 0.504878 0.000000 0.000000 0.000000 0.000000
2.596667 0.504878 0.000000 0.000000 0.000000 0.000000
2.723333 0.504878 0.000000 0.000000 0.000000 0.000000
2.850000 0.504878 0.000000 0.000000 0.000000 0.000000
2.976667 0.504878 0.000000 0.000000 0.000000 0.000000
3.103333 0.504878 0.000000 0.000000 0.000000 0.000000
3.230000 0.504878 0.000000 0.000000 0.000000 0.000000
3.356667 0.504878 -0.006268 0.001376 0.600000 0.006417
3.483333 0.504878 -0.003850 0.002324 0.600000 0.004497
3.610000 0.504878 -0.001096 0.000884 0.600000 0.001408
3.736667 0.504878 0.000000 0.000000 0.000000 0.000000
0.063333 0.519512 0.000000 0.000000 0.000000 0.000000
0.190000 0.519512 0.000558 0.002249 0.600000 0.002317
0.316667 0.519512 0.000467 -0.000290 0.600000 0.000550
0.443333 0.519512 -0.000457 -0.000058 0.600000 0.000460
0.570000 0.519512 0.000000 0.000000 0.000000 0.000000
0.696667 0.519512 0.000000 0.000000 0.000000 0.000000
0.823333 0.519512 0.000000 0.000000 0.000000 0.000000
0.950000 0.519512 0.000000 0.000000 0.000000 0.000000
1.076667 0.519512 0.000000 0.000000 0.000000 0.000000
1.203333 0.519512 0.000000 0.000000 0.000000 0.000000
1.330000 0.519512 0.000000 0.000000 0.000000 0.000000
1.456667 0.519512 0.000000 0.000000 0.000000 0.000000
1.583333 0.519512 0.000000 0.000000 0.000000 0.000000
1.710000 0.519512 0.000000 0.000000 0.000000 0.000000
1.836667 0.519512 -0.008918 -0.001224 0.600000 0.009001
1.963333 0.519512 -0.007919 0.001526 0.600000 0.008064
2.090000 0.519512 0.000000 0.000000 0.000000 0.000000
2.216667 0.519512 0.000000 0.000000 0.000000 0.000000
2.343333 0.519512 0.000000 0.000000 0.000000 0.000000
2.470000 0.519512 0.000000 0.000000 0.000000 0.000000
2.596667 0.519512 0.000000 0.000000 0.000000 0.000000
2.723333 0.519512 0.000000 0.000000 0.000000 0.000000
2.850000 0.519512 0.000000 0.000000 0.000000 0.000000
2.976667 0.519512 0.000000 0.000000 0.000000 0.000000
3.103333 0.519512 0.000000 0.000000 0.000000 0.000000
3.230000 0.519512 0.000000 0.000000 0.000000 0.000000
3.356667 0.519512 -0.006305 0.001308 0.600000 0.006440
3.483333 0.519512 -0.003605 0.001993 0.600000 0.004120
3.610000 0.519512 -0.000954 0.000623 0.600000 0.001139
3.736667 0.519512 0.000000 0.000000 0.000000 0.000000
0.063333 0.534146 0.000000 0.000000 0.000000 0.000000
0.190000 0.534146 0.000829 0.001881 0.600000 0.002056
0.316667 0.534146 0.000854 -0.000271 0.600000 0.000896
0.443333 0.534146 -0.000262 -0.000008 0.600000 0.000262
0.570000 0.534146 0.000000 0.000000 0.000000 0.000000
0.696667 0.534146 0.000000 0.000000 0.000000 0.000000
0.823333 0.534146 0.000000 0.000000 0.000000 0.000000
0.950000 0.534146 0.000000 0.000000 0.000000 0.000000
1.076667 0.534146 0.000000 0.000000 0.000000 0.000000
1.203333 0.534146 0.000000 0.000000 0.000000 0.000000
1.330000 0.534146 0.000000 0.000000 0.000000 0.000000
1.456667 0.534146 0.000000 0.000000 0.000000 0.000000
1.583333 0.534146 0.000000 0.000000 0.000000 0.000000
1.710000 0.534146 0.000000 0.000000 0.000000 0.000000
1.836667 0.534146 -0.009570 -0.000978 0.600000 0.009620
1.963333 0.534146 -0.008621 0.001257 0.600000 0.008712
2.090000 0.534146 0.000000 0.000000 0.000000 0.000000
2.216667 0.534146 0.000000 0.000000 0.000000 0.000000
2.343333 0.534146 0.000000 0.000000 0.000000 0.000000
2.470000 0.534146 0.000000 0.000000 0.000000 0.000000
2.596667 0.534146 0.000000 0.000000 0.000000 0.000000
2.723333 0.534146 0.000000 0.000000 0.000000 0.000000
2.850000 0.534146 0.000000 0.000000 0.000000 0.000000
2.976667 0.534146 0.000000 0.000000 0.000000 0.000000
3.103333 0.534146 0.000000 0.000000 0.000000 0.000000
3.230000 0.534146 0.000000 0.000000 0.000000 0.000000
3.356667 0.534146 -0.006327 0.001167 0.600000 0.006434
3.483333 0.534146 -0.003313 0.001627 0.600000 0.003691
3.610000 0.534146 -0.000782 0.000403 0.600000 0.000880
3.736667 0.534146 0.000000 0.000000 0.000000 0.000000
0.063333 0.548780 0.000000 0.000000 0.000000 0.000000
0.190000 0.548780 0.001127 0.001443 0.600000 0.001831
0.316667 0.548780 0.001285 -0.000229 0.600000 0.001305
0.443333 0.548780 -0.000055 0.000021 0.600000 0.000059
0.570000 0.548780 0.000000 0.000000 0.000000 0.000000
0.696667 0.548780 0.000000 0.000000 0.000000 0.000000
0.823333 0.548780 0.000000 0.000000 0.000000 0.000000
0.950000 0.548780 0.000000 0.000000 0.000000 0.000000
1.076667 0.548780 0.000000 0.000000 0.000000 0.000000
1.203333 0.548780 0.000000 0.000000 0.000000 0.000000
1.330000 0.548780 0.000000 0.000000 0.000000 0.000000
1.456667 0.548780 0.000000 0.000000 0.000000 0.000000
1.583333 0.548780 0.000000 0.000000 0.000000 0.000000
1.710000 0.548780 0.000000 0.000000 0.000000 0.000000
1.836667 0.548780 -0.010169 -0.000721 0.600000 0.010194
1.963333 0.548780 -0.009150 0.000956 0.600000 0.009200
2.090000 0.548780 0.000000 0.000000 0.000000 0.000000
2.216667 0.548780 0.000000 0.000000 0.000000 0.000000
2.343333 0.548780 0.000000 0.000000 0.000000 0.000000
2.470000 0.548780 0.000000 0.000000 0.000000 0.000000
2.596667 0.548780 0.000000 0.000000 0.000000 0.000000
2.723333 0.548780 0.000000 0.000000 0.000000 0.000000
2.850000 0.548780 0.000000 0.000000 0.000000 0.000000
2.976667 0.548780 0.000000 0.000000 0.000000 0.000000
3.103333 0.548780 0.000000 0.000000 0.000000 0.000000
3.230000 0.548780 0.000000 0.000000 0.000000 0.000000
3.356667 0.548780 -0.006357 0.000944 0.600000 0.006427
3.483333 0.548780 -0.002986 0.001221 0.600000 0.003226
3.610000 0.548780 -0.000587 0.000229 0.600000 0.000630
3.736667 0.548780 0.000000 0.000000 0.000000 0.000000
0.063333 0.563415 0.000000 0.000000 0.000000 0.000000
0.190000 0.563415 0.001468 0.000929 0.600000 0.001737
0.316667 0.563415 0.001782 -0.000160 0.600000 0.001789
0.443333 0.563415 0.000168 0.000028 0.600000 0.000170
0.570000 0.563415 0.000000 0.000000 0.000000 0.000000
0.696667 0.563415 0.000000 0.000000 0.000000 0.000000
0.823333 0.563415 0.000000 0.000000 0.000000 0.000000
0.950000 0.563415 0.000000 0.000000 0.000000 0.000000
1.076667 0.563415 0.000000 0.000000 0.000000 0.000000
1.203333 0.563415 0.000000 0.000000 0.000000 0.000000
1.330000 0.563415 0.000000 0.000000 0.000000 0.000000
1.456667 0.563415 0.000000 0.000000 0.000000 0.000000
1.583333 0.563415 0.000000 0.000000 0.000000 0.000000
1.710000 0.563415 0.000000 0.000000 0.000000 0.000000
1.836667 0.563415 -0.010807 -0.000452 0.600000 0.010816
1.963333 0.563415 -0.009739 0.000610 0.600000 0.009758
2.090000 0.563415 0.000000 0.000000 0.000000 0.000000
2.216667 0.563415 0.000000 0.000000 0.000000 0.000000
2.343333 0.563415 0.000000 0.000000 0.000000 0.000000
2.470000 0.563415 0.000000 0.000000 0.000000 0.000000
2.596667 0.563415 0.000000 0.000000 0.000000 0.000000
2.723333 0.563415 0.000000 0.000000 0.000000 0.000000
2.850000 0.563415 0.000000 0.000000 0.000000 0.000000
2.976667 0.563415 0.000000 0.000000 0.000000 0.000000
3.103333 0.563415 0.000000 0.000000 0.000000 0.000000
3.230000 0.563415 0.000000 0.000000 0.000000 0.000000
3.356667 0.563415 -0.006378 0.000632 0.600000 0.006409
3.483333 0.563415 -0.002636 0.000768 0.600000 0.002745
3.610000 0.563415 -0.000371 0.000101 0.600000 0.000384
3.736667 0.563415 0.000000 0.000000 0.000000 0.000000
0.063333 0.578049 0.000000 0.000000 0.000000 0.000000
0.190000 0.578049 0.001869 0.000325 0.600000 0.001898
0.316667 0.578049 0.002355 -0.000060 0.600000 0.002356
0.443333 0.578049 0.000403 0.000013 0.600000 0.000403
0.570000 0.578049 0.000000 0.000000 0.000000 0.000000
0.696667 0.578049 0.000000 0.000000 0.000000 0.000000
0.823333 0.578049 0.000000 0.000000 0.000000 0.000000
0.950000 0.578049 0.000000 0.000000 0.000000 0.000000
1.076667 0.578049 0.000000 0.000000 0.000000 0.000000
1.203333 0.578049 0.000000 0.000000 0.000000 0.000000
1.330000 0.578049 0.000000 0.000000 0.000000 0.000000
1.456667 0.578049 0.000000 0.000000 0.000000 0.000000
1.583333 0.578049 0.000000 0.000000 0.000000 0.000000
1.710000 0.578049 0.000000 0.000000 0.000000 0.000000
1.836667 0.578049 -0.011528 -0.000156 0.600000 0.011529
1.963333 0.578049 -0.010437 0.000212 0.600000 0.010439
2.090000 0.578049 0.000000 0.000000 0.000000 0.000000
2.216667 0.578049 0.000000 0.000000 0.000000 0.000000
2.343333 0.578049 0.000000 0.000000 0.000000 0.000000
2.470000 0.578049 0.000000 0.000000 0.000000 0.000000
2.596667 0.578049 0.000000 0.000000 0.000000 0.000000
2.723333 0.578049 0.000000 0.000000 0.000000 0.000000
2.850000 0.578049 0.000000 0.000000 0.000000 0.000000
2.976667 0.578049 0.000000 0.000000 0.000000 0.000000
3.103333 0.578049 0.000000 0.000000 0.000000 0.000000
3.230000 0.578049 0.000000 0.000000 0.000000 0.000000
3.356667 0.578049 -0.006385 0.000227 0.600000 0.006389
3.483333 0.578049 -0.002275 0.000265 0.600000 0.002290
3.610000 0.578049 -0.000141 0.000023 0.600000 0.000143
3.736667 0.578049 0.000000 0.000000 0.000000 0.000000
0.063333 0.592683 0.000000 0.000000 0.000000 0.000000
0.190000 0.592683 0.000000 0.000000 0.000000 0.000000
0.316667 0.592683 0.000000 0.000000 0.000000 0.000000
0.443333 0.592683 0.000000 0.000000 0.000000 0.000000
0.570000 0.592683 0.000000 0.000000 0.000000 0.000000
0.696667 0.592683 0.000000 0.000000 0.000000 0.000000
0.823333 0.592683 0.000000 0.000000 0.000000 0.000000
0.950000 0.592683 0.000000 0.000000 0.000000 0.000000
1.076667 0.592683 0.000000 0.000000 0.000000 0.000000
1.203333 0.592683 0.000000 0.000000 0.000000 0.000000
1.330000 0.592683 0.000000 0.000000 0.000000 0.000000
1.456667 0.592683 0.000000 0.000000 0.000000 0.000000
1.583333 0.592683 0.000000 0.000000 0.000000 0.000000
1.710000 0.592683 0.000000 0.000000 0.000000 0.000000
1.836667 0.592683 0.000000 0.000000 0.000000 0.000000
1.963333 0.592683 0.000000 0.000000 0.000000 0.000000
2.090000 0.592683 0.000000 0.000000 0.000000 0.000000
2.216667 0.592683 0.000000 0.000000 0.000000 0.000000
2.343333 0.592683 0.000000 0.000000 0.000000 0.000000
2.470000 0.592683 0.000000 0.000000 0.000000 0.000000
2.596667 0.592683 0.000000 0.000000 0.000000 0.000000
2.723333 0.592683 0.000000 0.000000 0.000000 0.000000
2.850000 0.592683 0.000000 0.000000 0.000000 0.000000
2.976667 0.592683 0.000000 0.000000 0.000000 0.000000
3.103333 0.592683 0.000000 0.000000 0.000000 0.000000
3.230000 0.592683 0.000000 0.000000 0.000000 0.000000
3.356667 0.592683 0.000000 0.000000 0.000000 0.000000
3.483333 0.592683 0.000000 0.000000 0.000000 0.000000
3.610000 0.592683 0.000000 0.000000 0.000000 0.000000
3.736667 0.592683 0.000000 0.000000 0.000000 0.000000
