TITLE="(Vx,Vy)"
VARIABLES=X,Y,Vx,Vy,Vm,V
ZONE T="T-Dummy" I=30, J=41, F=POINT
0.063333 0.007317 0.000000 0.000000 0.000000 0.000000
0.190000 0.007317 0.000000 0.000000 0.000000 0.000000
0.316667 0.007317 0.000000 0.000000 0.000000 0.000000
0.443333 0.007317 0.000000 0.000000 0.000000 0.000000
0.570000 0.007317 0.000000 0.000000 0.000000 0.000000
0.696667 0.007317 0.000000 0.000000 0.000000 0.000000
0.823333 0.007317 0.000000 0.000000 0.000000 0.000000
0.950000 0.007317 0.000000 0.000000 0.000000 0.000000
1.076667 0.007317 0.000000 0.000000 0.000000 0.000000
1.203333 0.007317 0.000000 0.000000 0.000000 0.000000
1.330000 0.007317 0.000000 0.000000 0.000000 0.000000
1.456667 0.007317 0.000000 0.000000 0.000000 0.000000
1.583333 0.007317 0.000000 0.000000 0.000000 0.000000
1.710000 0.007317 0.000000 0.000000 0.000000 0.000000
1.836667 0.007317 0.000000 0.000000 0.000000 0.000000
1.963333 0.007317 0.000000 0.000000 0.000000 0.000000
2.090000 0.007317 0.000000 0.000000 0.000000 0.000000
2.216667 0.007317 0.000000 0.000000 0.000000 0.000000
2.343333 0.007317 0.000000 0.000000 0.000000 0.000000
2.470000 0.007317 0.000000 0.000000 0.000000 0.000000
2.596667 0.007317 0.000000 0.000000 0.000000 0.000000
2.723333 0.007317 0.000000 0.000000 0.000000 0.000000
2.850000 0.007317 0.000000 0.000000 0.000000 0.000000
2.976667 0.007317 0.000000 0.000000 0.000000 0.000000
3.103333 0.007317 0.000000 0.000000 0.000000 0.000000
3.230000 0.007317 0.000000 0.000000 0.000000 0.000000
3.356667 0.007317 0.000000 0.000000 0.000000 0.000000
3.483333 0.007317 0.000000 0.000000 0.000000 0.000000
3.610000 0.007317 0.000000 0.000000 0.000000 0.000000
3.736667 0.007317 0.000000 0.000000 0.000000 0.000000
0.063333 0.021951 0.000000 0.000000 0.000000 0.000000
0.190000 0.021951 0.005245 -0.000424 0.900000 0.005262
0.316667 0.021951 0.022907 -0.001306 0.900000 0.022944
0.443333 0.021951 0.037897 0.000171 0.900000 0.037898
0.570000 0.021951 0.005449 0.004052 0.900000 0.006790
0.696667 0.021951 -0.016738 -0.000556 0.900000 0.016747
0.823333 0.021951 0.000869 -0.001350 0.900000 0.001605
0.950000 0.021951 -0.003655 0.000649 0.900000 0.003712
1.076667 0.021951 -0.001814 -0.001591 0.900000 0.002413
1.203333 0.021951 0.004659 0.000273 0.900000 0.004667
1.330000 0.021951 0.019439 -0.002681 0.900000 0.019623
1.456667 0.021951 0.029156 0.001170 0.900000 0.029180
1.583333 0.021951 0.030202 -0.000809 0.900000 0.030213
1.710000 0.021951 0.000237 0.004520 0.900000 0.004526
1.836667 0.021951 -0.034399 -0.000435 0.900000 0.034402
1.963333 0.021951 -0.028519 0.000255 0.900000 0.028521
2.090000 0.021951 -0.022624 -0.000511 0.900000 0.022630
2.216667 0.021951 -0.009149 -0.000117 0.900000 0.009149
2.343333 0.021951 0.000814 0.000014 0.900000 0.000814
2.470000 0.021951 -0.017275 0.002745 0.900000 0.017492
2.596667 0.021951 -0.018513 -0.001894 0.900000 0.018609
2.723333 0.021951 -0.007162 0.002004 0.900000 0.007437
2.850000 0.021951 -0.020200 0.000796 0.900000 0.020216
2.976667 0.021951 -0.030895 0.000003 0.900000 0.030895
3.103333 0.021951 -0.005607 -0.004138 0.900000 0.006969
3.230000 0.021951 0.029995 -0.000767 0.900000 0.030004
3.356667 0.021951 0.052311 -0.002394 0.900000 0.052366
3.483333 0.021951 0.043241 0.002768 0.900000 0.043330
3.610000 0.021951 0.008204 0.000668 0.900000 0.008231
3.736667 0.021951 0.000000 0.000000 0.000000 0.000000
0.063333 0.036585 0.000000 0.000000 0.000000 0.000000
0.190000 0.036585 0.004415 -0.001213 0.900000 0.004579
0.316667 0.036585 0.018616 -0.003624 0.900000 0.018965
0.443333 0.036585 0.028246 0.000691 0.900000 0.028254
0.570000 0.036585 -0.000569 0.011444 0.900000 0.011458
0.696667 0.036585 -0.046589 0.002476 0.900000 0.046655
0.823333 0.036585 -0.053080 -0.005032 0.900000 0.053318
0.950000 0.036585 -0.031433 0.000471 0.900000 0.031437
1.076667 0.036585 -0.012201 -0.003544 0.900000 0.012705
1.203333 0.036585 0.000795 0.000392 0.900000 0.000887
1.330000 0.036585 0.009613 -0.005347 0.900000 0.011000
1.456667 0.036585 0.008412 0.002591 0.900000 0.008802
1.583333 0.036585 0.007931 -0.000442 0.900000 0.007943
1.710000 0.036585 0.012462 0.008093 0.900000 0.014860
1.836667 0.036585 0.009142 -0.000153 0.900000 0.009144
1.963333 0.036585 0.007771 0.000349 0.900000 0.007779
2.090000 0.036585 0.009583 -0.001148 0.900000 0.009651
2.216667 0.036585 0.013842 -0.000481 0.900000 0.013850
2.343333 0.036585 0.013555 0.000023 0.900000 0.013555
2.470000 0.036585 0.014916 0.004891 0.900000 0.015698
2.596667 0.036585 0.021415 -0.003200 0.900000 0.021653
2.723333 0.036585 0.030424 0.003861 0.900000 0.030668
2.850000 0.036585 0.047482 0.001366 0.900000 0.047501
2.976667 0.036585 0.057947 -0.000850 0.900000 0.057953
3.103333 0.036585 0.051619 -0.006363 0.900000 0.052009
3.230000 0.036585 0.039612 -0.001550 0.900000 0.039643
3.356667 0.036585 0.046968 -0.006471 0.900000 0.047411
3.483333 0.036585 0.037353 0.007679 0.900000 0.038134
3.610000 0.036585 0.008103 0.001995 0.900000 0.008345
3.736667 0.036585 0.000000 0.000000 0.000000 0.000000
0.063333 0.051220 0.000000 0.000000 0.000000 0.000000
0.190000 0.051220 0.003646 -0.001888 0.900000 0.004105
0.316667 0.051220 0.014790 -0.005400 0.900000 0.015744
0.443333 0.051220 0.020261 0.001485 0.900000 0.020316
0.570000 0.051220 -0.002545 0.017237 0.900000 0.017424
0.696667 0.051220 -0.035225 0.009012 0.900000 0.036360
0.823333 0.051220 -0.044247 -0.008687 0.900000 0.045092
0.950000 0.051220 -0.029199 -0.001320 0.900000 0.029229
1.076667 0.051220 -0.011239 -0.004041 0.900000 0.011943
1.203333 0.051220 -0.001555 0.000183 0.900000 0.001566
1.330000 0.051220 0.007576 -0.005366 0.900000 0.009284
1.456667 0.051220 0.007814 0.002907 0.900000 0.008338
1.583333 0.051220 0.007430 0.001798 0.900000 0.007644
1.710000 0.051220 0.010669 0.006240 0.900000 0.012360
1.836667 0.051220 0.009078 0.000822 0.900000 0.009115
1.963333 0.051220 0.010843 -0.000001 0.900000 0.010843
2.090000 0.051220 0.012328 -0.001262 0.900000 0.012392
2.216667 0.051220 0.015666 -0.000897 0.900000 0.015692
2.343333 0.051220 0.016235 -0.000077 0.900000 0.016235
2.470000 0.051220 0.014754 0.004115 0.900000 0.015317
2.596667 0.051220 0.020991 -0.002399 0.900000 0.021128
2.723333 0.051220 0.033198 0.002845 0.900000 0.033320
2.850000 0.051220 0.045901 0.001307 0.900000 0.045920
2.976667 0.051220 0.051999 -0.002358 0.900000 0.052053
3.103333 0.051220 0.048240 -0.003728 0.900000 0.048384
3.230000 0.051220 0.038882 -0.001797 0.900000 0.038924
3.356667 0.051220 0.041142 -0.009262 0.900000 0.042172
3.483333 0.051220 0.031701 0.011412 0.900000 0.033692
3.610000 0.051220 0.007775 0.003278 0.900000 0.008438
3.736667 0.051220 0.000000 0.000000 0.000000 0.000000
0.063333 0.065854 0.000000 0.000000 0.000000 0.000000
0.190000 0.065854 0.002865 -0.002446 0.900000 0.003767
0.316667 0.065854 0.011244 -0.006712 0.900000 0.013094
0.443333 0.065854 0.013820 0.002373 0.900000 0.014023
0.570000 0.065854 -0.002658 0.021312 0.900000 0.021477
0.696667 0.065854 -0.024762 0.014346 0.900000 0.028617
0.823333 0.065854 -0.037134 -0.010570 0.900000 0.038609
0.950000 0.065854 -0.027340 -0.003393 0.900000 0.027550
1.076667 0.065854 -0.010917 -0.004014 0.900000 0.011631
1.203333 0.065854 -0.001494 -0.000242 0.900000 0.001513
1.330000 0.065854 0.008952 -0.005391 0.900000 0.010450
1.456667 0.065854 0.006158 0.003230 0.900000 0.006954
1.583333 0.065854 0.005558 0.003638 0.900000 0.006643
1.710000 0.065854 0.007841 0.004730 0.900000 0.009157
1.836667 0.065854 0.007585 0.000755 0.900000 0.007623
1.963333 0.065854 0.012981 -0.000364 0.900000 0.012986
2.090000 0.065854 0.013936 -0.001173 0.900000 0.013985
2.216667 0.065854 0.016857 -0.001226 0.900000 0.016902
2.343333 0.065854 0.018839 -0.000420 0.900000 0.018844
2.470000 0.065854 0.014363 0.004265 0.900000 0.014983
2.596667 0.065854 0.019511 -0.002342 0.900000 0.019651
2.723333 0.065854 0.034593 0.001247 0.900000 0.034616
2.850000 0.065854 0.042813 0.002077 0.900000 0.042864
2.976667 0.065854 0.047239 -0.003923 0.900000 0.047402
3.103333 0.065854 0.047271 -0.002496 0.900000 0.047337
3.230000 0.065854 0.038567 -0.002277 0.900000 0.038634
3.356667 0.065854 0.035739 -0.010842 0.900000 0.037347
3.483333 0.065854 0.026392 0.014110 0.900000 0.029927
3.610000 0.065854 0.007341 0.004476 0.900000 0.008597
3.736667 0.065854 0.000000 0.000000 0.000000 0.000000
0.063333 0.080488 0.000000 0.000000 0.000000 0.000000
0.190000 0.080488 0.001840 -0.002851 0.900000 0.003393
0.316667 0.080488 0.007266 -0.007605 0.900000 0.010518
0.443333 0.080488 0.007337 0.003232 0.900000 0.008017
0.570000 0.080488 -0.004924 0.023998 0.900000 0.024498
0.696667 0.080488 -0.018109 0.018532 0.900000 0.025911
0.823333 0.080488 -0.031084 -0.011128 0.900000 0.033016
0.950000 0.080488 -0.027615 -0.005434 0.900000 0.028145
1.076667 0.080488 -0.013216 -0.003642 0.900000 0.013709
1.203333 0.080488 -0.001247 -0.001324 0.900000 0.001818
1.330000 0.080488 0.010448 -0.005291 0.900000 0.011711
1.456667 0.080488 0.006565 0.003692 0.900000 0.007532
1.583333 0.080488 0.005594 0.005232 0.900000 0.007659
1.710000 0.080488 0.007866 0.003468 0.900000 0.008597
1.836667 0.080488 0.006318 0.000379 0.900000 0.006329
1.963333 0.080488 0.008496 -0.000601 0.900000 0.008517
2.090000 0.080488 0.009421 -0.001103 0.900000 0.009486
2.216667 0.080488 0.013195 -0.001524 0.900000 0.013283
2.343333 0.080488 0.014086 -0.000795 0.900000 0.014108
2.470000 0.080488 0.011561 0.004556 0.900000 0.012426
2.596667 0.080488 0.017916 -0.002450 0.900000 0.018083
2.723333 0.080488 0.033282 -0.000283 0.900000 0.033284
2.850000 0.080488 0.044665 0.003131 0.900000 0.044774
2.976667 0.080488 0.047262 -0.005364 0.900000 0.047565
3.103333 0.080488 0.045943 -0.001534 0.900000 0.045969
3.230000 0.080488 0.038156 -0.002742 0.900000 0.038254
3.356667 0.080488 0.030619 -0.011257 0.900000 0.032623
3.483333 0.080488 0.021073 0.015892 0.900000 0.026393
3.610000 0.080488 0.006608 0.005541 0.900000 0.008624
3.736667 0.080488 0.000000 0.000000 0.000000 0.000000
0.063333 0.095122 0.000000 0.000000 0.000000 0.000000
0.190000 0.095122 0.000747 -0.003058 0.900000 0.003148
0.316667 0.095122 0.003275 -0.008106 0.900000 0.008743
0.443333 0.095122 0.001267 0.004012 0.900000 0.004207
0.570000 0.095122 -0.007797 0.025715 0.900000 0.026871
0.696667 0.095122 -0.013292 0.021536 0.900000 0.025308
0.823333 0.095122 -0.025685 -0.010692 0.900000 0.027821
0.950000 0.095122 -0.027888 -0.007093 0.900000 0.028776
1.076667 0.095122 -0.015115 -0.003272 0.900000 0.015465
1.203333 0.095122 -0.002785 -0.002746 0.900000 0.003912
1.330000 0.095122 0.009288 -0.005168 0.900000 0.010629
1.456667 0.095122 0.007568 0.003949 0.900000 0.008536
1.583333 0.095122 0.006240 0.007161 0.900000 0.009499
1.710000 0.095122 0.005923 0.002289 0.900000 0.006350
1.836667 0.095122 0.003209 0.000371 0.900000 0.003231
1.963333 0.095122 0.004087 -0.000660 0.900000 0.004140
2.090000 0.095122 0.005252 -0.001202 0.900000 0.005387
2.216667 0.095122 0.009821 -0.001783 0.900000 0.009982
2.343333 0.095122 0.008377 -0.000804 0.900000 0.008416
2.470000 0.095122 0.006500 0.004148 0.900000 0.007711
2.596667 0.095122 0.015139 -0.002285 0.900000 0.015311
2.723333 0.095122 0.031949 -0.001933 0.900000 0.032007
2.850000 0.095122 0.047306 0.003792 0.900000 0.047458
2.976667 0.095122 0.048598 -0.005996 0.900000 0.048967
3.103333 0.095122 0.045051 -0.000628 0.900000 0.045055
3.230000 0.095122 0.037427 -0.003067 0.900000 0.037553
3.356667 0.095122 0.025406 -0.011128 0.900000 0.027737
3.483333 0.095122 0.015632 0.016830 0.900000 0.022970
3.610000 0.095122 0.005606 0.006408 0.900000 0.008514
3.736667 0.095122 0.000000 0.000000 0.000000 0.000000
0.063333 0.109756 0.000000 0.000000 0.000000 0.000000
0.190000 0.109756 -0.000390 -0.003048 0.900000 0.003073
0.316667 0.109756 -0.000658 -0.008248 0.900000 0.008274
0.443333 0.109756 -0.004098 0.004637 0.900000 0.006189
0.570000 0.109756 -0.010479 0.026714 0.900000 0.028695
0.696667 0.109756 -0.009665 0.023401 0.900000 0.025319
0.823333 0.109756 -0.020545 -0.009696 0.900000 0.022718
0.950000 0.109756 -0.027363 -0.008309 0.900000 0.028597
1.076667 0.109756 -0.012933 -0.003387 0.900000 0.013369
1.203333 0.109756 -0.000767 -0.003689 0.900000 0.003768
1.330000 0.109756 0.007411 -0.005122 0.900000 0.009009
1.456667 0.109756 0.008393 0.003969 0.900000 0.009284
1.583333 0.109756 0.006911 0.007833 0.900000 0.010446
1.710000 0.109756 0.003789 0.001448 0.900000 0.004057
1.836667 0.109756 0.002783 0.000258 0.900000 0.002795
1.963333 0.109756 0.006015 -0.000709 0.900000 0.006057
2.090000 0.109756 0.007326 -0.001336 0.900000 0.007447
2.216667 0.109756 0.011521 -0.002016 0.900000 0.011696
2.343333 0.109756 0.009227 -0.000488 0.900000 0.009240
2.470000 0.109756 0.005620 0.003528 0.900000 0.006636
2.596667 0.109756 0.015162 -0.002264 0.900000 0.015331
2.723333 0.109756 0.030818 -0.003177 0.900000 0.030981
2.850000 0.109756 0.047482 0.003704 0.900000 0.047627
2.976667 0.109756 0.050223 -0.005820 0.900000 0.050560
3.103333 0.109756 0.044448 0.000174 0.900000 0.044448
3.230000 0.109756 0.036394 -0.003136 0.900000 0.036529
3.356667 0.109756 0.021194 -0.011136 0.900000 0.023941
3.483333 0.109756 0.011497 0.017130 0.900000 0.020630
3.610000 0.109756 0.004657 0.007046 0.900000 0.008446
3.736667 0.109756 0.000000 0.000000 0.000000 0.000000
0.063333 0.124390 0.000000 0.000000 0.000000 0.000000
0.190000 0.124390 -0.001478 -0.002819 0.900000 0.003183
0.316667 0.124390 -0.004259 -0.008076 0.900000 0.009130
0.443333 0.124390 -0.009046 0.005081 0.900000 0.010375
0.570000 0.124390 -0.013615 0.027181 0.900000 0.030401
0.696667 0.124390 -0.007235 0.024193 0.900000 0.025251
0.823333 0.124390 -0.015979 -0.008520 0.900000 0.018109
0.950000 0.124390 -0.026153 -0.009135 0.900000 0.027703
1.076667 0.124390 -0.010461 -0.004247 0.900000 0.011290
1.203333 0.124390 0.000664 -0.003688 0.900000 0.003748
1.330000 0.124390 0.005298 -0.005124 0.900000 0.007371
1.456667 0.124390 0.008699 0.003857 0.900000 0.009516
1.583333 0.124390 0.006877 0.005505 0.900000 0.008809
1.710000 0.124390 0.003544 0.000621 0.900000 0.003598
1.836667 0.124390 0.004684 -0.000067 0.900000 0.004684
1.963333 0.124390 0.008750 -0.000920 0.900000 0.008798
2.090000 0.124390 0.010271 -0.001344 0.900000 0.010359
2.216667 0.124390 0.013640 -0.002214 0.900000 0.013819
2.343333 0.124390 0.010972 -0.000095 0.900000 0.010973
2.470000 0.124390 0.007233 0.003057 0.900000 0.007852
2.596667 0.124390 0.017356 -0.002516 0.900000 0.017537
2.723333 0.124390 0.029877 -0.003534 0.900000 0.030086
2.850000 0.124390 0.046984 0.002716 0.900000 0.047062
2.976667 0.124390 0.052366 -0.005000 0.900000 0.052605
3.103333 0.124390 0.044741 0.000605 0.900000 0.044745
3.230000 0.124390 0.035373 -0.002935 0.900000 0.035495
3.356667 0.124390 0.017280 -0.011019 0.900000 0.020495
3.483333 0.124390 0.008241 0.016981 0.900000 0.018876
3.610000 0.124390 0.004328 0.007527 0.900000 0.008682
3.736667 0.124390 0.000000 0.000000 0.000000 0.000000
0.063333 0.139024 0.000000 0.000000 0.000000 0.000000
0.190000 0.139024 -0.002040 -0.002434 0.900000 0.003176
0.316667 0.139024 -0.006241 -0.007680 0.900000 0.009896
0.443333 0.139024 -0.011292 0.005312 0.900000 0.012479
0.570000 0.139024 -0.013262 0.027186 0.900000 0.030248
0.696667 0.139024 -0.003201 0.024190 0.900000 0.024401
0.823333 0.139024 -0.011828 -0.007082 0.900000 0.013786
0.950000 0.139024 -0.022754 -0.009943 0.900000 0.024832
1.076667 0.139024 -0.009377 -0.005060 0.900000 0.010655
1.203333 0.139024 -0.001370 -0.003217 0.900000 0.003497
1.330000 0.139024 0.003962 -0.005208 0.900000 0.006544
1.456667 0.139024 0.007064 0.003846 0.900000 0.008043
1.583333 0.139024 0.004475 0.001901 0.900000 0.004862
1.710000 0.139024 0.003345 -0.000637 0.900000 0.003405
1.836667 0.139024 0.006914 -0.000478 0.900000 0.006931
1.963333 0.139024 0.012123 -0.001315 0.900000 0.012194
2.090000 0.139024 0.013332 -0.001151 0.900000 0.013381
2.216667 0.139024 0.015577 -0.002366 0.900000 0.015756
2.343333 0.139024 0.013315 0.000210 0.900000 0.013317
2.470000 0.139024 0.009722 0.002677 0.900000 0.010084
2.596667 0.139024 0.019713 -0.002896 0.900000 0.019925
2.723333 0.139024 0.031298 -0.003177 0.900000 0.031459
2.850000 0.139024 0.043477 0.001848 0.900000 0.043517
2.976667 0.139024 0.048415 -0.004257 0.900000 0.048602
3.103333 0.139024 0.044303 0.000610 0.900000 0.044307
3.230000 0.139024 0.036275 -0.002786 0.900000 0.036382
3.356667 0.139024 0.015070 -0.010159 0.899998 0.018175
3.483333 0.139024 0.005066 0.016257 0.900000 0.017028
3.610000 0.139024 0.004372 0.007964 0.900000 0.009085
3.736667 0.139024 0.000000 0.000000 0.000000 0.000000
0.063333 0.153659 0.000000 0.000000 0.000000 0.000000
0.190000 0.153659 -0.002602 -0.001953 0.900000 0.003253
0.316667 0.153659 -0.008096 -0.007137 0.900000 0.010793
0.443333 0.153659 -0.012393 0.005171 0.900000 0.013428
0.570000 0.153659 -0.010862 0.026487 0.900000 0.028628
0.696667 0.153659 0.001064 0.023879 0.900000 0.023902
0.823333 0.153659 -0.006763 -0.005505 0.900000 0.008720
0.950000 0.153659 -0.017966 -0.010794 0.899999 0.020959
1.076667 0.153659 -0.008871 -0.005155 0.900000 0.010260
1.203333 0.153659 -0.000783 -0.003105 0.900000 0.003202
1.330000 0.153659 0.005553 -0.005218 0.900000 0.007620
1.456667 0.153659 0.010289 0.003646 0.900000 0.010916
1.583333 0.153659 0.006844 -0.001688 0.900000 0.007049
1.710000 0.153659 0.003013 -0.002278 0.899996 0.003777
1.836667 0.153659 0.008979 -0.000873 0.900000 0.009021
1.963333 0.153659 0.014706 -0.001804 0.900000 0.014816
2.090000 0.153659 0.015206 -0.000740 0.900000 0.015224
2.216667 0.153659 0.016828 -0.002522 0.900000 0.017016
2.343333 0.153659 0.015301 0.000334 0.900000 0.015304
2.470000 0.153659 0.012016 0.002413 0.900000 0.012256
2.596667 0.153659 0.021572 -0.003364 0.900000 0.021833
2.723333 0.153659 0.032502 -0.002371 0.900000 0.032588
2.850000 0.153659 0.039806 0.001946 0.900000 0.039854
2.976667 0.153659 0.043338 -0.004147 0.899999 0.043536
3.103333 0.153659 0.043221 0.000425 0.900000 0.043223
3.230000 0.153659 0.035901 -0.002805 0.899998 0.036010
3.356667 0.153659 0.013270 -0.008928 0.899966 0.015994
3.483333 0.153659 0.003272 0.015048 0.900000 0.015400
3.610000 0.153659 0.004024 0.008356 0.900000 0.009275
3.736667 0.153659 0.000000 0.000000 0.000000 0.000000
0.063333 0.168293 0.000000 0.000000 0.000000 0.000000
0.190000 0.168293 -0.003713 -0.001312 0.900000 0.003938
0.316667 0.168293 -0.011418 -0.006419 0.899993 0.013099
0.443333 0.168293 -0.015809 0.004607 0.900000 0.016467
0.570000 0.168293 -0.011727 0.024927 0.900000 0.027547
0.696667 0.168293 0.003195 0.023303 0.900000 0.023521
0.823333 0.168293 -0.002693 -0.004000 0.900000 0.004822
0.950000 0.168293 -0.016394 -0.011231 0.899983 0.019872
1.076667 0.168293 -0.010888 -0.004769 0.900000 0.011887
1.203333 0.168293 -0.000218 -0.003722 0.900000 0.003729
1.330000 0.168293 0.006887 -0.004946 0.900000 0.008479
1.456667 0.168293 0.014406 0.002703 0.899999 0.014658
1.583333 0.168293 0.010318 -0.005101 0.899994 0.011510
1.710000 0.168293 0.002505 -0.004227 0.899951 0.004913
1.836667 0.168293 0.009583 -0.000943 0.900000 0.009629
1.963333 0.168293 0.011921 -0.001997 0.900000 0.012087
2.090000 0.168293 0.011537 -0.000416 0.899999 0.011544
2.216667 0.168293 0.013969 -0.002511 0.900000 0.014193
2.343333 0.168293 0.011867 0.000293 0.900000 0.011870
2.470000 0.168293 0.011382 0.001957 0.899999 0.011549
2.596667 0.168293 0.020833 -0.003565 0.899999 0.021136
2.723333 0.168293 0.030328 -0.001584 0.899999 0.030369
2.850000 0.168293 0.040488 0.002250 0.900000 0.040551
2.976667 0.168293 0.044156 -0.004094 0.899986 0.044345
3.103333 0.168293 0.043024 0.000254 0.899996 0.043024
3.230000 0.168293 0.033616 -0.002464 0.899971 0.033706
3.356667 0.168293 0.009378 -0.007999 0.899644 0.012326
3.483333 0.168293 0.001653 0.013578 0.900000 0.013678
3.610000 0.168293 0.003809 0.008677 0.900000 0.009476
3.736667 0.168293 0.000000 0.000000 0.000000 0.000000
0.063333 0.182927 0.000000 0.000000 0.000000 0.000000
0.190000 0.182927 -0.004842 -0.000445 0.899999 0.004862
0.316667 0.182927 -0.014805 -0.005472 0.899907 0.015784
0.443333 0.182927 -0.019858 0.003741 0.900000 0.020207
0.570000 0.182927 -0.014038 0.022652 0.900000 0.026649
0.696667 0.182927 0.004323 0.022216 0.900000 0.022632
0.823333 0.182927 -0.000540 -0.002332 0.899996 0.002394
0.950000 0.182927 -0.016830 -0.011188 0.899835 0.020209
1.076667 0.182927 -0.012413 -0.004267 0.899992 0.013126
1.203333 0.182927 -0.001494 -0.004694 0.899991 0.004926
1.330000 0.182927 0.005400 -0.004508 0.899996 0.007034
1.456667 0.182927 0.013179 0.001397 0.899990 0.013253
1.583333 0.182927 0.008648 -0.006989 0.899914 0.011119
1.710000 0.182927 0.002028 -0.006581 0.899585 0.006886
1.836667 0.182927 0.010187 -0.000708 0.899998 0.010211
1.963333 0.182927 0.009272 -0.001621 0.900000 0.009413
2.090000 0.182927 0.008276 -0.000454 0.899984 0.008289
2.216667 0.182927 0.011360 -0.002118 0.899981 0.011556
2.343333 0.182927 0.008292 0.000143 0.900000 0.008293
2.470000 0.182927 0.010595 0.001000 0.899983 0.010642
2.596667 0.182927 0.020305 -0.003186 0.899971 0.020553
2.723333 0.182927 0.028384 -0.001226 0.899976 0.028410
2.850000 0.182927 0.041648 0.002030 0.899999 0.041697
2.976667 0.182927 0.045616 -0.003543 0.899742 0.045754
3.103333 0.182927 0.042743 0.000147 0.899938 0.042743
3.230000 0.182927 0.034385 -0.001875 0.899585 0.034436
3.356667 0.182927 0.008434 -0.006297 0.897625 0.010526
3.483333 0.182927 -0.000309 0.011791 0.900000 0.011795
3.610000 0.182927 0.003673 0.008952 0.900000 0.009677
3.736667 0.182927 0.000000 0.000000 0.000000 0.000000
0.063333 0.197561 0.000000 0.000000 0.000000 0.000000
0.190000 0.197561 -0.005996 0.000651 0.899977 0.006032
0.316667 0.197561 -0.018165 -0.004300 0.898938 0.018667
0.443333 0.197561 -0.023947 0.002658 0.899995 0.024094
0.570000 0.197561 -0.016861 0.019817 0.900000 0.026020
0.696667 0.197561 0.004819 0.020538 0.900000 0.021096
0.823333 0.197561 0.006120 -0.001053 0.899985 0.006210
0.950000 0.197561 -0.012405 -0.010265 0.898689 0.016101
1.076667 0.197561 -0.010179 -0.004168 0.899773 0.010999
1.203333 0.197561 0.000651 -0.005198 0.899843 0.005239
1.330000 0.197561 0.003593 -0.004036 0.899923 0.005404
1.456667 0.197561 0.011689 0.000088 0.899865 0.011689
1.583333 0.197561 0.006579 -0.006924 0.899074 0.009551
1.710000 0.197561 0.001656 -0.007698 0.897890 0.007874
1.836667 0.197561 0.012131 -0.000413 0.899975 0.012138
1.963333 0.197561 0.011506 -0.001047 0.899976 0.011554
2.090000 0.197561 0.010661 -0.000608 0.899627 0.010679
2.216667 0.197561 0.013174 -0.001527 0.899445 0.013263
2.343333 0.197561 0.010207 -0.000099 0.899981 0.010208
2.470000 0.197561 0.012352 -0.000125 0.899455 0.012353
2.596667 0.197561 0.022205 -0.002565 0.899210 0.022352
2.723333 0.197561 0.029945 -0.001136 0.899520 0.029966
2.850000 0.197561 0.043659 0.001328 0.899967 0.043679
2.976667 0.197561 0.047735 -0.002548 0.896219 0.047803
3.103333 0.197561 0.042757 0.000183 0.899040 0.042757
3.230000 0.197561 0.033920 -0.001357 0.894591 0.033947
3.356667 0.197561 0.007715 -0.002947 0.886839 0.008259
3.483333 0.197561 -0.000934 0.009746 0.900000 0.009790
3.610000 0.197561 0.003744 0.009221 0.899964 0.009952
3.736667 0.197561 0.000000 0.000000 0.000000 0.000000
0.063333 0.212195 0.000000 0.000000 0.000000 0.000000
0.190000 0.212195 -0.007377 0.002002 0.899627 0.007643
0.316667 0.212195 -0.020984 -0.003019 0.889779 0.021201
0.443333 0.212195 -0.027305 0.001485 0.899355 0.027346
0.570000 0.212195 -0.020268 0.016583 0.900000 0.026188
0.696667 0.212195 0.004928 0.018215 0.899999 0.018870
0.823333 0.212195 0.011968 -0.000690 0.899959 0.011988
0.950000 0.212195 -0.008164 -0.008087 0.890870 0.011491
1.076667 0.212195 -0.007680 -0.004744 0.895514 0.009027
1.203333 0.212195 0.002082 -0.004831 0.897930 0.005260
1.330000 0.212195 0.001284 -0.003501 0.898721 0.003729
1.456667 0.212195 0.009772 -0.001232 0.898505 0.009849
1.583333 0.212195 0.004228 -0.006093 0.891320 0.007416
1.710000 0.212195 0.001382 -0.005968 0.891453 0.006126
1.836667 0.212195 0.014497 -0.000131 0.899661 0.014497
1.963333 0.212195 0.014288 -0.000632 0.898420 0.014302
2.090000 0.212195 0.013694 -0.000646 0.892990 0.013709
2.216667 0.212195 0.015752 -0.001029 0.889211 0.015785
2.343333 0.212195 0.012424 -0.000368 0.898349 0.012429
2.470000 0.212195 0.013935 -0.001017 0.884341 0.013972
2.596667 0.212195 0.024702 -0.002072 0.885491 0.024789
2.723333 0.212195 0.032633 -0.000979 0.887753 0.032648
2.850000 0.212195 0.043025 0.000671 0.896030 0.043030
2.976667 0.212195 0.045214 -0.001336 0.855914 0.045234
3.103333 0.212195 0.039545 0.000331 0.841833 0.039546
3.230000 0.212195 0.027031 -0.000286 0.810213 0.027032
3.356667 0.212195 0.001676 0.000572 0.765677 0.001771
3.483333 0.212195 -0.004334 0.007655 0.782080 0.008797
3.610000 0.212195 0.001726 0.009270 0.756954 0.009429
3.736667 0.212195 0.000000 0.000000 0.000000 0.000000
0.063333 0.226829 0.000000 0.000000 0.000000 0.000000
0.190000 0.226829 -0.003573 0.003060 0.809818 0.004704
0.316667 0.226829 -0.012986 -0.001771 0.824877 0.013106
0.443333 0.226829 -0.022504 0.000818 0.875996 0.022519
0.570000 0.226829 -0.019576 0.013148 0.899799 0.023581
0.696667 0.226829 0.006198 0.015308 0.899808 0.016515
0.823333 0.226829 0.010650 0.000129 0.898184 0.010651
0.950000 0.226829 -0.007955 -0.005887 0.841370 0.009896
1.076667 0.226829 -0.005184 -0.005247 0.853351 0.007376
1.203333 0.226829 0.001169 -0.003997 0.874556 0.004165
1.330000 0.226829 -0.001566 -0.002759 0.882042 0.003173
1.456667 0.226829 0.005897 -0.002653 0.863937 0.006466
1.583333 0.226829 -0.000055 -0.005255 0.836161 0.005255
1.710000 0.226829 -0.000334 -0.003596 0.847112 0.003612
1.836667 0.226829 0.014533 0.000298 0.855220 0.014536
1.963333 0.226829 0.013644 -0.000423 0.820519 0.013651
2.090000 0.226829 0.014102 -0.000633 0.784033 0.014117
2.216667 0.226829 0.017600 -0.000911 0.751377 0.017624
2.343333 0.226829 0.014677 -0.000597 0.735262 0.014689
2.470000 0.226829 0.016502 -0.001720 0.692748 0.016591
2.596667 0.226829 0.030022 -0.001654 0.666937 0.030068
2.723333 0.226829 0.039923 -0.000920 0.638032 0.039933
2.850000 0.226829 0.047582 0.000589 0.612726 0.047585
2.976667 0.226829 0.048339 -0.000264 0.601619 0.048339
3.103333 0.226829 0.042316 0.000485 0.608919 0.042319
3.230000 0.226829 0.024741 0.001915 0.613031 0.024815
3.356667 0.226829 -0.001296 0.003232 0.609683 0.003482
3.483333 0.226829 -0.007944 0.005724 0.639627 0.009792
3.610000 0.226829 -0.001519 0.008694 0.636222 0.008825
3.736667 0.226829 0.000000 0.000000 0.000000 0.000000
0.063333 0.241463 0.000000 0.000000 0.000000 0.000000
0.190000 0.241463 -0.000110 0.003324 0.633215 0.003326
0.316667 0.241463 -0.004834 -0.000640 0.600338 0.004876
0.443333 0.241463 -0.010690 0.000422 0.604618 0.010698
0.570000 0.241463 -0.008864 0.010058 0.722034 0.013407
0.696667 0.241463 0.009517 0.012673 0.743079 0.015849
0.823333 0.241463 0.006592 0.002574 0.660579 0.007077
0.950000 0.241463 -0.009789 -0.004630 0.638200 0.010829
1.076667 0.241463 -0.004323 -0.004901 0.641352 0.006535
1.203333 0.241463 0.001208 -0.003192 0.643999 0.003413
1.330000 0.241463 -0.004060 -0.001563 0.636807 0.004350
1.456667 0.241463 0.001204 -0.005078 0.617310 0.005219
1.583333 0.241463 -0.001220 -0.004763 0.602321 0.004917
1.710000 0.241463 -0.001024 -0.002204 0.612983 0.002430
1.836667 0.241463 0.014540 0.000656 0.622292 0.014555
1.963333 0.241463 0.015597 -0.000436 0.604421 0.015603
2.090000 0.241463 0.016717 -0.000614 0.608047 0.016728
2.216667 0.241463 0.019565 -0.001087 0.610820 0.019595
2.343333 0.241463 0.015263 -0.000860 0.602605 0.015287
2.470000 0.241463 0.012716 -0.001852 0.600183 0.012850
2.596667 0.241463 0.025009 -0.001394 0.600881 0.025047
2.723333 0.241463 0.037086 -0.001199 0.600048 0.037106
2.850000 0.241463 0.043559 0.000951 0.600200 0.043569
2.976667 0.241463 0.045956 0.000303 0.600019 0.045957
3.103333 0.241463 0.040754 0.000872 0.600211 0.040763
3.230000 0.241463 0.022660 0.004754 0.601228 0.023154
3.356667 0.241463 -0.000692 0.005364 0.600862 0.005408
3.483333 0.241463 -0.007922 0.004054 0.603945 0.008899
3.610000 0.241463 -0.002465 0.007615 0.604602 0.008004
3.736667 0.241463 0.000000 0.000000 0.000000 0.000000
0.063333 0.256098 0.000000 0.000000 0.000000 0.000000
0.190000 0.256098 -0.001765 0.003444 0.602721 0.003869
0.316667 0.256098 -0.006902 0.000256 0.600006 0.006907
0.443333 0.256098 -0.005710 -0.000893 0.600042 0.005779
0.570000 0.256098 -0.001400 0.007853 0.623716 0.007976
0.696667 0.256098 0.008379 0.011317 0.636323 0.014082
0.823333 0.256098 0.000787 0.005943 0.607911 0.005994
0.950000 0.256098 -0.013132 -0.003914 0.600001 0.013703
1.076667 0.256098 -0.007012 -0.003879 0.600001 0.008014
1.203333 0.256098 0.000814 -0.002817 0.600037 0.002932
1.330000 0.256098 -0.005625 0.000132 0.601665 0.005627
1.456667 0.256098 -0.003509 -0.006986 0.600523 0.007818
1.583333 0.256098 -0.002928 -0.004865 0.600024 0.005678
1.710000 0.256098 -0.004006 -0.001029 0.600773 0.004136
1.836667 0.256098 0.008904 0.000655 0.601294 0.008928
1.963333 0.256098 0.009761 -0.000525 0.600170 0.009775
2.090000 0.256098 0.012017 -0.000681 0.600706 0.012037
2.216667 0.256098 0.015202 -0.001010 0.601726 0.015235
2.343333 0.256098 0.009205 -0.001163 0.600133 0.009278
2.470000 0.256098 0.006793 -0.001429 0.600009 0.006942
2.596667 0.256098 0.019925 -0.001327 0.600013 0.019969
2.723333 0.256098 0.035453 -0.001893 0.600000 0.035503
2.850000 0.256098 0.045222 0.001489 0.600003 0.045246
2.976667 0.256098 0.046856 0.000604 0.600000 0.046859
3.103333 0.256098 0.038644 0.001647 0.600007 0.038679
3.230000 0.256098 0.020467 0.007465 0.600118 0.021785
3.356667 0.256098 -0.000617 0.007362 0.600074 0.007388
3.483333 0.256098 -0.008034 0.002506 0.600196 0.008416
3.610000 0.256098 -0.002649 0.006410 0.600357 0.006936
3.736667 0.256098 0.000000 0.000000 0.000000 0.000000
0.063333 0.270732 0.000000 0.000000 0.000000 0.000000
0.190000 0.270732 -0.002295 0.003849 0.600158 0.004481
0.316667 0.270732 -0.008114 0.001020 0.600000 0.008178
0.443333 0.270732 -0.006250 -0.002968 0.600003 0.006919
0.570000 0.270732 -0.001300 0.006196 0.602560 0.006331
0.696667 0.270732 0.007094 0.010962 0.606047 0.013058
0.823333 0.270732 -0.002911 0.009753 0.601359 0.010178
0.950000 0.270732 -0.017001 -0.003404 0.600000 0.017338
1.076667 0.270732 -0.009580 -0.002699 0.600000 0.009953
1.203333 0.270732 -0.000574 -0.002899 0.600000 0.002956
1.330000 0.270732 -0.007607 0.002174 0.600158 0.007912
1.456667 0.270732 -0.005450 -0.005878 0.600221 0.008016
1.583333 0.270732 -0.003740 -0.005229 0.600001 0.006429
1.710000 0.270732 -0.003915 -0.000068 0.600068 0.003915
1.836667 0.270732 0.007575 0.000817 0.600039 0.007619
1.963333 0.270732 0.005210 -0.000527 0.600005 0.005236
2.090000 0.270732 0.007322 -0.000810 0.600049 0.007367
2.216667 0.270732 0.011127 -0.000595 0.600228 0.011143
2.343333 0.270732 0.003394 -0.001235 0.600007 0.003612
2.470000 0.270732 0.003432 -0.001362 0.600001 0.003692
2.596667 0.270732 0.018318 -0.001006 0.600000 0.018346
2.723333 0.270732 0.034134 -0.003031 0.600000 0.034268
2.850000 0.270732 0.047474 0.002016 0.600000 0.047517
2.976667 0.270732 0.049082 0.001069 0.600000 0.049094
3.103333 0.270732 0.038120 0.002756 0.600000 0.038220
3.230000 0.270732 0.019274 0.009954 0.600011 0.021692
3.356667 0.270732 -0.000400 0.009438 0.600006 0.009446
3.483333 0.270732 -0.007609 0.000898 0.600004 0.007662
3.610000 0.270732 -0.002291 0.005222 0.600018 0.005702
3.736667 0.270732 0.000000 0.000000 0.000000 0.000000
0.063333 0.285366 0.000000 0.000000 0.000000 0.000000
0.190000 0.285366 -0.002674 0.004367 0.600007 0.005121
0.316667 0.285366 -0.009059 0.001825 0.600000 0.009241
0.443333 0.285366 -0.007386 -0.005065 0.600000 0.008956
0.570000 0.285366 -0.002828 0.004646 0.600159 0.005439
0.696667 0.285366 0.006441 0.010699 0.600742 0.012488
0.823333 0.285366 -0.004967 0.012616 0.600264 0.013559
0.950000 0.285366 -0.020568 -0.003031 0.600000 0.020791
1.076667 0.285366 -0.007815 -0.002002 0.600000 0.008067
1.203333 0.285366 0.001735 -0.002634 0.600000 0.003154
1.330000 0.285366 -0.009075 0.004354 0.600013 0.010065
1.456667 0.285366 -0.006547 -0.003526 0.600011 0.007436
1.583333 0.285366 -0.004999 -0.005591 0.600000 0.007500
1.710000 0.285366 -0.006112 0.000633 0.600006 0.006144
1.836667 0.285366 0.006920 0.001071 0.600001 0.007002
1.963333 0.285366 0.007194 -0.000566 0.600000 0.007216
2.090000 0.285366 0.009591 -0.000864 0.600002 0.009630
2.216667 0.285366 0.013131 -0.000151 0.600017 0.013131
2.343333 0.285366 0.004210 -0.000938 0.600000 0.004313
2.470000 0.285366 0.002218 -0.001602 0.600000 0.002736
2.596667 0.285366 0.018019 -0.000582 0.600000 0.018028
2.723333 0.285366 0.033095 -0.003892 0.600000 0.033323
2.850000 0.285366 0.047237 0.002122 0.600000 0.047285
2.976667 0.285366 0.051325 0.001695 0.600000 0.051353
3.103333 0.285366 0.038827 0.004191 0.600000 0.039053
3.230000 0.285366 0.019389 0.012266 0.600001 0.022943
3.356667 0.285366 -0.000034 0.011610 0.600001 0.011610
3.483333 0.285366 -0.007167 -0.000798 0.600000 0.007211
3.610000 0.285366 -0.001953 0.004100 0.600001 0.004541
3.736667 0.285366 0.000000 0.000000 0.000000 0.000000
0.063333 0.300000 0.000000 0.000000 0.000000 0.000000
0.190000 0.300000 -0.002891 0.004961 0.600000 0.005742
0.316667 0.300000 -0.009405 0.002645 0.600000 0.009770
0.443333 0.300000 -0.007650 -0.007048 0.600000 0.010401
0.570000 0.300000 -0.004215 0.003287 0.600006 0.005345
0.696667 0.300000 0.005034 0.010150 0.600070 0.011330
0.823333 0.300000 -0.007263 0.012635 0.600044 0.014574
0.950000 0.300000 -0.023387 -0.002771 0.600000 0.023551
1.076667 0.300000 -0.005815 -0.002139 0.600000 0.006196
1.203333 0.300000 0.003519 -0.001450 0.600000 0.003806
1.330000 0.300000 -0.010618 0.006503 0.600001 0.012451
1.456667 0.300000 -0.007676 -0.001837 0.600000 0.007893
1.583333 0.300000 -0.006632 -0.005865 0.600000 0.008853
1.710000 0.300000 -0.008251 0.001714 0.600001 0.008427
1.836667 0.300000 0.006772 0.000903 0.600000 0.006832
1.963333 0.300000 0.009797 -0.000806 0.600000 0.009830
2.090000 0.300000 0.012570 -0.000834 0.600000 0.012597
2.216667 0.300000 0.015463 0.000242 0.600001 0.015465
2.343333 0.300000 0.005877 -0.000458 0.600000 0.005895
2.470000 0.300000 0.002092 -0.001611 0.600000 0.002641
2.596667 0.300000 0.018343 -0.000542 0.600000 0.018351
2.723333 0.300000 0.032475 -0.003883 0.600000 0.032706
2.850000 0.300000 0.046906 0.001531 0.600000 0.046931
2.976667 0.300000 0.053344 0.002476 0.600000 0.053402
3.103333 0.300000 0.039698 0.005691 0.600000 0.040103
3.230000 0.300000 0.019860 0.014335 0.600000 0.024493
3.356667 0.300000 0.001023 0.013848 0.600000 0.013885
3.483333 0.300000 -0.006598 -0.002313 0.600000 0.006991
3.610000 0.300000 -0.002109 0.002978 0.600000 0.003649
3.736667 0.300000 0.000000 0.000000 0.000000 0.000000
0.063333 0.314634 0.000000 0.000000 0.000000 0.000000
0.190000 0.314634 -0.002167 0.005503 0.600000 0.005914
0.316667 0.314634 -0.007116 0.003369 0.600000 0.007873
0.443333 0.314634 -0.004190 -0.008903 0.600000 0.009840
0.570000 0.314634 -0.001298 0.002183 0.600000 0.002540
0.696667 0.314634 0.005169 0.009660 0.600005 0.010956
0.823333 0.314634 -0.009959 0.011190 0.600005 0.014980
0.950000 0.314634 -0.023344 -0.002928 0.600000 0.023527
1.076667 0.314634 -0.005336 -0.002263 0.600000 0.005796
1.203333 0.314634 0.001222 0.000161 0.600000 0.001233
1.330000 0.314634 -0.013209 0.008748 0.600000 0.015843
1.456667 0.314634 -0.010097 -0.000750 0.600000 0.010125
1.583333 0.314634 -0.008476 -0.006061 0.600000 0.010420
1.710000 0.314634 -0.008130 0.003307 0.600000 0.008777
1.836667 0.314634 0.009141 0.000513 0.600000 0.009155
1.963333 0.314634 0.012940 -0.001247 0.600000 0.013000
2.090000 0.314634 0.015373 -0.000652 0.600000 0.015387
2.216667 0.314634 0.017321 0.000591 0.600000 0.017331
2.343333 0.314634 0.008362 -0.000021 0.600000 0.008362
2.470000 0.314634 0.004855 -0.001444 0.600000 0.005065
2.596667 0.314634 0.020671 -0.000667 0.600000 0.020682
2.723333 0.314634 0.034235 -0.003393 0.600000 0.034403
2.850000 0.314634 0.046073 0.000967 0.600000 0.046083
2.976667 0.314634 0.052368 0.003094 0.600000 0.052460
3.103333 0.314634 0.039218 0.007024 0.600000 0.039842
3.230000 0.314634 0.019172 0.016068 0.600000 0.025015
3.356667 0.314634 0.002359 0.016075 0.600000 0.016248
3.483333 0.314634 -0.004149 -0.003574 0.600000 0.005476
3.610000 0.314634 -0.000595 0.001996 0.600000 0.002083
3.736667 0.314634 0.000000 0.000000 0.000000 0.000000
0.063333 0.329268 0.000000 0.000000 0.000000 0.000000
0.190000 0.329268 -0.001391 0.005880 0.600000 0.006043
0.316667 0.329268 -0.004840 0.003930 0.600000 0.006235
0.443333 0.329268 -0.001098 -0.010656 0.600000 0.010713
0.570000 0.329268 0.001738 0.001230 0.600000 0.002129
0.696667 0.329268 0.005361 0.009664 0.600000 0.011051
0.823333 0.329268 -0.013286 0.009994 0.600000 0.016625
0.950000 0.329268 -0.023595 -0.003807 0.600000 0.023901
1.076667 0.329268 -0.005277 -0.001585 0.600000 0.005510
1.203333 0.329268 0.001923 0.001267 0.600000 0.002303
1.330000 0.329268 -0.013090 0.011538 0.600000 0.017449
1.456667 0.329268 -0.013345 -0.000487 0.599997 0.013354
1.583333 0.329268 -0.010601 -0.006281 0.600000 0.012322
1.710000 0.329268 -0.008277 0.004687 0.600000 0.009512
1.836667 0.329268 0.011241 0.000089 0.600000 0.011241
1.963333 0.329268 0.015308 -0.001815 0.600000 0.015416
2.090000 0.329268 0.017138 -0.000274 0.600000 0.017140
2.216667 0.329268 0.018632 0.000822 0.600000 0.018650
2.343333 0.329268 0.010419 0.000273 0.600000 0.010423
2.470000 0.329268 0.007522 -0.001278 0.600000 0.007630
2.596667 0.329268 0.022676 -0.000669 0.600000 0.022685
2.723333 0.329268 0.035441 -0.002677 0.600000 0.035542
2.850000 0.329268 0.044865 0.001193 0.600000 0.044881
2.976667 0.329268 0.050571 0.003229 0.600000 0.050674
3.103333 0.329268 0.040124 0.008043 0.600000 0.040923
3.230000 0.329268 0.020524 0.017609 0.600000 0.027043
3.356667 0.329268 0.003272 0.018321 0.600000 0.018611
3.483333 0.329268 -0.002448 -0.004923 0.600000 0.005498
3.610000 0.329268 0.000749 0.001336 0.600000 0.001531
3.736667 0.329268 0.000000 0.000000 0.000000 0.000000
0.063333 0.343902 0.000000 0.000000 0.000000 0.000000
0.190000 0.343902 -0.001387 0.006177 0.600000 0.006331
0.316667 0.343902 -0.004661 0.004411 0.600000 0.006417
0.443333 0.343902 -0.001454 -0.012246 0.600000 0.012332
0.570000 0.343902 0.000213 0.000372 0.600000 0.000428
0.696667 0.343902 0.003638 0.009928 0.600000 0.010573
0.823333 0.343902 -0.014106 0.008941 0.600000 0.016701
0.950000 0.343902 -0.024478 -0.004943 0.600000 0.024972
1.076667 0.343902 -0.007938 -0.000337 0.600000 0.007945
1.203333 0.343902 0.003672 0.001290 0.600000 0.003893
1.330000 0.343902 -0.012046 0.015317 0.599998 0.019486
1.456667 0.343902 -0.016881 -0.001297 0.599965 0.016931
1.583333 0.343902 -0.014669 -0.006307 0.600000 0.015967
1.710000 0.343902 -0.010611 0.005425 0.600000 0.011917
1.836667 0.343902 0.010600 0.000013 0.600000 0.010600
1.963333 0.343902 0.010996 -0.002251 0.600000 0.011224
2.090000 0.343902 0.011908 0.000124 0.600000 0.011908
2.216667 0.343902 0.014041 0.000992 0.600000 0.014076
2.343333 0.343902 0.005902 0.000503 0.600000 0.005923
2.470000 0.343902 0.006720 -0.001536 0.600000 0.006893
2.596667 0.343902 0.021757 -0.000248 0.600000 0.021758
2.723333 0.343902 0.033534 -0.001973 0.600000 0.033592
2.850000 0.343902 0.046552 0.001754 0.600000 0.046585
2.976667 0.343902 0.052985 0.003121 0.600000 0.053076
3.103333 0.343902 0.040984 0.008870 0.600000 0.041933
3.230000 0.343902 0.020739 0.019196 0.600000 0.028259
3.356667 0.343902 0.004606 0.020578 0.600000 0.021087
3.483333 0.343902 -0.002147 -0.006252 0.600000 0.006610
3.610000 0.343902 0.000267 0.000770 0.600000 0.000815
3.736667 0.343902 0.000000 0.000000 0.000000 0.000000
0.063333 0.358537 0.000000 0.000000 0.000000 0.000000
0.190000 0.358537 -0.001374 0.006481 0.600000 0.006625
0.316667 0.358537 -0.004304 0.004854 0.600000 0.006487
0.443333 0.358537 -0.001752 -0.013578 0.600000 0.013690
0.570000 0.358537 -0.002291 -0.000289 0.600000 0.002309
0.696667 0.358537 0.001248 0.010009 0.600000 0.010087
0.823333 0.358537 -0.014969 0.007980 0.600000 0.016963
0.950000 0.358537 -0.025910 -0.005872 0.599992 0.026567
1.076667 0.358537 -0.010440 0.001118 0.600000 0.010499
1.203333 0.358537 0.003344 0.000421 0.600000 0.003371
1.330000 0.358537 -0.013845 0.020141 0.599981 0.024440
1.456667 0.358537 -0.020814 -0.002801 0.599762 0.021001
1.583333 0.358537 -0.019473 -0.005721 0.599999 0.020296
1.710000 0.358537 -0.013918 0.005461 0.600000 0.014951
1.836667 0.358537 0.009812 0.000610 0.600000 0.009831
1.963333 0.358537 0.006969 -0.002351 0.600000 0.007355
2.090000 0.358537 0.007008 0.000353 0.600000 0.007017
2.216667 0.358537 0.009605 0.001211 0.600000 0.009681
2.343333 0.358537 0.001409 0.000708 0.600000 0.001577
2.470000 0.358537 0.005938 -0.002569 0.599992 0.006470
2.596667 0.358537 0.020870 0.000831 0.600000 0.020886
2.723333 0.358537 0.031047 -0.001759 0.599999 0.031096
2.850000 0.358537 0.048302 0.001980 0.600000 0.048342
2.976667 0.358537 0.056137 0.003067 0.600000 0.056221
3.103333 0.358537 0.045476 0.009588 0.600000 0.046476
3.230000 0.358537 0.024894 0.019008 0.600000 0.031321
3.356667 0.358537 0.006439 0.022772 0.600000 0.023665
3.483333 0.358537 -0.001303 -0.007300 0.600000 0.007415
3.610000 0.358537 0.000117 0.000133 0.600000 0.000177
3.736667 0.358537 0.000000 0.000000 0.000000 0.000000
0.063333 0.373171 0.000000 0.000000 0.000000 0.000000
0.190000 0.373171 -0.001277 0.006784 0.600000 0.006904
0.316667 0.373171 -0.003507 0.005209 0.600000 0.006280
0.443333 0.373171 -0.001479 -0.014623 0.600000 0.014698
0.570000 0.373171 -0.005236 -0.000593 0.599998 0.005270
0.696667 0.373171 -0.002966 0.009801 0.600000 0.010240
0.823333 0.373171 -0.019640 0.007333 0.599994 0.020964
0.950000 0.373171 -0.029705 -0.006950 0.599862 0.030507
1.076667 0.373171 -0.008558 0.002232 0.600000 0.008844
1.203333 0.373171 0.006243 -0.000435 0.599998 0.006259
1.330000 0.373171 0.011833 0.022681 0.599991 0.025582
1.456667 0.373171 0.004344 -0.003737 0.599042 0.005731
1.583333 0.373171 -0.022662 -0.004299 0.599987 0.023067
1.710000 0.373171 -0.016391 0.004514 0.599998 0.017001
1.836667 0.373171 0.011068 0.001407 0.600000 0.011157
1.963333 0.373171 0.009168 -0.002333 0.600000 0.009460
2.090000 0.373171 0.009399 0.000445 0.600000 0.009409
2.216667 0.373171 0.011643 0.001412 0.600000 0.011728
2.343333 0.373171 0.003649 0.000820 0.600000 0.003740
2.470000 0.373171 0.008665 -0.004009 0.599794 0.009548
2.596667 0.373171 0.022977 0.002297 0.599995 0.023091
2.723333 0.373171 0.031780 -0.001961 0.599970 0.031840
2.850000 0.373171 0.050540 0.001729 0.599999 0.050569
2.976667 0.373171 0.059130 0.003183 0.600000 0.059215
3.103333 0.373171 0.052750 0.009714 0.600000 0.053637
3.230000 0.373171 0.032113 0.015524 0.600000 0.035669
3.356667 0.373171 0.007985 0.024891 0.600000 0.026141
3.483333 0.373171 -0.000309 -0.008161 0.600000 0.008166
3.610000 0.373171 0.000364 -0.000490 0.600000 0.000611
3.736667 0.373171 0.000000 0.000000 0.000000 0.000000
0.063333 0.387805 0.000000 0.000000 0.000000 0.000000
0.190000 0.387805 -0.001075 0.007066 0.600000 0.007147
0.316667 0.387805 -0.001880 0.005371 0.600000 0.005690
0.443333 0.387805 -0.000080 -0.015344 0.599994 0.015344
0.570000 0.387805 -0.008141 -0.000400 0.599901 0.008151
0.696667 0.387805 -0.007825 0.009290 0.599994 0.012146
0.823333 0.387805 -0.015659 0.005893 0.599590 0.016731
0.950000 0.387805 -0.024003 -0.007549 0.598408 0.025162
1.076667 0.387805 -0.006166 0.002587 0.599999 0.006687
1.203333 0.387805 0.008180 -0.000641 0.599902 0.008205
1.330000 0.387805 0.040461 0.019188 0.599996 0.044780
1.456667 0.387805 0.034307 -0.003315 0.596973 0.034467
1.583333 0.387805 -0.023617 -0.002138 0.599853 0.023714
1.710000 0.387805 -0.017150 0.002416 0.599945 0.017319
1.836667 0.387805 0.012835 0.002029 0.599999 0.012995
1.963333 0.387805 0.012057 -0.002465 0.599980 0.012307
2.090000 0.387805 0.012822 0.000479 0.599994 0.012831
2.216667 0.387805 0.014326 0.001542 0.600000 0.014409
2.343333 0.387805 0.006138 0.000813 0.599973 0.006192
2.470000 0.387805 0.011117 -0.005460 0.597282 0.012386
2.596667 0.387805 0.025127 0.003828 0.599894 0.025417
2.723333 0.387805 0.033815 -0.002449 0.599368 0.033903
2.850000 0.387805 0.053569 0.001150 0.599959 0.053581
2.976667 0.387805 0.062347 0.003489 0.599979 0.062444
3.103333 0.387805 0.052523 0.009678 0.599998 0.053407
3.230000 0.387805 0.031091 0.010337 0.599607 0.032764
3.356667 0.387805 0.009428 0.026873 0.599993 0.028479
3.483333 0.387805 0.001248 -0.008924 0.599998 0.009011
3.610000 0.387805 0.000914 -0.001019 0.600000 0.001369
3.736667 0.387805 0.000000 0.000000 0.000000 0.000000
0.063333 0.402439 0.000000 0.000000 0.000000 0.000000
0.190000 0.402439 -0.000187 0.007235 0.600000 0.007237
0.316667 0.402439 0.001994 0.005166 0.600000 0.005538
0.443333 0.402439 0.004147 -0.015667 0.599925 0.016207
0.570000 0.402439 -0.007212 -0.000078 0.597316 0.007213
0.696667 0.402439 -0.012194 0.008795 0.599702 0.015035
0.823333 0.402439 -0.011511 0.001685 0.590203 0.011634
0.950000 0.402439 -0.012706 -0.005964 0.586999 0.014036
1.076667 0.402439 -0.004747 0.002847 0.599935 0.005535
1.203333 0.402439 0.006247 -0.000853 0.595189 0.006305
1.330000 0.402439 0.039271 0.012125 0.599730 0.041100
1.456667 0.402439 0.033356 -0.002237 0.589006 0.033431
1.583333 0.402439 -0.025114 0.000514 0.597992 0.025119
1.710000 0.402439 -0.017193 -0.000123 0.593730 0.017193
1.836667 0.402439 0.015525 0.002541 0.599796 0.015731
1.963333 0.402439 0.014357 -0.002652 0.599463 0.014599
2.090000 0.402439 0.015190 0.000280 0.596954 0.015192
2.216667 0.402439 0.016777 0.001517 0.598841 0.016846
2.343333 0.402439 0.007607 0.000761 0.596524 0.007645
2.470000 0.402439 0.011637 -0.007013 0.579370 0.013587
2.596667 0.402439 0.025669 0.005223 0.598714 0.026195
2.723333 0.402439 0.034594 -0.003326 0.588921 0.034753
2.850000 0.402439 0.052848 0.000596 0.598644 0.052852
2.976667 0.402439 0.064428 0.003059 0.599409 0.064501
3.103333 0.402439 0.059430 0.009619 0.599922 0.060203
3.230000 0.402439 0.038010 0.004472 0.592589 0.038272
3.356667 0.402439 0.014087 0.028870 0.599782 0.032124
3.483333 0.402439 0.003383 -0.009612 0.599984 0.010190
3.610000 0.402439 0.001624 -0.001401 0.600000 0.002145
3.736667 0.402439 0.000000 0.000000 0.000000 0.000000
0.063333 0.417073 0.000000 0.000000 0.000000 0.000000
0.190000 0.417073 0.000722 0.007209 0.600000 0.007245
0.316667 0.417073 0.005695 0.004519 0.600000 0.007270
0.443333 0.417073 0.002923 -0.014920 0.599381 0.015203
0.570000 0.417073 -0.008064 0.000004 0.510443 0.008064
0.696667 0.417073 0.028318 0.004320 0.533737 0.028646
0.823333 0.417073 0.052759 -0.000650 0.516381 0.052763
0.950000 0.417073 0.020460 -0.002221 0.509340 0.020580
1.076667 0.417073 0.015247 0.001555 0.517715 0.015326
1.203333 0.417073 0.017682 -0.000571 0.509412 0.017691
1.330000 0.417073 0.035751 0.004221 0.531157 0.035999
1.456667 0.417073 0.037197 -0.000852 0.521486 0.037207
1.583333 0.417073 0.012929 0.000973 0.516598 0.012965
1.710000 0.417073 0.001076 -0.000669 0.513030 0.001267
1.836667 0.417073 0.001813 0.001102 0.599115 0.002121
1.963333 0.417073 -0.013294 0.000662 0.589290 0.013311
2.090000 0.417073 -0.039999 0.000038 0.512713 0.039999
2.216667 0.417073 -0.026510 0.000719 0.515166 0.026519
2.343333 0.417073 -0.012516 0.000369 0.515381 0.012521
2.470000 0.417073 -0.034444 -0.003924 0.511892 0.034667
2.596667 0.417073 -0.032887 0.002926 0.525643 0.033017
2.723333 0.417073 -0.019977 -0.001933 0.509767 0.020070
2.850000 0.417073 -0.034292 0.000190 0.511564 0.034292
2.976667 0.417073 -0.029678 0.001218 0.517173 0.029703
3.103333 0.417073 0.003247 0.004722 0.534643 0.005731
3.230000 0.417073 0.022360 0.000654 0.520445 0.022370
3.356667 0.417073 0.011001 0.030218 0.596252 0.032158
3.483333 0.417073 0.005857 -0.010100 0.599897 0.011675
3.610000 0.417073 0.002010 -0.001656 0.599999 0.002604
3.736667 0.417073 0.000000 0.000000 0.000000 0.000000
0.063333 0.431707 0.000000 0.000000 0.000000 0.000000
0.190000 0.431707 0.001019 0.007060 0.600000 0.007133
0.316667 0.431707 0.006468 0.003643 0.600000 0.007423
0.443333 0.431707 0.005449 -0.013494 0.600000 0.014553
0.570000 0.431707 0.000000 0.000000 0.000000 0.000000
0.696667 0.431707 0.000000 0.000000 0.000000 0.000000
0.823333 0.431707 0.000000 0.000000 0.000000 0.000000
0.950000 0.431707 0.000000 0.000000 0.000000 0.000000
1.076667 0.431707 0.000000 0.000000 0.000000 0.000000
1.203333 0.431707 0.000000 0.000000 0.000000 0.000000
1.330000 0.431707 0.000000 0.000000 0.000000 0.000000
1.456667 0.431707 0.000000 0.000000 0.000000 0.000000
1.583333 0.431707 0.000000 0.000000 0.000000 0.000000
1.710000 0.431707 0.000000 0.000000 0.000000 0.000000
1.836667 0.431707 0.005692 -0.001436 0.599925 0.005870
1.963333 0.431707 0.005692 0.004770 0.599514 0.007426
2.090000 0.431707 0.000000 0.000000 0.000000 0.000000
2.216667 0.431707 0.000000 0.000000 0.000000 0.000000
2.343333 0.431707 0.000000 0.000000 0.000000 0.000000
2.470000 0.431707 0.000000 0.000000 0.000000 0.000000
2.596667 0.431707 0.000000 0.000000 0.000000 0.000000
2.723333 0.431707 0.000000 0.000000 0.000000 0.000000
2.850000 0.431707 0.000000 0.000000 0.000000 0.000000
2.976667 0.431707 0.000000 0.000000 0.000000 0.000000
3.103333 0.431707 0.000000 0.000000 0.000000 0.000000
3.230000 0.431707 0.000000 0.000000 0.000000 0.000000
3.356667 0.431707 0.005319 0.029845 0.597840 0.030315
3.483333 0.431707 0.007504 -0.010257 0.599955 0.012709
3.610000 0.431707 0.002185 -0.001843 0.600000 0.002858
3.736667 0.431707 0.000000 0.000000 0.000000 0.000000
0.063333 0.446341 0.000000 0.000000 0.000000 0.000000
0.190000 0.446341 0.001254 0.006874 0.600000 0.006988
0.316667 0.446341 0.006168 0.002841 0.600000 0.006791
0.443333 0.446341 0.004914 -0.012302 0.600000 0.013247
0.570000 0.446341 0.000000 0.000000 0.000000 0.000000
0.696667 0.446341 0.000000 0.000000 0.000000 0.000000
0.823333 0.446341 0.000000 0.000000 0.000000 0.000000
0.950000 0.446341 0.000000 0.000000 0.000000 0.000000
1.076667 0.446341 0.000000 0.000000 0.000000 0.000000
1.203333 0.446341 0.000000 0.000000 0.000000 0.000000
1.330000 0.446341 0.000000 0.000000 0.000000 0.000000
1.456667 0.446341 0.000000 0.000000 0.000000 0.000000
1.583333 0.446341 0.000000 0.000000 0.000000 0.000000
1.710000 0.446341 0.000000 0.000000 0.000000 0.000000
1.836667 0.446341 0.002692 -0.002872 0.599999 0.003936
1.963333 0.446341 0.002692 0.005871 0.599977 0.006458
2.090000 0.446341 0.000000 0.000000 0.000000 0.000000
2.216667 0.446341 0.000000 0.000000 0.000000 0.000000
2.343333 0.446341 0.000000 0.000000 0.000000 0.000000
2.470000 0.446341 0.000000 0.000000 0.000000 0.000000
2.596667 0.446341 0.000000 0.000000 0.000000 0.000000
2.723333 0.446341 0.000000 0.000000 0.000000 0.000000
2.850000 0.446341 0.000000 0.000000 0.000000 0.000000
2.976667 0.446341 0.000000 0.000000 0.000000 0.000000
3.103333 0.446341 0.000000 0.000000 0.000000 0.000000
3.230000 0.446341 0.000000 0.000000 0.000000 0.000000
3.356667 0.446341 0.005903 0.028419 0.599171 0.029025
3.483333 0.446341 0.008336 -0.010208 0.599987 0.013179
3.610000 0.446341 0.002433 -0.001978 0.600000 0.003136
3.736667 0.446341 0.000000 0.000000 0.000000 0.000000
0.063333 0.460976 0.000000 0.000000 0.000000 0.000000
0.190000 0.460976 0.001511 0.006660 0.600000 0.006829
0.316667 0.460976 0.006148 0.002194 0.600000 0.006528
0.443333 0.460976 0.004637 -0.011209 0.600000 0.012131
0.570000 0.460976 0.000000 0.000000 0.000000 0.000000
0.696667 0.460976 0.000000 0.000000 0.000000 0.000000
0.823333 0.460976 0.000000 0.000000 0.000000 0.000000
0.950000 0.460976 0.000000 0.000000 0.000000 0.000000
1.076667 0.460976 0.000000 0.000000 0.000000 0.000000
1.203333 0.460976 0.000000 0.000000 0.000000 0.000000
1.330000 0.460976 0.000000 0.000000 0.000000 0.000000
1.456667 0.460976 0.000000 0.000000 0.000000 0.000000
1.583333 0.460976 0.000000 0.000000 0.000000 0.000000
1.710000 0.460976 0.000000 0.000000 0.000000 0.000000
1.836667 0.460976 0.001368 -0.003852 0.600000 0.004088
1.963333 0.460976 0.001368 0.006466 0.599999 0.006610
2.090000 0.460976 0.000000 0.000000 0.000000 0.000000
2.216667 0.460976 0.000000 0.000000 0.000000 0.000000
2.343333 0.460976 0.000000 0.000000 0.000000 0.000000
2.470000 0.460976 0.000000 0.000000 0.000000 0.000000
2.596667 0.460976 0.000000 0.000000 0.000000 0.000000
2.723333 0.460976 0.000000 0.000000 0.000000 0.000000
2.850000 0.460976 0.000000 0.000000 0.000000 0.000000
2.976667 0.460976 0.000000 0.000000 0.000000 0.000000
3.103333 0.460976 0.000000 0.000000 0.000000 0.000000
3.230000 0.460976 0.000000 0.000000 0.000000 0.000000
3.356667 0.460976 0.006505 0.026766 0.599774 0.027545
3.483333 0.460976 0.009680 -0.010117 0.599997 0.014002
3.610000 0.460976 0.003175 -0.002001 0.600000 0.003753
3.736667 0.460976 0.000000 0.000000 0.000000 0.000000
0.063333 0.475610 0.000000 0.000000 0.000000 0.000000
0.190000 0.475610 0.001836 0.006410 0.600000 0.006667
0.316667 0.475610 0.006462 0.001653 0.600000 0.006670
0.443333 0.475610 0.004626 -0.010160 0.600000 0.011163
0.570000 0.475610 0.000000 0.000000 0.000000 0.000000
0.696667 0.475610 0.000000 0.000000 0.000000 0.000000
0.823333 0.475610 0.000000 0.000000 0.000000 0.000000
0.950000 0.475610 0.000000 0.000000 0.000000 0.000000
1.076667 0.475610 0.000000 0.000000 0.000000 0.000000
1.203333 0.475610 0.000000 0.000000 0.000000 0.000000
1.330000 0.475610 0.000000 0.000000 0.000000 0.000000
1.456667 0.475610 0.000000 0.000000 0.000000 0.000000
1.583333 0.475610 0.000000 0.000000 0.000000 0.000000
1.710000 0.475610 0.000000 0.000000 0.000000 0.000000
1.836667 0.475610 0.000288 -0.004522 0.600000 0.004531
1.963333 0.475610 0.000288 0.006775 0.600000 0.006781
2.090000 0.475610 0.000000 0.000000 0.000000 0.000000
2.216667 0.475610 0.000000 0.000000 0.000000 0.000000
2.343333 0.475610 0.000000 0.000000 0.000000 0.000000
2.470000 0.475610 0.000000 0.000000 0.000000 0.000000
2.596667 0.475610 0.000000 0.000000 0.000000 0.000000
2.723333 0.475610 0.000000 0.000000 0.000000 0.000000
2.850000 0.475610 0.000000 0.000000 0.000000 0.000000
2.976667 0.475610 0.000000 0.000000 0.000000 0.000000
3.103333 0.475610 0.000000 0.000000 0.000000 0.000000
3.230000 0.475610 0.000000 0.000000 0.000000 0.000000
3.356667 0.475610 0.007226 0.024863 0.599954 0.025892
3.483333 0.475610 0.010949 -0.009993 0.599999 0.014824
3.610000 0.475610 0.003723 -0.001878 0.600000 0.004170
3.736667 0.475610 0.000000 0.000000 0.000000 0.000000
0.063333 0.490244 0.000000 0.000000 0.000000 0.000000
0.190000 0.490244 0.002599 0.006054 0.600000 0.006588
0.316667 0.490244 0.007860 0.001176 0.600000 0.007947
0.443333 0.490244 0.005261 -0.009051 0.600000 0.010469
0.570000 0.490244 0.000000 0.000000 0.000000 0.000000
0.696667 0.490244 0.000000 0.000000 0.000000 0.000000
0.823333 0.490244 0.000000 0.000000 0.000000 0.000000
0.950000 0.490244 0.000000 0.000000 0.000000 0.000000
1.076667 0.490244 0.000000 0.000000 0.000000 0.000000
1.203333 0.490244 0.000000 0.000000 0.000000 0.000000
1.330000 0.490244 0.000000 0.000000 0.000000 0.000000
1.456667 0.490244 0.000000 0.000000 0.000000 0.000000
1.583333 0.490244 0.000000 0.000000 0.000000 0.000000
1.710000 0.490244 0.000000 0.000000 0.000000 0.000000
1.836667 0.490244 -0.000658 -0.004937 0.600000 0.004980
1.963333 0.490244 -0.000658 0.006839 0.600000 0.006871
2.090000 0.490244 0.000000 0.000000 0.000000 0.000000
2.216667 0.490244 0.000000 0.000000 0.000000 0.000000
2.343333 0.490244 0.000000 0.000000 0.000000 0.000000
2.470000 0.490244 0.000000 0.000000 0.000000 0.000000
2.596667 0.490244 0.000000 0.000000 0.000000 0.000000
2.723333 0.490244 0.000000 0.000000 0.000000 0.000000
2.850000 0.490244 0.000000 0.000000 0.000000 0.000000
2.976667 0.490244 0.000000 0.000000 0.000000 0.000000
3.103333 0.490244 0.000000 0.000000 0.000000 0.000000
3.230000 0.490244 0.000000 0.000000 0.000000 0.000000
3.356667 0.490244 0.008311 0.022677 0.599993 0.024152
3.483333 0.490244 0.012045 -0.009718 0.600000 0.015477
3.610000 0.490244 0.003734 -0.001683 0.600000 0.004096
3.736667 0.490244 0.000000 0.000000 0.000000 0.000000
0.063333 0.504878 0.000000 0.000000 0.000000 0.000000
0.190000 0.504878 0.003449 0.005499 0.600000 0.006491
0.316667 0.504878 0.009234 0.000766 0.600000 0.009266
0.443333 0.504878 0.005785 -0.007826 0.600000 0.009732
0.570000 0.504878 0.000000 0.000000 0.000000 0.000000
0.696667 0.504878 0.000000 0.000000 0.000000 0.000000
0.823333 0.504878 0.000000 0.000000 0.000000 0.000000
0.950000 0.504878 0.000000 0.000000 0.000000 0.000000
1.076667 0.504878 0.000000 0.000000 0.000000 0.000000
1.203333 0.504878 0.000000 0.000000 0.000000 0.000000
1.330000 0.504878 0.000000 0.000000 0.000000 0.000000
1.456667 0.504878 0.000000 0.000000 0.000000 0.000000
1.583333 0.504878 0.000000 0.000000 0.000000 0.000000
1.710000 0.504878 0.000000 0.000000 0.000000 0.000000
1.836667 0.504878 -0.001659 -0.005111 0.600000 0.005373
1.963333 0.504878 -0.001659 0.006669 0.600000 0.006872
2.090000 0.504878 0.000000 0.000000 0.000000 0.000000
2.216667 0.504878 0.000000 0.000000 0.000000 0.000000
2.343333 0.504878 0.000000 0.000000 0.000000 0.000000
2.470000 0.504878 0.000000 0.000000 0.000000 0.000000
2.596667 0.504878 0.000000 0.000000 0.000000 0.000000
2.723333 0.504878 0.000000 0.000000 0.000000 0.000000
2.850000 0.504878 0.000000 0.000000 0.000000 0.000000
2.976667 0.504878 0.000000 0.000000 0.000000 0.000000
3.103333 0.504878 0.000000 0.000000 0.000000 0.000000
3.230000 0.504878 0.000000 0.000000 0.000000 0.000000
3.356667 0.504878 0.009495 0.020179 0.599999 0.022301
3.483333 0.504878 0.013213 -0.009189 0.600000 0.016094
3.610000 0.504878 0.003719 -0.001478 0.600000 0.004002
3.736667 0.504878 0.000000 0.000000 0.000000 0.000000
0.063333 0.519512 0.000000 0.000000 0.000000 0.000000
0.190000 0.519512 0.003955 0.004776 0.600000 0.006201
0.316667 0.519512 0.009877 0.000454 0.600000 0.009887
0.443333 0.519512 0.005922 -0.006544 0.600000 0.008826
0.570000 0.519512 0.000000 0.000000 0.000000 0.000000
0.696667 0.519512 0.000000 0.000000 0.000000 0.000000
0.823333 0.519512 0.000000 0.000000 0.000000 0.000000
0.950000 0.519512 0.000000 0.000000 0.000000 0.000000
1.076667 0.519512 0.000000 0.000000 0.000000 0.000000
1.203333 0.519512 0.000000 0.000000 0.000000 0.000000
1.330000 0.519512 0.000000 0.000000 0.000000 0.000000
1.456667 0.519512 0.000000 0.000000 0.000000 0.000000
1.583333 0.519512 0.000000 0.000000 0.000000 0.000000
1.710000 0.519512 0.000000 0.000000 0.000000 0.000000
1.836667 0.519512 -0.003331 -0.004949 0.600000 0.005966
1.963333 0.519512 -0.003331 0.006178 0.600000 0.007019
2.090000 0.519512 0.000000 0.000000 0.000000 0.000000
2.216667 0.519512 0.000000 0.000000 0.000000 0.000000
2.343333 0.519512 0.000000 0.000000 0.000000 0.000000
2.470000 0.519512 0.000000 0.000000 0.000000 0.000000
2.596667 0.519512 0.000000 0.000000 0.000000 0.000000
2.723333 0.519512 0.000000 0.000000 0.000000 0.000000
2.850000 0.519512 0.000000 0.000000 0.000000 0.000000
2.976667 0.519512 0.000000 0.000000 0.000000 0.000000
3.103333 0.519512 0.000000 0.000000 0.000000 0.000000
3.230000 0.519512 0.000000 0.000000 0.000000 0.000000
3.356667 0.519512 0.010644 0.017407 0.600000 0.020403
3.483333 0.519512 0.014349 -0.008367 0.600000 0.016611
3.610000 0.519512 0.003705 -0.001265 0.600000 0.003915
3.736667 0.519512 0.000000 0.000000 0.000000 0.000000
0.063333 0.534146 0.000000 0.000000 0.000000 0.000000
0.190000 0.534146 0.004514 0.003943 0.600000 0.005994
0.316667 0.534146 0.010690 0.000236 0.600000 0.010693
0.443333 0.534146 0.006176 -0.005234 0.600000 0.008096
0.570000 0.534146 0.000000 0.000000 0.000000 0.000000
0.696667 0.534146 0.000000 0.000000 0.000000 0.000000
0.823333 0.534146 0.000000 0.000000 0.000000 0.000000
0.950000 0.534146 0.000000 0.000000 0.000000 0.000000
1.076667 0.534146 0.000000 0.000000 0.000000 0.000000
1.203333 0.534146 0.000000 0.000000 0.000000 0.000000
1.330000 0.534146 0.000000 0.000000 0.000000 0.000000
1.456667 0.534146 0.000000 0.000000 0.000000 0.000000
1.583333 0.534146 0.000000 0.000000 0.000000 0.000000
1.710000 0.534146 0.000000 0.000000 0.000000 0.000000
1.836667 0.534146 -0.004820 -0.004373 0.600000 0.006508
1.963333 0.534146 -0.004820 0.005309 0.600000 0.007171
2.090000 0.534146 0.000000 0.000000 0.000000 0.000000
2.216667 0.534146 0.000000 0.000000 0.000000 0.000000
2.343333 0.534146 0.000000 0.000000 0.000000 0.000000
2.470000 0.534146 0.000000 0.000000 0.000000 0.000000
2.596667 0.534146 0.000000 0.000000 0.000000 0.000000
2.723333 0.534146 0.000000 0.000000 0.000000 0.000000
2.850000 0.534146 0.000000 0.000000 0.000000 0.000000
2.976667 0.534146 0.000000 0.000000 0.000000 0.000000
3.103333 0.534146 0.000000 0.000000 0.000000 0.000000
3.230000 0.534146 0.000000 0.000000 0.000000 0.000000
3.356667 0.534146 0.012113 0.014336 0.600000 0.018768
3.483333 0.534146 0.015858 -0.007209 0.600000 0.017420
3.610000 0.534146 0.003745 -0.001039 0.600000 0.003886
3.736667 0.534146 0.000000 0.000000 0.000000 0.000000
0.063333 0.548780 0.000000 0.000000 0.000000 0.000000
0.190000 0.548780 0.005160 0.002992 0.600000 0.005964
0.316667 0.548780 0.011737 0.000099 0.600000 0.011737
0.443333 0.548780 0.006577 -0.003864 0.600000 0.007628
0.570000 0.548780 0.000000 0.000000 0.000000 0.000000
0.696667 0.548780 0.000000 0.000000 0.000000 0.000000
0.823333 0.548780 0.000000 0.000000 0.000000 0.000000
0.950000 0.548780 0.000000 0.000000 0.000000 0.000000
1.076667 0.548780 0.000000 0.000000 0.000000 0.000000
1.203333 0.548780 0.000000 0.000000 0.000000 0.000000
1.330000 0.548780 0.000000 0.000000 0.000000 0.000000
1.456667 0.548780 0.000000 0.000000 0.000000 0.000000
1.583333 0.548780 0.000000 0.000000 0.000000 0.000000
1.710000 0.548780 0.000000 0.000000 0.000000 0.000000
1.836667 0.548780 -0.005887 -0.003457 0.600000 0.006827
1.963333 0.548780 -0.005887 0.004135 0.600000 0.007195
2.090000 0.548780 0.000000 0.000000 0.000000 0.000000
2.216667 0.548780 0.000000 0.000000 0.000000 0.000000
2.343333 0.548780 0.000000 0.000000 0.000000 0.000000
2.470000 0.548780 0.000000 0.000000 0.000000 0.000000
2.596667 0.548780 0.000000 0.000000 0.000000 0.000000
2.723333 0.548780 0.000000 0.000000 0.000000 0.000000
2.850000 0.548780 0.000000 0.000000 0.000000 0.000000
2.976667 0.548780 0.000000 0.000000 0.000000 0.000000
3.103333 0.548780 0.000000 0.000000 0.000000 0.000000
3.230000 0.548780 0.000000 0.000000 0.000000 0.000000
3.356667 0.548780 0.013837 0.010861 0.600000 0.017591
3.483333 0.548780 0.017685 -0.005678 0.600000 0.018575
3.610000 0.548780 0.003848 -0.000792 0.600000 0.003929
3.736667 0.548780 0.000000 0.000000 0.000000 0.000000
0.063333 0.563415 0.000000 0.000000 0.000000 0.000000
0.190000 0.563415 0.005910 0.001905 0.600000 0.006209
0.316667 0.563415 0.013059 0.000029 0.600000 0.013059
0.443333 0.563415 0.007149 -0.002397 0.600000 0.007540
0.570000 0.563415 0.000000 0.000000 0.000000 0.000000
0.696667 0.563415 0.000000 0.000000 0.000000 0.000000
0.823333 0.563415 0.000000 0.000000 0.000000 0.000000
0.950000 0.563415 0.000000 0.000000 0.000000 0.000000
1.076667 0.563415 0.000000 0.000000 0.000000 0.000000
1.203333 0.563415 0.000000 0.000000 0.000000 0.000000
1.330000 0.563415 0.000000 0.000000 0.000000 0.000000
1.456667 0.563415 0.000000 0.000000 0.000000 0.000000
1.583333 0.563415 0.000000 0.000000 0.000000 0.000000
1.710000 0.563415 0.000000 0.000000 0.000000 0.000000
1.836667 0.563415 -0.007107 -0.002278 0.600000 0.007463
1.963333 0.563415 -0.007107 0.002694 0.600000 0.007601
2.090000 0.563415 0.000000 0.000000 0.000000 0.000000
2.216667 0.563415 0.000000 0.000000 0.000000 0.000000
2.343333 0.563415 0.000000 0.000000 0.000000 0.000000
2.470000 0.563415 0.000000 0.000000 0.000000 0.000000
2.596667 0.563415 0.000000 0.000000 0.000000 0.000000
2.723333 0.563415 0.000000 0.000000 0.000000 0.000000
2.850000 0.563415 0.000000 0.000000 0.000000 0.000000
2.976667 0.563415 0.000000 0.000000 0.000000 0.000000
3.103333 0.563415 0.000000 0.000000 0.000000 0.000000
3.230000 0.563415 0.000000 0.000000 0.000000 0.000000
3.356667 0.563415 0.015811 0.006910 0.600000 0.017255
3.483333 0.563415 0.019779 -0.003746 0.600000 0.020130
3.610000 0.563415 0.003967 -0.000507 0.600000 0.004000
3.736667 0.563415 0.000000 0.000000 0.000000 0.000000
0.063333 0.578049 0.000000 0.000000 0.000000 0.000000
0.190000 0.578049 0.006776 0.000663 0.600000 0.006808
0.316667 0.578049 0.014662 0.000005 0.600000 0.014662
0.443333 0.578049 0.007886 -0.000817 0.600000 0.007929
0.570000 0.578049 0.000000 0.000000 0.000000 0.000000
0.696667 0.578049 0.000000 0.000000 0.000000 0.000000
0.823333 0.578049 0.000000 0.000000 0.000000 0.000000
0.950000 0.578049 0.000000 0.000000 0.000000 0.000000
1.076667 0.578049 0.000000 0.000000 0.000000 0.000000
1.203333 0.578049 0.000000 0.000000 0.000000 0.000000
1.330000 0.578049 0.000000 0.000000 0.000000 0.000000
1.456667 0.578049 0.000000 0.000000 0.000000 0.000000
1.583333 0.578049 0.000000 0.000000 0.000000 0.000000
1.710000 0.578049 0.000000 0.000000 0.000000 0.000000
1.836667 0.578049 -0.008544 -0.000812 0.600000 0.008582
1.963333 0.578049 -0.008544 0.000952 0.600000 0.008597
2.090000 0.578049 0.000000 0.000000 0.000000 0.000000
2.216667 0.578049 0.000000 0.000000 0.000000 0.000000
2.343333 0.578049 0.000000 0.000000 0.000000 0.000000
2.470000 0.578049 0.000000 0.000000 0.000000 0.000000
2.596667 0.578049 0.000000 0.000000 0.000000 0.000000
2.723333 0.578049 0.000000 0.000000 0.000000 0.000000
2.850000 0.578049 0.000000 0.000000 0.000000 0.000000
2.976667 0.578049 0.000000 0.000000 0.000000 0.000000
3.103333 0.578049 0.000000 0.000000 0.000000 0.000000
3.230000 0.578049 0.000000 0.000000 0.000000 0.000000
3.356667 0.578049 0.018201 0.002404 0.600000 0.018359
3.483333 0.578049 0.022203 -0.001338 0.600000 0.022243
3.610000 0.578049 0.004003 -0.000176 0.600000 0.004006
3.736667 0.578049 0.000000 0.000000 0.000000 0.000000
0.063333 0.592683 0.000000 0.000000 0.000000 0.000000
0.190000 0.592683 0.000000 0.000000 0.000000 0.000000
0.316667 0.592683 0.000000 0.000000 0.000000 0.000000
0.443333 0.592683 0.000000 0.000000 0.000000 0.000000
0.570000 0.592683 0.000000 0.000000 0.000000 0.000000
0.696667 0.592683 0.000000 0.000000 0.000000 0.000000
0.823333 0.592683 0.000000 0.000000 0.000000 0.000000
0.950000 0.592683 0.000000 0.000000 0.000000 0.000000
1.076667 0.592683 0.000000 0.000000 0.000000 0.000000
1.203333 0.592683 0.000000 0.000000 0.000000 0.000000
1.330000 0.592683 0.000000 0.000000 0.000000 0.000000
1.456667 0.592683 0.000000 0.000000 0.000000 0.000000
1.583333 0.592683 0.000000 0.000000 0.000000 0.000000
1.710000 0.592683 0.000000 0.000000 0.000000 0.000000
1.836667 0.592683 0.000000 0.000000 0.000000 0.000000
1.963333 0.592683 0.000000 0.000000 0.000000 0.000000
2.090000 0.592683 0.000000 0.000000 0.000000 0.000000
2.216667 0.592683 0.000000 0.000000 0.000000 0.000000
2.343333 0.592683 0.000000 0.000000 0.000000 0.000000
2.470000 0.592683 0.000000 0.000000 0.000000 0.000000
2.596667 0.592683 0.000000 0.000000 0.000000 0.000000
2.723333 0.592683 0.000000 0.000000 0.000000 0.000000
2.850000 0.592683 0.000000 0.000000 0.000000 0.000000
2.976667 0.592683 0.000000 0.000000 0.000000 0.000000
3.103333 0.592683 0.000000 0.000000 0.000000 0.000000
3.230000 0.592683 0.000000 0.000000 0.000000 0.000000
3.356667 0.592683 0.000000 0.000000 0.000000 0.000000
3.483333 0.592683 0.000000 0.000000 0.000000 0.000000
3.610000 0.592683 0.000000 0.000000 0.000000 0.000000
3.736667 0.592683 0.000000 0.000000 0.000000 0.000000
