TITLE="(Vx,Vy)"
VARIABLES=X,Y,Vx,Vy,Vm,V
ZONE T="T-Dummy" I=30, J=41, F=POINT
0.063333 0.007317 0.000000 0.000000 0.000000 0.000000
0.190000 0.007317 0.000000 0.000000 0.000000 0.000000
0.316667 0.007317 0.000000 0.000000 0.000000 0.000000
0.443333 0.007317 0.000000 0.000000 0.000000 0.000000
0.570000 0.007317 0.000000 0.000000 0.000000 0.000000
0.696667 0.007317 0.000000 0.000000 0.000000 0.000000
0.823333 0.007317 0.000000 0.000000 0.000000 0.000000
0.950000 0.007317 0.000000 0.000000 0.000000 0.000000
1.076667 0.007317 0.000000 0.000000 0.000000 0.000000
1.203333 0.007317 0.000000 0.000000 0.000000 0.000000
1.330000 0.007317 0.000000 0.000000 0.000000 0.000000
1.456667 0.007317 0.000000 0.000000 0.000000 0.000000
1.583333 0.007317 0.000000 0.000000 0.000000 0.000000
1.710000 0.007317 0.000000 0.000000 0.000000 0.000000
1.836667 0.007317 0.000000 0.000000 0.000000 0.000000
1.963333 0.007317 0.000000 0.000000 0.000000 0.000000
2.090000 0.007317 0.000000 0.000000 0.000000 0.000000
2.216667 0.007317 0.000000 0.000000 0.000000 0.000000
2.343333 0.007317 0.000000 0.000000 0.000000 0.000000
2.470000 0.007317 0.000000 0.000000 0.000000 0.000000
2.596667 0.007317 0.000000 0.000000 0.000000 0.000000
2.723333 0.007317 0.000000 0.000000 0.000000 0.000000
2.850000 0.007317 0.000000 0.000000 0.000000 0.000000
2.976667 0.007317 0.000000 0.000000 0.000000 0.000000
3.103333 0.007317 0.000000 0.000000 0.000000 0.000000
3.230000 0.007317 0.000000 0.000000 0.000000 0.000000
3.356667 0.007317 0.000000 0.000000 0.000000 0.000000
3.483333 0.007317 0.000000 0.000000 0.000000 0.000000
3.610000 0.007317 0.000000 0.000000 0.000000 0.000000
3.736667 0.007317 0.000000 0.000000 0.000000 0.000000
0.063333 0.021951 0.000000 0.000000 0.000000 0.000000
0.190000 0.021951 0.001248 -0.000063 0.900000 0.001250
0.316667 0.021951 -0.001380 0.000564 0.900000 0.001491
0.443333 0.021951 -0.004966 -0.000036 0.900000 0.004967
0.570000 0.021951 -0.003714 -0.000262 0.900000 0.003724
0.696667 0.021951 -0.005164 0.000607 0.900000 0.005199
0.823333 0.021951 -0.007623 0.000143 0.900000 0.007624
0.950000 0.021951 -0.008949 -0.000095 0.900000 0.008949
1.076667 0.021951 -0.006785 -0.000121 0.900000 0.006786
1.203333 0.021951 0.000212 -0.000119 0.900000 0.000243
1.330000 0.021951 0.000671 0.000345 0.900000 0.000755
1.456667 0.021951 0.000634 -0.000594 0.900000 0.000869
1.583333 0.021951 -0.001415 0.000358 0.900000 0.001460
1.710000 0.021951 -0.006541 -0.000285 0.900000 0.006547
1.836667 0.021951 -0.005318 -0.000328 0.900000 0.005329
1.963333 0.021951 -0.004765 -0.000119 0.900000 0.004767
2.090000 0.021951 -0.003587 -0.000130 0.900000 0.003589
2.216667 0.021951 -0.004490 0.000019 0.900000 0.004490
2.343333 0.021951 -0.012123 0.000525 0.900000 0.012135
2.470000 0.021951 -0.014441 -0.000631 0.900000 0.014455
2.596667 0.021951 -0.011511 -0.000022 0.900000 0.011511
2.723333 0.021951 -0.015276 0.000422 0.900000 0.015282
2.850000 0.021951 -0.018939 -0.000136 0.900000 0.018940
2.976667 0.021951 -0.018146 -0.000151 0.900000 0.018146
3.103333 0.021951 -0.022839 -0.000383 0.900000 0.022842
3.230000 0.021951 -0.018523 -0.001184 0.900000 0.018561
3.356667 0.021951 -0.004174 -0.000522 0.900000 0.004207
3.483333 0.021951 -0.001726 0.000435 0.900000 0.001780
3.610000 0.021951 -0.002155 -0.000135 0.900000 0.002160
3.736667 0.021951 0.000000 0.000000 0.000000 0.000000
0.063333 0.036585 0.000000 0.000000 0.000000 0.000000
0.190000 0.036585 0.000618 -0.000122 0.900000 0.000630
0.316667 0.036585 -0.001947 0.001600 0.900000 0.002520
0.443333 0.036585 -0.005142 -0.000029 0.900000 0.005142
0.570000 0.036585 -0.009289 -0.000198 0.900000 0.009291
0.696667 0.036585 -0.016503 0.001714 0.900000 0.016592
0.823333 0.036585 -0.013604 0.000022 0.900000 0.013604
0.950000 0.036585 -0.013211 0.000120 0.900000 0.013211
1.076667 0.036585 -0.017422 -0.000149 0.900000 0.017423
1.203333 0.036585 -0.012622 -0.000151 0.900000 0.012623
1.330000 0.036585 -0.004999 0.000868 0.900000 0.005074
1.456667 0.036585 -0.001094 -0.000543 0.900000 0.001221
1.583333 0.036585 0.004670 0.000701 0.900000 0.004722
1.710000 0.036585 0.009146 -0.000341 0.900000 0.009153
1.836667 0.036585 0.007836 -0.000613 0.900000 0.007860
1.963333 0.036585 0.005314 -0.000243 0.900000 0.005319
2.090000 0.036585 0.004355 -0.000190 0.900000 0.004359
2.216667 0.036585 0.001539 -0.000116 0.900000 0.001543
2.343333 0.036585 0.001033 0.000826 0.900000 0.001322
2.470000 0.036585 0.003354 -0.001007 0.900000 0.003502
2.596667 0.036585 0.001794 0.000283 0.900000 0.001817
2.723333 0.036585 0.000002 0.001244 0.900000 0.001244
2.850000 0.036585 -0.004455 0.000271 0.900000 0.004464
2.976667 0.036585 -0.009161 0.000058 0.900000 0.009161
3.103333 0.036585 -0.015039 -0.002257 0.900000 0.015207
3.230000 0.036585 -0.013648 -0.002996 0.900000 0.013973
3.356667 0.036585 -0.005420 -0.001356 0.900000 0.005587
3.483333 0.036585 -0.003171 0.001124 0.900000 0.003365
3.610000 0.036585 -0.002093 -0.000395 0.900000 0.002130
3.736667 0.036585 0.000000 0.000000 0.000000 0.000000
0.063333 0.051220 0.000000 0.000000 0.000000 0.000000
0.190000 0.051220 0.000076 -0.000055 0.900000 0.000094
0.316667 0.051220 -0.002421 0.002463 0.900000 0.003454
0.443333 0.051220 -0.005092 0.000114 0.900000 0.005093
0.570000 0.051220 -0.008740 0.000374 0.900000 0.008748
0.696667 0.051220 -0.013636 0.002434 0.900000 0.013851
0.823333 0.051220 -0.010561 -0.000388 0.900000 0.010568
0.950000 0.051220 -0.011759 0.000655 0.900000 0.011777
1.076667 0.051220 -0.015813 -0.000060 0.900000 0.015813
1.203333 0.051220 -0.011872 -0.000033 0.900000 0.011873
1.330000 0.051220 -0.005524 0.001086 0.900000 0.005630
1.456667 0.051220 -0.001656 0.000620 0.900000 0.001768
1.583333 0.051220 0.004020 0.000613 0.900000 0.004066
1.710000 0.051220 0.008671 0.000063 0.900000 0.008671
1.836667 0.051220 0.007981 -0.000525 0.900000 0.007998
1.963333 0.051220 0.005794 -0.000239 0.900000 0.005799
2.090000 0.051220 0.004633 -0.000075 0.900000 0.004633
2.216667 0.051220 0.001611 -0.000417 0.900000 0.001664
2.343333 0.051220 0.001185 0.000346 0.900000 0.001234
2.470000 0.051220 0.003259 -0.000405 0.900000 0.003284
2.596667 0.051220 0.001845 0.000905 0.900000 0.002055
2.723333 0.051220 -0.001053 0.002164 0.900000 0.002407
2.850000 0.051220 -0.005393 0.001116 0.900000 0.005507
2.976667 0.051220 -0.008384 0.000710 0.900000 0.008414
3.103333 0.051220 -0.014145 -0.003941 0.900000 0.014684
3.230000 0.051220 -0.013013 -0.004218 0.900000 0.013680
3.356667 0.051220 -0.006639 -0.001782 0.900000 0.006874
3.483333 0.051220 -0.004609 0.001468 0.900000 0.004837
3.610000 0.051220 -0.002091 -0.000641 0.900000 0.002187
3.736667 0.051220 0.000000 0.000000 0.000000 0.000000
0.063333 0.065854 0.000000 0.000000 0.000000 0.000000
0.190000 0.065854 -0.000408 0.000118 0.900000 0.000424
0.316667 0.065854 -0.002822 0.003175 0.900000 0.004248
0.443333 0.065854 -0.004926 0.000324 0.900000 0.004937
0.570000 0.065854 -0.008151 0.000804 0.900000 0.008191
0.696667 0.065854 -0.010958 0.002615 0.900000 0.011266
0.823333 0.065854 -0.007611 -0.000605 0.900000 0.007635
0.950000 0.065854 -0.010583 0.001061 0.900000 0.010636
1.076667 0.065854 -0.015281 -0.000100 0.900000 0.015282
1.203333 0.065854 -0.011865 -0.000059 0.900000 0.011865
1.330000 0.065854 -0.006004 0.001042 0.900000 0.006094
1.456667 0.065854 -0.001161 0.001439 0.900000 0.001849
1.583333 0.065854 0.004202 0.000332 0.900000 0.004215
1.710000 0.065854 0.007894 0.000354 0.900000 0.007902
1.836667 0.065854 0.007999 -0.000453 0.900000 0.008012
1.963333 0.065854 0.006072 -0.000190 0.900000 0.006075
2.090000 0.065854 0.004626 -0.000001 0.900000 0.004626
2.216667 0.065854 0.001428 -0.000699 0.900000 0.001590
2.343333 0.065854 0.000933 -0.000175 0.900000 0.000950
2.470000 0.065854 0.002832 0.000337 0.900000 0.002852
2.596667 0.065854 0.001701 0.001464 0.900000 0.002244
2.723333 0.065854 -0.002509 0.003371 0.900000 0.004202
2.850000 0.065854 -0.006906 0.001488 0.900000 0.007064
2.976667 0.065854 -0.008451 0.001255 0.900000 0.008544
3.103333 0.065854 -0.013024 -0.003442 0.900000 0.013471
3.230000 0.065854 -0.012231 -0.005217 0.900000 0.013298
3.356667 0.065854 -0.007766 -0.002062 0.900000 0.008035
3.483333 0.065854 -0.005370 0.001568 0.900000 0.005594
3.610000 0.065854 -0.002132 -0.000884 0.900000 0.002308
3.736667 0.065854 0.000000 0.000000 0.000000 0.000000
0.063333 0.080488 0.000000 0.000000 0.000000 0.000000
0.190000 0.080488 -0.000917 0.000394 0.900000 0.000998
0.316667 0.080488 -0.003364 0.003751 0.900000 0.005039
0.443333 0.080488 -0.005018 0.000553 0.900000 0.005048
0.570000 0.080488 -0.007569 0.001072 0.900000 0.007644
0.696667 0.080488 -0.009652 0.002475 0.900000 0.009964
0.823333 0.080488 -0.006958 -0.000761 0.900000 0.007000
0.950000 0.080488 -0.010181 0.001309 0.900000 0.010265
1.076667 0.080488 -0.014267 -0.000236 0.900000 0.014269
1.203333 0.080488 -0.011359 -0.000186 0.900000 0.011360
1.330000 0.080488 -0.006458 0.000777 0.900000 0.006504
1.456667 0.080488 -0.000711 0.001835 0.900000 0.001968
1.583333 0.080488 0.004251 -0.000148 0.900000 0.004254
1.710000 0.080488 0.006280 0.000597 0.900000 0.006308
1.836667 0.080488 0.006210 -0.000379 0.900000 0.006222
1.963333 0.080488 0.004460 -0.000111 0.900000 0.004461
2.090000 0.080488 0.003088 0.000005 0.900000 0.003088
2.216667 0.080488 -0.000265 -0.000916 0.900000 0.000954
2.343333 0.080488 -0.001927 -0.000567 0.900000 0.002009
2.470000 0.080488 0.000106 0.001001 0.900000 0.001006
2.596667 0.080488 0.000099 0.001809 0.900000 0.001812
2.723333 0.080488 -0.003801 0.004102 0.900000 0.005593
2.850000 0.080488 -0.007421 0.001565 0.900000 0.007584
2.976667 0.080488 -0.008708 0.001712 0.900000 0.008875
3.103333 0.080488 -0.012271 -0.002269 0.900000 0.012479
3.230000 0.080488 -0.011747 -0.005874 0.900000 0.013134
3.356667 0.080488 -0.008843 -0.002427 0.900000 0.009170
3.483333 0.080488 -0.006110 0.001525 0.900000 0.006298
3.610000 0.080488 -0.002195 -0.001131 0.900000 0.002469
3.736667 0.080488 0.000000 0.000000 0.000000 0.000000
0.063333 0.095122 0.000000 0.000000 0.000000 0.000000
0.190000 0.095122 -0.001423 0.000777 0.900000 0.001621
0.316667 0.095122 -0.003953 0.004213 0.900000 0.005777
0.443333 0.095122 -0.005195 0.000800 0.900000 0.005257
0.570000 0.095122 -0.007037 0.001145 0.900000 0.007130
0.696667 0.095122 -0.008539 0.002251 0.900000 0.008830
0.823333 0.095122 -0.006464 -0.000960 0.900000 0.006535
0.950000 0.095122 -0.009716 0.001322 0.900000 0.009806
1.076667 0.095122 -0.013154 -0.000488 0.900000 0.013163
1.203333 0.095122 -0.010724 -0.000322 0.900000 0.010729
1.330000 0.095122 -0.006818 0.000365 0.900000 0.006828
1.456667 0.095122 -0.001368 0.001954 0.900000 0.002385
1.583333 0.095122 0.003109 -0.000630 0.900000 0.003172
1.710000 0.095122 0.004605 0.000851 0.900000 0.004683
1.836667 0.095122 0.004416 -0.000278 0.900000 0.004425
1.963333 0.095122 0.002903 -0.000050 0.900000 0.002903
2.090000 0.095122 0.001708 -0.000091 0.900000 0.001711
2.216667 0.095122 -0.001820 -0.001039 0.900000 0.002095
2.343333 0.095122 -0.004796 -0.000681 0.900000 0.004844
2.470000 0.095122 -0.002619 0.001381 0.900000 0.002961
2.596667 0.095122 -0.001480 0.001804 0.900000 0.002333
2.723333 0.095122 -0.005064 0.003636 0.900000 0.006234
2.850000 0.095122 -0.008713 0.001629 0.900000 0.008864
2.976667 0.095122 -0.009869 0.002010 0.900000 0.010071
3.103333 0.095122 -0.011915 -0.001479 0.900000 0.012006
3.230000 0.095122 -0.011539 -0.006271 0.900000 0.013133
3.356667 0.095122 -0.009918 -0.002712 0.900000 0.010282
3.483333 0.095122 -0.006945 0.001348 0.900000 0.007075
3.610000 0.095122 -0.002298 -0.001390 0.900000 0.002685
3.736667 0.095122 0.000000 0.000000 0.000000 0.000000
0.063333 0.109756 0.000000 0.000000 0.000000 0.000000
0.190000 0.109756 -0.001930 0.001264 0.900000 0.002307
0.316667 0.109756 -0.004557 0.004570 0.900000 0.006454
0.443333 0.109756 -0.005425 0.001066 0.900000 0.005529
0.570000 0.109756 -0.006556 0.001015 0.900000 0.006634
0.696667 0.109756 -0.007602 0.001997 0.900000 0.007860
0.823333 0.109756 -0.006065 -0.001238 0.900000 0.006190
0.950000 0.109756 -0.009072 0.001093 0.900000 0.009138
1.076667 0.109756 -0.012325 -0.000783 0.900000 0.012350
1.203333 0.109756 -0.010514 -0.000478 0.900000 0.010525
1.330000 0.109756 -0.007175 -0.000152 0.900000 0.007177
1.456667 0.109756 -0.002040 0.001940 0.900000 0.002815
1.583333 0.109756 0.001862 -0.001002 0.900000 0.002114
1.710000 0.109756 0.003456 0.001024 0.900000 0.003604
1.836667 0.109756 0.004027 -0.000191 0.900000 0.004031
1.963333 0.109756 0.002959 -0.000028 0.900000 0.002959
2.090000 0.109756 0.001909 -0.000239 0.900000 0.001924
2.216667 0.109756 -0.001845 -0.001090 0.900000 0.002143
2.343333 0.109756 -0.005193 -0.000657 0.900000 0.005235
2.470000 0.109756 -0.003121 0.001580 0.900000 0.003498
2.596667 0.109756 -0.001671 0.001635 0.900000 0.002338
2.723333 0.109756 -0.005169 0.002718 0.900000 0.005840
2.850000 0.109756 -0.009637 0.001807 0.900000 0.009805
2.976667 0.109756 -0.010847 0.002110 0.900000 0.011050
3.103333 0.109756 -0.011620 -0.000988 0.900000 0.011662
3.230000 0.109756 -0.011677 -0.006445 0.900000 0.013337
3.356667 0.109756 -0.010849 -0.002814 0.900000 0.011208
3.483333 0.109756 -0.007348 0.001071 0.900000 0.007426
3.610000 0.109756 -0.002325 -0.001655 0.900000 0.002854
3.736667 0.109756 0.000000 0.000000 0.000000 0.000000
0.063333 0.124390 0.000000 0.000000 0.000000 0.000000
0.190000 0.124390 -0.002445 0.001859 0.900000 0.003071
0.316667 0.124390 -0.005174 0.004828 0.900000 0.007076
0.443333 0.124390 -0.005676 0.001354 0.900000 0.005836
0.570000 0.124390 -0.006026 0.000661 0.900000 0.006062
0.696667 0.124390 -0.006589 0.001749 0.900000 0.006817
0.823333 0.124390 -0.005512 -0.001628 0.900000 0.005747
0.950000 0.124390 -0.008285 0.000657 0.900000 0.008311
1.076667 0.124390 -0.011415 -0.001061 0.900000 0.011464
1.203333 0.124390 -0.010228 -0.000658 0.900000 0.010249
1.330000 0.124390 -0.007861 -0.000725 0.900000 0.007894
1.456667 0.124390 -0.003074 0.001762 0.900000 0.003544
1.583333 0.124390 0.000533 -0.001276 0.900000 0.001383
1.710000 0.124390 0.002289 0.001033 0.900000 0.002511
1.836667 0.124390 0.003676 -0.000150 0.900000 0.003679
1.963333 0.124390 0.003080 -0.000052 0.900000 0.003080
2.090000 0.124390 0.002176 -0.000382 0.900000 0.002210
2.216667 0.124390 -0.001853 -0.001085 0.900000 0.002147
2.343333 0.124390 -0.005336 -0.000654 0.900000 0.005376
2.470000 0.124390 -0.003385 0.001752 0.900000 0.003812
2.596667 0.124390 -0.001861 0.001467 0.900000 0.002370
2.723333 0.124390 -0.005140 0.001990 0.900000 0.005511
2.850000 0.124390 -0.009500 0.002024 0.900000 0.009714
2.976667 0.124390 -0.010714 0.002108 0.900000 0.010920
3.103333 0.124390 -0.011265 -0.000719 0.900000 0.011288
3.230000 0.124390 -0.011904 -0.006406 0.900000 0.013518
3.356667 0.124390 -0.011806 -0.002886 0.900000 0.012153
3.483333 0.124390 -0.007811 0.000715 0.900000 0.007844
3.610000 0.124390 -0.002367 -0.001920 0.900000 0.003047
3.736667 0.124390 0.000000 0.000000 0.000000 0.000000
0.063333 0.139024 0.000000 0.000000 0.000000 0.000000
0.190000 0.139024 -0.002877 0.002550 0.900000 0.003844
0.316667 0.139024 -0.005537 0.004940 0.900000 0.007421
0.443333 0.139024 -0.005477 0.001653 0.900000 0.005721
0.570000 0.139024 -0.004906 0.000260 0.900000 0.004912
0.696667 0.139024 -0.004347 0.001438 0.899997 0.004579
0.823333 0.139024 -0.003464 -0.001897 0.899992 0.003949
0.950000 0.139024 -0.006881 0.000128 0.899999 0.006883
1.076667 0.139024 -0.010368 -0.001331 0.899998 0.010453
1.203333 0.139024 -0.008965 -0.000922 0.899998 0.009012
1.330000 0.139024 -0.007654 -0.001190 0.899999 0.007746
1.456667 0.139024 -0.004151 0.001229 0.899999 0.004329
1.583333 0.139024 -0.000876 -0.001463 0.900000 0.001705
1.710000 0.139024 0.001140 0.000875 0.900000 0.001437
1.836667 0.139024 0.003459 -0.000154 0.900000 0.003462
1.963333 0.139024 0.003298 -0.000116 0.900000 0.003300
2.090000 0.139024 0.002351 -0.000493 0.900000 0.002402
2.216667 0.139024 -0.002021 -0.001026 0.900000 0.002267
2.343333 0.139024 -0.005559 -0.000689 0.900000 0.005601
2.470000 0.139024 -0.003686 0.001945 0.900000 0.004167
2.596667 0.139024 -0.002130 0.001299 0.900000 0.002495
2.723333 0.139024 -0.006158 0.001511 0.900000 0.006341
2.850000 0.139024 -0.010343 0.002071 0.900000 0.010548
2.976667 0.139024 -0.010332 0.002056 0.900000 0.010534
3.103333 0.139024 -0.010717 -0.000601 0.900000 0.010733
3.230000 0.139024 -0.012258 -0.006171 0.900000 0.013724
3.356667 0.139024 -0.012892 -0.003014 0.900000 0.013240
3.483333 0.139024 -0.008411 0.000270 0.900000 0.008415
3.610000 0.139024 -0.002489 -0.002197 0.900000 0.003320
3.736667 0.139024 0.000000 0.000000 0.000000 0.000000
0.063333 0.153659 0.000000 0.000000 0.000000 0.000000
0.190000 0.153659 -0.003266 0.003315 0.900000 0.004653
0.316667 0.153659 -0.005877 0.004855 0.900000 0.007623
0.443333 0.153659 -0.004907 0.001904 0.899997 0.005263
0.570000 0.153659 -0.003951 0.000165 0.900000 0.003954
0.696667 0.153659 -0.002732 0.000932 0.899858 0.002886
0.823333 0.153659 -0.001518 -0.001855 0.899725 0.002397
0.950000 0.153659 -0.005399 -0.000420 0.899959 0.005416
1.076667 0.153659 -0.009163 -0.001580 0.899886 0.009298
1.203333 0.153659 -0.007713 -0.001343 0.899899 0.007829
1.330000 0.153659 -0.007165 -0.001481 0.899971 0.007316
1.456667 0.153659 -0.004889 0.000280 0.899995 0.004897
1.583333 0.153659 -0.002290 -0.001574 0.899991 0.002779
1.710000 0.153659 -0.000049 0.000560 0.900000 0.000562
1.836667 0.153659 0.003175 -0.000205 0.899998 0.003182
1.963333 0.153659 0.003371 -0.000200 0.899999 0.003377
2.090000 0.153659 0.002321 -0.000562 0.899991 0.002388
2.216667 0.153659 -0.002374 -0.000919 0.899998 0.002546
2.343333 0.153659 -0.006045 -0.000749 0.899998 0.006091
2.470000 0.153659 -0.004183 0.002160 0.900000 0.004708
2.596667 0.153659 -0.002517 0.001137 0.900000 0.002762
2.723333 0.153659 -0.007317 0.001340 0.900000 0.007439
2.850000 0.153659 -0.011462 0.001842 0.900000 0.011609
2.976667 0.153659 -0.010297 0.001908 0.900000 0.010473
3.103333 0.153659 -0.010340 -0.000589 0.900000 0.010357
3.230000 0.153659 -0.012754 -0.005714 0.899993 0.013976
3.356667 0.153659 -0.014082 -0.003135 0.899998 0.014426
3.483333 0.153659 -0.009023 -0.000252 0.900000 0.009027
3.610000 0.153659 -0.002620 -0.002498 0.899997 0.003619
3.736667 0.153659 0.000000 0.000000 0.000000 0.000000
0.063333 0.168293 0.000000 0.000000 0.000000 0.000000
0.190000 0.168293 -0.004229 0.004337 0.900000 0.006058
0.316667 0.168293 -0.007182 0.004551 0.899995 0.008503
0.443333 0.168293 -0.005125 0.002025 0.899807 0.005511
0.570000 0.168293 -0.003925 0.000374 0.899990 0.003943
0.696667 0.168293 -0.002478 0.000266 0.895274 0.002493
0.823333 0.168293 -0.000729 -0.001762 0.892387 0.001907
0.950000 0.168293 -0.004304 -0.000949 0.897571 0.004407
1.076667 0.168293 -0.007937 -0.001750 0.895910 0.008128
1.203333 0.168293 -0.007204 -0.001705 0.896370 0.007403
1.330000 0.168293 -0.007226 -0.001689 0.898533 0.007421
1.456667 0.168293 -0.005293 -0.000734 0.898907 0.005343
1.583333 0.168293 -0.003599 -0.001601 0.899521 0.003939
1.710000 0.168293 -0.001761 0.000140 0.899999 0.001767
1.836667 0.168293 0.001567 -0.000274 0.899876 0.001590
1.963333 0.168293 0.002004 -0.000300 0.899913 0.002026
2.090000 0.168293 0.001040 -0.000612 0.899668 0.001207
2.216667 0.168293 -0.003453 -0.000812 0.899866 0.003548
2.343333 0.168293 -0.008177 -0.000663 0.899917 0.008204
2.470000 0.168293 -0.006015 0.002187 0.900000 0.006401
2.596667 0.168293 -0.003466 0.001078 0.899999 0.003630
2.723333 0.168293 -0.008379 0.001295 0.899999 0.008479
2.850000 0.168293 -0.011817 0.001462 0.900000 0.011907
2.976667 0.168293 -0.010551 0.001661 0.899999 0.010681
3.103333 0.168293 -0.010063 -0.000710 0.899998 0.010088
3.230000 0.168293 -0.012632 -0.005040 0.899863 0.013600
3.356667 0.168293 -0.014841 -0.003160 0.899944 0.015174
3.483333 0.168293 -0.009719 -0.000842 0.899986 0.009756
3.610000 0.168293 -0.002784 -0.002826 0.899908 0.003967
3.736667 0.168293 0.000000 0.000000 0.000000 0.000000
0.063333 0.182927 0.000000 0.000000 0.000000 0.000000
0.190000 0.182927 -0.001124 0.005367 0.705068 0.005484
0.316667 0.182927 -0.000655 0.004251 0.717748 0.004301
0.443333 0.182927 0.002204 0.002190 0.729341 0.003107
0.570000 0.182927 0.003754 0.000917 0.748783 0.003865
0.696667 0.182927 0.004182 -0.000020 0.772895 0.004182
0.823333 0.182927 0.005038 -0.001456 0.785480 0.005245
0.950000 0.182927 0.000939 -0.001121 0.807638 0.001462
1.076667 0.182927 -0.003667 -0.001664 0.820965 0.004027
1.203333 0.182927 -0.003632 -0.001764 0.831946 0.004037
1.330000 0.182927 -0.004387 -0.001546 0.854903 0.004652
1.456667 0.182927 -0.003289 -0.001271 0.866949 0.003526
1.583333 0.182927 -0.002717 -0.001175 0.883851 0.002960
1.710000 0.182927 -0.002545 0.000022 0.898507 0.002545
1.836667 0.182927 -0.000121 -0.000276 0.894871 0.000302
1.963333 0.182927 0.000462 -0.000460 0.894022 0.000653
2.090000 0.182927 -0.000211 -0.000728 0.889209 0.000758
2.216667 0.182927 -0.004237 -0.000768 0.892943 0.004306
2.343333 0.182927 -0.010078 -0.000272 0.896756 0.010081
2.470000 0.182927 -0.007728 0.001848 0.899954 0.007946
2.596667 0.182927 -0.004317 0.001216 0.899911 0.004485
2.723333 0.182927 -0.009410 0.001218 0.899936 0.009488
2.850000 0.182927 -0.012825 0.001120 0.899949 0.012874
2.976667 0.182927 -0.011311 0.001175 0.899884 0.011372
3.103333 0.182927 -0.009775 -0.000957 0.899844 0.009821
3.230000 0.182927 -0.012420 -0.004215 0.897728 0.013116
3.356667 0.182927 -0.015450 -0.003023 0.898590 0.015743
3.483333 0.182927 -0.010457 -0.001515 0.899157 0.010566
3.610000 0.182927 -0.002955 -0.003189 0.897746 0.004348
3.736667 0.182927 0.000000 0.000000 0.000000 0.000000
0.063333 0.197561 0.000000 0.000000 0.000000 0.000000
0.190000 0.197561 0.001505 0.005662 0.619975 0.005858
0.316667 0.197561 0.004760 0.003915 0.616803 0.006164
0.443333 0.197561 0.008393 0.002223 0.610700 0.008682
0.570000 0.197561 0.011140 0.001323 0.608484 0.011219
0.696667 0.197561 0.010800 0.000029 0.607717 0.010800
0.823333 0.197561 0.010709 -0.001089 0.600638 0.010764
0.950000 0.197561 0.006212 -0.001001 0.601666 0.006292
1.076667 0.197561 -0.000067 -0.001386 0.600156 0.001388
1.203333 0.197561 -0.001582 -0.001624 0.600131 0.002267
1.330000 0.197561 -0.004171 -0.000914 0.601237 0.004270
1.456667 0.197561 -0.004237 -0.001414 0.605593 0.004467
1.583333 0.197561 -0.003812 -0.000328 0.610939 0.003826
1.710000 0.197561 -0.004454 0.000297 0.633989 0.004463
1.836667 0.197561 -0.002486 -0.000235 0.648512 0.002497
1.963333 0.197561 -0.001855 -0.000692 0.664722 0.001980
2.090000 0.197561 -0.001995 -0.001081 0.677683 0.002269
2.216667 0.197561 -0.005499 -0.000817 0.700898 0.005560
2.343333 0.197561 -0.010614 0.000091 0.723307 0.010614
2.470000 0.197561 -0.007745 0.001258 0.761658 0.007847
2.596667 0.197561 -0.003795 0.001232 0.779320 0.003990
2.723333 0.197561 -0.007136 0.000938 0.805778 0.007197
2.850000 0.197561 -0.009911 0.000795 0.833975 0.009943
2.976667 0.197561 -0.008352 0.000422 0.861271 0.008362
3.103333 0.197561 -0.008089 -0.000952 0.884888 0.008145
3.230000 0.197561 -0.012758 -0.003129 0.870046 0.013136
3.356667 0.197561 -0.016420 -0.002753 0.874434 0.016649
3.483333 0.197561 -0.011272 -0.002264 0.876622 0.011497
3.610000 0.197561 -0.003230 -0.003601 0.866684 0.004837
3.736667 0.197561 0.000000 0.000000 0.000000 0.000000
0.063333 0.212195 0.000000 0.000000 0.000000 0.000000
0.190000 0.212195 0.001463 0.005421 0.602321 0.005615
0.316667 0.212195 0.004518 0.003443 0.601272 0.005680
0.443333 0.212195 0.008058 0.002010 0.600454 0.008305
0.570000 0.212195 0.011074 0.001230 0.600253 0.011142
0.696667 0.212195 0.010233 0.000101 0.600338 0.010234
0.823333 0.212195 0.009989 -0.000999 0.600008 0.010039
0.950000 0.212195 0.006020 -0.000898 0.600005 0.006086
1.076667 0.212195 -0.000315 -0.001147 0.600000 0.001189
1.203333 0.212195 -0.001973 -0.001473 0.600000 0.002462
1.330000 0.212195 -0.004042 -0.000319 0.600019 0.004055
1.456667 0.212195 -0.003234 -0.001779 0.600161 0.003691
1.583333 0.212195 -0.001542 0.000160 0.600078 0.001550
1.710000 0.212195 -0.001364 0.000454 0.600851 0.001438
1.836667 0.212195 0.000171 -0.000233 0.600402 0.000289
1.963333 0.212195 0.000267 -0.000937 0.600020 0.000974
2.090000 0.212195 -0.000027 -0.001659 0.600000 0.001659
2.216667 0.212195 -0.003840 -0.000838 0.600002 0.003930
2.343333 0.212195 -0.008681 0.000234 0.600245 0.008684
2.470000 0.212195 -0.006912 0.000853 0.606491 0.006964
2.596667 0.212195 -0.004484 0.001092 0.606426 0.004615
2.723333 0.212195 -0.007453 0.000564 0.606692 0.007474
2.850000 0.212195 -0.010489 0.000629 0.609004 0.010508
2.976667 0.212195 -0.010610 -0.000058 0.606940 0.010610
3.103333 0.212195 -0.011883 -0.000512 0.603383 0.011894
3.230000 0.212195 -0.014928 -0.001973 0.612978 0.015058
3.356667 0.212195 -0.016326 -0.002418 0.635761 0.016504
3.483333 0.212195 -0.010461 -0.002988 0.653314 0.010880
3.610000 0.212195 -0.002696 -0.003941 0.665657 0.004775
3.736667 0.212195 0.000000 0.000000 0.000000 0.000000
0.063333 0.226829 0.000000 0.000000 0.000000 0.000000
0.190000 0.226829 0.001490 0.005159 0.600184 0.005370
0.316667 0.226829 0.004645 0.002985 0.600060 0.005522
0.443333 0.226829 0.008391 0.001795 0.600012 0.008580
0.570000 0.226829 0.011202 0.001071 0.600005 0.011253
0.696667 0.226829 0.010504 0.000222 0.600015 0.010506
0.823333 0.226829 0.010547 -0.000930 0.600000 0.010588
0.950000 0.226829 0.006412 -0.000778 0.600000 0.006459
1.076667 0.226829 0.000309 -0.000970 0.600000 0.001018
1.203333 0.226829 -0.001767 -0.001258 0.600000 0.002169
1.330000 0.226829 -0.004147 0.000065 0.600000 0.004148
1.456667 0.226829 -0.003089 -0.002382 0.600000 0.003900
1.583333 0.226829 -0.001223 0.000243 0.600001 0.001246
1.710000 0.226829 -0.000851 0.000423 0.600018 0.000950
1.836667 0.226829 0.000603 -0.000255 0.600003 0.000655
1.963333 0.226829 0.000652 -0.001201 0.600000 0.001366
2.090000 0.226829 0.000391 -0.002336 0.600000 0.002369
2.216667 0.226829 -0.003281 -0.000792 0.600000 0.003376
2.343333 0.226829 -0.007437 0.000275 0.600002 0.007442
2.470000 0.226829 -0.005931 0.000801 0.600137 0.005984
2.596667 0.226829 -0.004148 0.001001 0.600110 0.004267
2.723333 0.226829 -0.007629 0.000377 0.600097 0.007638
2.850000 0.226829 -0.010758 0.000629 0.600179 0.010777
2.976667 0.226829 -0.010799 -0.000091 0.600095 0.010799
3.103333 0.226829 -0.011597 -0.000177 0.600029 0.011598
3.230000 0.226829 -0.012413 -0.001181 0.600000 0.012469
3.356667 0.226829 -0.012859 -0.001993 0.600000 0.013013
3.483333 0.226829 -0.007773 -0.003524 0.600000 0.008535
3.610000 0.226829 -0.001612 -0.003997 0.600000 0.004310
3.736667 0.226829 0.000000 0.000000 0.000000 0.000000
0.063333 0.241463 0.000000 0.000000 0.000000 0.000000
0.190000 0.241463 0.001551 0.004894 0.600011 0.005134
0.316667 0.241463 0.004829 0.002510 0.600002 0.005442
0.443333 0.241463 0.008776 0.001541 0.600000 0.008910
0.570000 0.241463 0.011298 0.000996 0.600000 0.011341
0.696667 0.241463 0.010717 0.000234 0.600000 0.010720
0.823333 0.241463 0.011083 -0.000798 0.600000 0.011111
0.950000 0.241463 0.006767 -0.000651 0.600000 0.006798
1.076667 0.241463 0.000881 -0.000847 0.600000 0.001222
1.203333 0.241463 -0.001060 -0.000957 0.600000 0.001428
1.330000 0.241463 -0.002892 0.000386 0.600000 0.002918
1.456667 0.241463 -0.002102 -0.002898 0.600000 0.003580
1.583333 0.241463 -0.000909 0.000265 0.600000 0.000947
1.710000 0.241463 -0.000371 0.000360 0.600000 0.000518
1.836667 0.241463 0.001055 -0.000293 0.600000 0.001095
1.963333 0.241463 0.000950 -0.001509 0.600000 0.001783
2.090000 0.241463 0.000670 -0.003105 0.600000 0.003177
2.216667 0.241463 -0.002825 -0.000771 0.600000 0.002929
2.343333 0.241463 -0.006557 0.000212 0.600000 0.006560
2.470000 0.241463 -0.005235 0.000909 0.600002 0.005313
2.596667 0.241463 -0.003893 0.000894 0.600001 0.003995
2.723333 0.241463 -0.008045 0.000374 0.600001 0.008054
2.850000 0.241463 -0.011191 0.000514 0.600003 0.011203
2.976667 0.241463 -0.010483 -0.000015 0.600001 0.010483
3.103333 0.241463 -0.011546 -0.000061 0.600000 0.011546
3.230000 0.241463 -0.012548 -0.000622 0.600000 0.012564
3.356667 0.241463 -0.012998 -0.001510 0.600000 0.013085
3.483333 0.241463 -0.008012 -0.003928 0.600000 0.008923
3.610000 0.241463 -0.001750 -0.003894 0.600000 0.004269
3.736667 0.241463 0.000000 0.000000 0.000000 0.000000
0.063333 0.256098 0.000000 0.000000 0.000000 0.000000
0.190000 0.256098 0.001412 0.004647 0.600000 0.004856
0.316667 0.256098 0.004508 0.002030 0.600000 0.004944
0.443333 0.256098 0.008447 0.001260 0.600000 0.008541
0.570000 0.256098 0.011063 0.000963 0.600000 0.011104
0.696667 0.256098 0.010351 0.000210 0.600000 0.010353
0.823333 0.256098 0.010610 -0.000630 0.600000 0.010629
0.950000 0.256098 0.006660 -0.000531 0.600000 0.006681
1.076667 0.256098 0.000722 -0.000713 0.600000 0.001015
1.203333 0.256098 -0.001017 -0.000697 0.600000 0.001233
1.330000 0.256098 -0.001686 0.000619 0.600000 0.001796
1.456667 0.256098 -0.001107 -0.003251 0.600000 0.003434
1.583333 0.256098 -0.000600 0.000084 0.600000 0.000606
1.710000 0.256098 -0.000487 0.000347 0.600000 0.000598
1.836667 0.256098 0.000261 -0.000351 0.600000 0.000437
1.963333 0.256098 -0.000135 -0.001591 0.600000 0.001597
2.090000 0.256098 -0.000249 -0.003537 0.600000 0.003545
2.216667 0.256098 -0.003544 -0.000728 0.600000 0.003618
2.343333 0.256098 -0.007930 0.000170 0.600000 0.007932
2.470000 0.256098 -0.006588 0.001010 0.600000 0.006664
2.596667 0.256098 -0.004836 0.000796 0.600000 0.004901
2.723333 0.256098 -0.008372 0.000413 0.600000 0.008382
2.850000 0.256098 -0.010862 0.000328 0.600000 0.010867
2.976667 0.256098 -0.009887 0.000031 0.600000 0.009887
3.103333 0.256098 -0.011371 0.000162 0.600000 0.011372
3.230000 0.256098 -0.012821 -0.000105 0.600000 0.012821
3.356667 0.256098 -0.012798 -0.001066 0.600000 0.012842
3.483333 0.256098 -0.007941 -0.004300 0.600000 0.009030
3.610000 0.256098 -0.001860 -0.003824 0.600000 0.004252
3.736667 0.256098 0.000000 0.000000 0.000000 0.000000
0.063333 0.270732 0.000000 0.000000 0.000000 0.000000
0.190000 0.270732 0.001257 0.004442 0.600000 0.004616
0.316667 0.270732 0.004146 0.001561 0.600000 0.004430
0.443333 0.270732 0.008055 0.000965 0.600000 0.008113
0.570000 0.270732 0.010768 0.000916 0.600000 0.010807
0.696667 0.270732 0.009907 0.000241 0.600000 0.009910
0.823333 0.270732 0.010056 -0.000461 0.600000 0.010067
0.950000 0.270732 0.006514 -0.000429 0.600000 0.006528
1.076667 0.270732 0.000946 -0.000557 0.600000 0.001098
1.203333 0.270732 -0.001121 -0.000427 0.600000 0.001200
1.330000 0.270732 -0.002272 0.000854 0.600000 0.002427
1.456667 0.270732 -0.001404 -0.003582 0.600000 0.003848
1.583333 0.270732 -0.000322 -0.000439 0.600000 0.000544
1.710000 0.270732 -0.000603 0.000473 0.600000 0.000766
1.836667 0.270732 -0.000599 -0.000417 0.600000 0.000729
1.963333 0.270732 -0.001159 -0.001226 0.600000 0.001687
2.090000 0.270732 -0.000976 -0.003210 0.600000 0.003355
2.216667 0.270732 -0.004176 -0.000618 0.600000 0.004221
2.343333 0.270732 -0.009424 0.000263 0.600000 0.009428
2.470000 0.270732 -0.008019 0.000944 0.600000 0.008074
2.596667 0.270732 -0.005682 0.000727 0.600000 0.005728
2.723333 0.270732 -0.008618 0.000374 0.600000 0.008626
2.850000 0.270732 -0.011088 0.000239 0.600000 0.011091
2.976667 0.270732 -0.009921 -0.000025 0.600000 0.009921
3.103333 0.270732 -0.010098 0.000418 0.600000 0.010107
3.230000 0.270732 -0.011960 0.000117 0.600000 0.011960
3.356667 0.270732 -0.012603 -0.000680 0.600000 0.012621
3.483333 0.270732 -0.007867 -0.004610 0.600000 0.009118
3.610000 0.270732 -0.001967 -0.003781 0.600000 0.004262
3.736667 0.270732 0.000000 0.000000 0.000000 0.000000
0.063333 0.285366 0.000000 0.000000 0.000000 0.000000
0.190000 0.285366 0.001109 0.004281 0.600000 0.004422
0.316667 0.285366 0.003830 0.001101 0.600000 0.003985
0.443333 0.285366 0.007703 0.000662 0.600000 0.007732
0.570000 0.285366 0.010443 0.000857 0.600000 0.010478
0.696667 0.285366 0.009330 0.000345 0.600000 0.009336
0.823333 0.285366 0.009411 -0.000300 0.600000 0.009416
0.950000 0.285366 0.006201 -0.000342 0.600000 0.006210
1.076667 0.285366 0.001015 -0.000446 0.600000 0.001109
1.203333 0.285366 -0.001328 -0.000011 0.600000 0.001328
1.330000 0.285366 -0.001968 0.001057 0.600000 0.002234
1.456667 0.285366 -0.000745 -0.003605 0.600000 0.003681
1.583333 0.285366 -0.000104 -0.000862 0.600000 0.000868
1.710000 0.285366 -0.000174 0.000681 0.600000 0.000703
1.836667 0.285366 -0.000351 -0.000480 0.600000 0.000594
1.963333 0.285366 -0.000889 -0.000694 0.600000 0.001127
2.090000 0.285366 -0.000362 -0.002570 0.600000 0.002595
2.216667 0.285366 -0.003491 -0.000457 0.600000 0.003521
2.343333 0.285366 -0.008648 0.000417 0.600000 0.008658
2.470000 0.285366 -0.007365 0.000827 0.600000 0.007411
2.596667 0.285366 -0.005264 0.000671 0.600000 0.005307
2.723333 0.285366 -0.007949 0.000302 0.600000 0.007955
2.850000 0.285366 -0.011114 0.000341 0.600000 0.011119
2.976667 0.285366 -0.010591 -0.000126 0.600000 0.010592
3.103333 0.285366 -0.009354 0.000480 0.600000 0.009366
3.230000 0.285366 -0.010946 -0.000128 0.600000 0.010947
3.356667 0.285366 -0.012616 -0.000322 0.600000 0.012620
3.483333 0.285366 -0.007795 -0.004912 0.600000 0.009213
3.610000 0.285366 -0.001850 -0.003745 0.600000 0.004177
3.736667 0.285366 0.000000 0.000000 0.000000 0.000000
0.063333 0.300000 0.000000 0.000000 0.000000 0.000000
0.190000 0.300000 0.000980 0.004163 0.600000 0.004277
0.316667 0.300000 0.003576 0.000646 0.600000 0.003634
0.443333 0.300000 0.007430 0.000356 0.600000 0.007438
0.570000 0.300000 0.010186 0.000793 0.600000 0.010217
0.696667 0.300000 0.008787 0.000539 0.600000 0.008803
0.823333 0.300000 0.008809 -0.000162 0.600000 0.008810
0.950000 0.300000 0.005954 -0.000265 0.600000 0.005959
1.076667 0.300000 0.000696 -0.000350 0.600000 0.000779
1.203333 0.300000 -0.002038 0.000540 0.600000 0.002109
1.330000 0.300000 -0.001743 0.001095 0.600000 0.002058
1.456667 0.300000 -0.000100 -0.002908 0.600000 0.002910
1.583333 0.300000 0.000041 -0.000754 0.600000 0.000755
1.710000 0.300000 0.000257 0.000902 0.600000 0.000938
1.836667 0.300000 -0.000010 -0.000537 0.600000 0.000537
1.963333 0.300000 -0.000524 -0.000248 0.600000 0.000579
2.090000 0.300000 0.000302 -0.002034 0.600000 0.002056
2.216667 0.300000 -0.002763 -0.000272 0.600000 0.002776
2.343333 0.300000 -0.007515 0.000509 0.600000 0.007532
2.470000 0.300000 -0.006398 0.000833 0.600000 0.006452
2.596667 0.300000 -0.004794 0.000605 0.600000 0.004832
2.723333 0.300000 -0.007129 0.000224 0.600000 0.007133
2.850000 0.300000 -0.010311 0.000578 0.600000 0.010327
2.976667 0.300000 -0.010551 -0.000112 0.600000 0.010552
3.103333 0.300000 -0.009764 0.000391 0.600000 0.009772
3.230000 0.300000 -0.010986 -0.000575 0.600000 0.011001
3.356667 0.300000 -0.012504 0.000031 0.600000 0.012504
3.483333 0.300000 -0.007660 -0.005252 0.600000 0.009288
3.610000 0.300000 -0.001713 -0.003690 0.600000 0.004068
3.736667 0.300000 0.000000 0.000000 0.000000 0.000000
0.063333 0.314634 0.000000 0.000000 0.000000 0.000000
0.190000 0.314634 0.001232 0.004015 0.600000 0.004200
0.316667 0.314634 0.003935 0.000208 0.600000 0.003941
0.443333 0.314634 0.007864 0.000019 0.600000 0.007864
0.570000 0.314634 0.010298 0.000796 0.600000 0.010329
0.696667 0.314634 0.008917 0.000722 0.600000 0.008946
0.823333 0.314634 0.009482 -0.000023 0.600000 0.009482
0.950000 0.314634 0.006213 -0.000144 0.600000 0.006215
1.076667 0.314634 0.000420 -0.000213 0.600000 0.000471
1.203333 0.314634 -0.002752 0.001211 0.600000 0.003006
1.330000 0.314634 -0.002474 0.001054 0.600000 0.002689
1.456667 0.314634 -0.000421 -0.001905 0.600000 0.001951
1.583333 0.314634 0.000125 -0.000413 0.600000 0.000431
1.710000 0.314634 0.000744 0.001116 0.600000 0.001342
1.836667 0.314634 0.000515 -0.000594 0.600000 0.000786
1.963333 0.314634 -0.000026 0.000132 0.600000 0.000135
2.090000 0.314634 0.000897 -0.001561 0.600000 0.001800
2.216667 0.314634 -0.002128 -0.000075 0.600000 0.002129
2.343333 0.314634 -0.006274 0.000501 0.600000 0.006294
2.470000 0.314634 -0.005333 0.001008 0.600000 0.005427
2.596667 0.314634 -0.004326 0.000529 0.600000 0.004359
2.723333 0.314634 -0.007198 0.000227 0.600000 0.007201
2.850000 0.314634 -0.010342 0.000766 0.600000 0.010371
2.976667 0.314634 -0.009698 0.000003 0.600000 0.009698
3.103333 0.314634 -0.009472 0.000381 0.600000 0.009480
3.230000 0.314634 -0.011044 -0.001068 0.600000 0.011095
3.356667 0.314634 -0.012307 0.000370 0.600000 0.012312
3.483333 0.314634 -0.007620 -0.005624 0.600000 0.009471
3.610000 0.314634 -0.001726 -0.003627 0.600000 0.004017
3.736667 0.314634 0.000000 0.000000 0.000000 0.000000
0.063333 0.329268 0.000000 0.000000 0.000000 0.000000
0.190000 0.329268 0.001490 0.003761 0.600000 0.004045
0.316667 0.329268 0.004279 -0.000194 0.600000 0.004284
0.443333 0.329268 0.008311 -0.000389 0.600000 0.008320
0.570000 0.329268 0.010358 0.000951 0.600000 0.010402
0.696667 0.329268 0.008994 0.000778 0.600000 0.009028
0.823333 0.329268 0.010172 0.000154 0.600000 0.010173
0.950000 0.329268 0.006456 0.000078 0.600000 0.006457
1.076667 0.329268 0.000208 -0.000041 0.600000 0.000212
1.203333 0.329268 -0.000631 0.001714 0.600000 0.001827
1.330000 0.329268 -0.000391 0.000925 0.600000 0.001005
1.456667 0.329268 -0.000760 -0.001124 0.600000 0.001357
1.583333 0.329268 0.000145 -0.000130 0.600000 0.000194
1.710000 0.329268 0.001221 0.001325 0.600000 0.001802
1.836667 0.329268 0.001034 -0.000657 0.600000 0.001225
1.963333 0.329268 0.000424 0.000472 0.600000 0.000635
2.090000 0.329268 0.001354 -0.001117 0.600000 0.001755
2.216667 0.329268 -0.001648 0.000126 0.600000 0.001653
2.343333 0.329268 -0.005162 0.000386 0.600000 0.005176
2.470000 0.329268 -0.004368 0.001358 0.600000 0.004574
2.596667 0.329268 -0.003945 0.000438 0.600000 0.003969
2.723333 0.329268 -0.007405 0.000409 0.600000 0.007417
2.850000 0.329268 -0.010568 0.000791 0.600000 0.010597
2.976667 0.329268 -0.009034 0.000121 0.600000 0.009035
3.103333 0.329268 -0.009171 0.000526 0.600000 0.009186
3.230000 0.329268 -0.011104 -0.001624 0.600000 0.011223
3.356667 0.329268 -0.012146 0.000671 0.600000 0.012165
3.483333 0.329268 -0.007498 -0.006021 0.600000 0.009616
3.610000 0.329268 -0.001723 -0.003569 0.600000 0.003963
3.736667 0.329268 0.000000 0.000000 0.000000 0.000000
0.063333 0.343902 0.000000 0.000000 0.000000 0.000000
0.190000 0.343902 0.001389 0.003472 0.600000 0.003740
0.316667 0.343902 0.004012 -0.000565 0.600000 0.004052
0.443333 0.343902 0.008067 -0.000852 0.600000 0.008112
0.570000 0.343902 0.010028 0.001219 0.600000 0.010102
0.696667 0.343902 0.008389 0.000788 0.600000 0.008426
0.823333 0.343902 0.009613 0.000361 0.600000 0.009619
0.950000 0.343902 0.006175 0.000347 0.600000 0.006185
1.076667 0.343902 0.000029 0.000161 0.600000 0.000164
1.203333 0.343902 0.001843 0.001714 0.600000 0.002517
1.330000 0.343902 0.002092 0.000670 0.600000 0.002197
1.456667 0.343902 -0.001071 -0.000658 0.600000 0.001257
1.583333 0.343902 0.000163 0.000093 0.600000 0.000187
1.710000 0.343902 0.001197 0.001618 0.600000 0.002012
1.836667 0.343902 0.000367 -0.000722 0.600000 0.000810
1.963333 0.343902 -0.000301 0.000778 0.600000 0.000834
2.090000 0.343902 0.000335 -0.000659 0.600000 0.000739
2.216667 0.343902 -0.002788 0.000301 0.600000 0.002804
2.343333 0.343902 -0.006411 0.000281 0.600000 0.006417
2.470000 0.343902 -0.004966 0.001679 0.600000 0.005243
2.596667 0.343902 -0.004154 0.000423 0.600000 0.004175
2.723333 0.343902 -0.007504 0.000624 0.600000 0.007530
2.850000 0.343902 -0.010016 0.000758 0.600000 0.010045
2.976667 0.343902 -0.008585 0.000236 0.600000 0.008588
3.103333 0.343902 -0.008985 0.000778 0.600000 0.009018
3.230000 0.343902 -0.011026 -0.002194 0.600000 0.011242
3.356667 0.343902 -0.011839 0.000909 0.600000 0.011874
3.483333 0.343902 -0.007321 -0.006405 0.600000 0.009727
3.610000 0.343902 -0.001734 -0.003515 0.600000 0.003919
3.736667 0.343902 0.000000 0.000000 0.000000 0.000000
0.063333 0.358537 0.000000 0.000000 0.000000 0.000000
0.190000 0.358537 0.001287 0.003223 0.600000 0.003470
0.316667 0.358537 0.003735 -0.000912 0.600000 0.003845
0.443333 0.358537 0.007815 -0.001351 0.600000 0.007931
0.570000 0.358537 0.009622 0.001556 0.600000 0.009747
0.696667 0.358537 0.007617 0.000852 0.600000 0.007665
0.823333 0.358537 0.008933 0.000576 0.600000 0.008952
0.950000 0.358537 0.005857 0.000607 0.600000 0.005889
1.076667 0.358537 -0.000171 0.000392 0.600000 0.000428
1.203333 0.358537 0.001632 0.001475 0.600000 0.002200
1.330000 0.358537 0.001951 0.000454 0.600000 0.002003
1.456667 0.358537 -0.001381 -0.000272 0.600000 0.001407
1.583333 0.358537 0.000256 0.000231 0.600000 0.000345
1.710000 0.358537 0.001283 0.002068 0.600000 0.002434
1.836667 0.358537 -0.000323 -0.000782 0.600000 0.000846
1.963333 0.358537 -0.000949 0.001038 0.600000 0.001407
2.090000 0.358537 -0.000613 -0.000122 0.600000 0.000625
2.216667 0.358537 -0.003948 0.000426 0.600000 0.003970
2.343333 0.358537 -0.007826 0.000325 0.600000 0.007833
2.470000 0.358537 -0.005678 0.001749 0.600000 0.005941
2.596667 0.358537 -0.004272 0.000576 0.600000 0.004311
2.723333 0.358537 -0.007508 0.000724 0.600000 0.007543
2.850000 0.358537 -0.009970 0.000843 0.600000 0.010006
2.976667 0.358537 -0.008546 0.000309 0.600000 0.008552
3.103333 0.358537 -0.008474 0.001119 0.600000 0.008548
3.230000 0.358537 -0.010905 -0.002285 0.600000 0.011142
3.356667 0.358537 -0.011578 0.001042 0.600000 0.011624
3.483333 0.358537 -0.007033 -0.006746 0.600000 0.009745
3.610000 0.358537 -0.001726 -0.003464 0.600000 0.003870
3.736667 0.358537 0.000000 0.000000 0.000000 0.000000
0.063333 0.373171 0.000000 0.000000 0.000000 0.000000
0.190000 0.373171 0.001205 0.003010 0.600000 0.003242
0.316667 0.373171 0.003517 -0.001234 0.600000 0.003727
0.443333 0.373171 0.007658 -0.001893 0.600000 0.007888
0.570000 0.373171 0.009175 0.001996 0.600000 0.009390
0.696667 0.373171 0.006624 0.000977 0.600000 0.006695
0.823333 0.373171 0.008139 0.000775 0.600000 0.008176
0.950000 0.373171 0.005577 0.000858 0.600000 0.005643
1.076667 0.373171 -0.000416 0.000667 0.600000 0.000786
1.203333 0.373171 0.001272 0.001294 0.600000 0.001814
1.330000 0.373171 0.001770 0.000345 0.599999 0.001804
1.456667 0.373171 -0.001695 0.000235 0.600000 0.001712
1.583333 0.373171 0.000327 0.000259 0.600000 0.000417
1.710000 0.373171 0.001933 0.002616 0.600000 0.003253
1.836667 0.373171 0.000038 -0.000833 0.600000 0.000833
1.963333 0.373171 -0.000433 0.001229 0.600000 0.001303
2.090000 0.373171 0.000123 0.000513 0.600000 0.000528
2.216667 0.373171 -0.003370 0.000537 0.600000 0.003412
2.343333 0.373171 -0.006756 0.000416 0.600000 0.006768
2.470000 0.373171 -0.004689 0.001752 0.600000 0.005006
2.596667 0.373171 -0.003681 0.000802 0.600000 0.003768
2.723333 0.373171 -0.006509 0.000736 0.599999 0.006551
2.850000 0.373171 -0.009666 0.001136 0.600000 0.009733
2.976667 0.373171 -0.009367 0.000400 0.600000 0.009376
3.103333 0.373171 -0.008476 0.001419 0.600000 0.008594
3.230000 0.373171 -0.009818 -0.001421 0.600000 0.009920
3.356667 0.373171 -0.010611 0.001077 0.600000 0.010666
3.483333 0.373171 -0.006423 -0.007046 0.600000 0.009534
3.610000 0.373171 -0.001520 -0.003393 0.600000 0.003717
3.736667 0.373171 0.000000 0.000000 0.000000 0.000000
0.063333 0.387805 0.000000 0.000000 0.000000 0.000000
0.190000 0.387805 0.001160 0.002826 0.600000 0.003055
0.316667 0.387805 0.003372 -0.001531 0.600000 0.003704
0.443333 0.387805 0.007639 -0.002490 0.599999 0.008035
0.570000 0.387805 0.008793 0.002585 0.600000 0.009165
0.696667 0.387805 0.005584 0.001163 0.600000 0.005704
0.823333 0.387805 0.007374 0.000945 0.600000 0.007434
0.950000 0.387805 0.005354 0.001104 0.600000 0.005466
1.076667 0.387805 -0.000759 0.001013 0.600000 0.001266
1.203333 0.387805 0.000451 0.001189 0.599999 0.001272
1.330000 0.387805 0.001354 0.000250 0.599935 0.001377
1.456667 0.387805 -0.001949 0.000891 0.600000 0.002143
1.583333 0.387805 0.000464 0.000156 0.599939 0.000489
1.710000 0.387805 0.002782 0.003204 0.600000 0.004243
1.836667 0.387805 0.000480 -0.000861 0.600000 0.000986
1.963333 0.387805 0.000202 0.001322 0.600000 0.001338
2.090000 0.387805 0.000994 0.001272 0.600000 0.001615
2.216667 0.387805 -0.002724 0.000667 0.600000 0.002805
2.343333 0.387805 -0.005255 0.000394 0.599956 0.005269
2.470000 0.387805 -0.003266 0.001936 0.600000 0.003796
2.596667 0.387805 -0.002955 0.001003 0.600000 0.003121
2.723333 0.387805 -0.005295 0.000671 0.599922 0.005337
2.850000 0.387805 -0.008461 0.001588 0.600000 0.008609
2.976667 0.387805 -0.009836 0.000725 0.600000 0.009863
3.103333 0.387805 -0.008994 0.001510 0.600000 0.009120
3.230000 0.387805 -0.008618 -0.000091 0.600000 0.008618
3.356667 0.387805 -0.009285 0.001065 0.600000 0.009345
3.483333 0.387805 -0.005666 -0.007294 0.600000 0.009236
3.610000 0.387805 -0.001304 -0.003276 0.600000 0.003526
3.736667 0.387805 0.000000 0.000000 0.000000 0.000000
0.063333 0.402439 0.000000 0.000000 0.000000 0.000000
0.190000 0.402439 0.001271 0.002648 0.600000 0.002937
0.316667 0.402439 0.003570 -0.001808 0.600000 0.004002
0.443333 0.402439 0.008319 -0.003195 0.599950 0.008911
0.570000 0.402439 0.008507 0.003475 0.599999 0.009190
0.696667 0.402439 0.004875 0.001268 0.600000 0.005037
0.823333 0.402439 0.008239 0.001066 0.599935 0.008307
0.950000 0.402439 0.005886 0.001469 0.599994 0.006067
1.076667 0.402439 -0.001443 0.001466 0.600000 0.002057
1.203333 0.402439 -0.000973 0.001205 0.599922 0.001549
1.330000 0.402439 0.000730 0.000016 0.596655 0.000730
1.456667 0.402439 -0.002222 0.001764 0.599971 0.002837
1.583333 0.402439 0.001023 -0.000223 0.596386 0.001047
1.710000 0.402439 0.004324 0.003947 0.599976 0.005855
1.836667 0.402439 0.001001 -0.000853 0.599966 0.001315
1.963333 0.402439 0.001178 0.001269 0.599999 0.001731
2.090000 0.402439 0.002071 0.002274 0.600000 0.003076
2.216667 0.402439 -0.002301 0.000807 0.599972 0.002439
2.343333 0.402439 -0.003499 0.000147 0.597243 0.003502
2.470000 0.402439 -0.001374 0.002382 0.599998 0.002750
2.596667 0.402439 -0.002159 0.001205 0.599994 0.002472
2.723333 0.402439 -0.005202 0.000611 0.597038 0.005237
2.850000 0.402439 -0.008119 0.001992 0.599987 0.008359
2.976667 0.402439 -0.009265 0.001317 0.599997 0.009358
3.103333 0.402439 -0.008959 0.001489 0.599943 0.009082
3.230000 0.402439 -0.008459 0.001302 0.599990 0.008558
3.356667 0.402439 -0.008394 0.000879 0.600000 0.008440
3.483333 0.402439 -0.004712 -0.007404 0.600000 0.008776
3.610000 0.402439 -0.001224 -0.003130 0.600000 0.003361
3.736667 0.402439 0.000000 0.000000 0.000000 0.000000
0.063333 0.417073 0.000000 0.000000 0.000000 0.000000
0.190000 0.417073 0.001374 0.002456 0.600000 0.002814
0.316667 0.417073 0.003738 -0.002064 0.600000 0.004270
0.443333 0.417073 -0.000680 -0.002931 0.598862 0.003009
0.570000 0.417073 0.005112 0.002014 0.521066 0.005494
0.696667 0.417073 0.015471 0.000633 0.512751 0.015484
0.823333 0.417073 0.013985 0.000555 0.512068 0.013996
0.950000 0.417073 0.012014 0.000856 0.513909 0.012045
1.076667 0.417073 0.012362 0.000862 0.514003 0.012392
1.203333 0.417073 0.014000 0.000624 0.512530 0.014014
1.330000 0.417073 0.005132 -0.000080 0.511556 0.005133
1.456667 0.417073 -0.000993 0.001133 0.515678 0.001507
1.583333 0.417073 -0.006160 -0.000257 0.510760 0.006165
1.710000 0.417073 -0.002335 0.002193 0.521499 0.003203
1.836667 0.417073 0.004639 -0.000386 0.597044 0.004655
1.963333 0.417073 -0.010367 0.002383 0.592778 0.010637
2.090000 0.417073 -0.013492 0.001428 0.516867 0.013567
2.216667 0.417073 -0.009725 0.000439 0.511444 0.009735
2.343333 0.417073 -0.019169 -0.000026 0.511293 0.019169
2.470000 0.417073 -0.020083 0.001341 0.516663 0.020127
2.596667 0.417073 -0.015174 0.000656 0.512899 0.015188
2.723333 0.417073 -0.019773 0.000304 0.513410 0.019776
2.850000 0.417073 -0.021211 0.001073 0.515171 0.021238
2.976667 0.417073 -0.017274 0.000831 0.513837 0.017294
3.103333 0.417073 -0.015989 0.000741 0.513423 0.016006
3.230000 0.417073 -0.009576 0.001017 0.519034 0.009630
3.356667 0.417073 -0.004280 0.000749 0.600000 0.004345
3.483333 0.417073 -0.003696 -0.007300 0.600000 0.008183
3.610000 0.417073 -0.001139 -0.002969 0.600000 0.003180
3.736667 0.417073 0.000000 0.000000 0.000000 0.000000
0.063333 0.431707 0.000000 0.000000 0.000000 0.000000
0.190000 0.431707 0.001352 0.002266 0.600000 0.002639
0.316667 0.431707 0.003477 -0.002278 0.600000 0.004157
0.443333 0.431707 0.002125 -0.002023 0.600000 0.002934
0.570000 0.431707 0.000000 0.000000 0.000000 0.000000
0.696667 0.431707 0.000000 0.000000 0.000000 0.000000
0.823333 0.431707 0.000000 0.000000 0.000000 0.000000
0.950000 0.431707 0.000000 0.000000 0.000000 0.000000
1.076667 0.431707 0.000000 0.000000 0.000000 0.000000
1.203333 0.431707 0.000000 0.000000 0.000000 0.000000
1.330000 0.431707 0.000000 0.000000 0.000000 0.000000
1.456667 0.431707 0.000000 0.000000 0.000000 0.000000
1.583333 0.431707 0.000000 0.000000 0.000000 0.000000
1.710000 0.431707 0.000000 0.000000 0.000000 0.000000
1.836667 0.431707 -0.000661 0.000028 0.599967 0.000662
1.963333 0.431707 -0.000661 0.003482 0.599534 0.003544
2.090000 0.431707 0.000000 0.000000 0.000000 0.000000
2.216667 0.431707 0.000000 0.000000 0.000000 0.000000
2.343333 0.431707 0.000000 0.000000 0.000000 0.000000
2.470000 0.431707 0.000000 0.000000 0.000000 0.000000
2.596667 0.431707 0.000000 0.000000 0.000000 0.000000
2.723333 0.431707 0.000000 0.000000 0.000000 0.000000
2.850000 0.431707 0.000000 0.000000 0.000000 0.000000
2.976667 0.431707 0.000000 0.000000 0.000000 0.000000
3.103333 0.431707 0.000000 0.000000 0.000000 0.000000
3.230000 0.431707 0.000000 0.000000 0.000000 0.000000
3.356667 0.431707 -0.002022 0.000948 0.600000 0.002233
3.483333 0.431707 -0.003101 -0.007044 0.600000 0.007697
3.610000 0.431707 -0.001078 -0.002794 0.600000 0.002995
3.736667 0.431707 0.000000 0.000000 0.000000 0.000000
0.063333 0.446341 0.000000 0.000000 0.000000 0.000000
0.190000 0.446341 0.001340 0.002091 0.600000 0.002484
0.316667 0.446341 0.003199 -0.002424 0.600000 0.004014
0.443333 0.446341 0.001858 -0.001561 0.600000 0.002427
0.570000 0.446341 0.000000 0.000000 0.000000 0.000000
0.696667 0.446341 0.000000 0.000000 0.000000 0.000000
0.823333 0.446341 0.000000 0.000000 0.000000 0.000000
0.950000 0.446341 0.000000 0.000000 0.000000 0.000000
1.076667 0.446341 0.000000 0.000000 0.000000 0.000000
1.203333 0.446341 0.000000 0.000000 0.000000 0.000000
1.330000 0.446341 0.000000 0.000000 0.000000 0.000000
1.456667 0.446341 0.000000 0.000000 0.000000 0.000000
1.583333 0.446341 0.000000 0.000000 0.000000 0.000000
1.710000 0.446341 0.000000 0.000000 0.000000 0.000000
1.836667 0.446341 -0.001164 -0.000007 0.600000 0.001164
1.963333 0.446341 -0.001164 0.003256 0.599980 0.003458
2.090000 0.446341 0.000000 0.000000 0.000000 0.000000
2.216667 0.446341 0.000000 0.000000 0.000000 0.000000
2.343333 0.446341 0.000000 0.000000 0.000000 0.000000
2.470000 0.446341 0.000000 0.000000 0.000000 0.000000
2.596667 0.446341 0.000000 0.000000 0.000000 0.000000
2.723333 0.446341 0.000000 0.000000 0.000000 0.000000
2.850000 0.446341 0.000000 0.000000 0.000000 0.000000
2.976667 0.446341 0.000000 0.000000 0.000000 0.000000
3.103333 0.446341 0.000000 0.000000 0.000000 0.000000
3.230000 0.446341 0.000000 0.000000 0.000000 0.000000
3.356667 0.446341 -0.001593 0.001222 0.600000 0.002008
3.483333 0.446341 -0.002613 -0.006706 0.600000 0.007197
3.610000 0.446341 -0.001020 -0.002609 0.600000 0.002802
3.736667 0.446341 0.000000 0.000000 0.000000 0.000000
0.063333 0.460976 0.000000 0.000000 0.000000 0.000000
0.190000 0.460976 0.001349 0.001928 0.600000 0.002353
0.316667 0.460976 0.002998 -0.002502 0.600000 0.003905
0.443333 0.460976 0.001649 -0.001181 0.600000 0.002028
0.570000 0.460976 0.000000 0.000000 0.000000 0.000000
0.696667 0.460976 0.000000 0.000000 0.000000 0.000000
0.823333 0.460976 0.000000 0.000000 0.000000 0.000000
0.950000 0.460976 0.000000 0.000000 0.000000 0.000000
1.076667 0.460976 0.000000 0.000000 0.000000 0.000000
1.203333 0.460976 0.000000 0.000000 0.000000 0.000000
1.330000 0.460976 0.000000 0.000000 0.000000 0.000000
1.456667 0.460976 0.000000 0.000000 0.000000 0.000000
1.583333 0.460976 0.000000 0.000000 0.000000 0.000000
1.710000 0.460976 0.000000 0.000000 0.000000 0.000000
1.836667 0.460976 -0.001222 0.000001 0.600000 0.001222
1.963333 0.460976 -0.001222 0.002981 0.599999 0.003222
2.090000 0.460976 0.000000 0.000000 0.000000 0.000000
2.216667 0.460976 0.000000 0.000000 0.000000 0.000000
2.343333 0.460976 0.000000 0.000000 0.000000 0.000000
2.470000 0.460976 0.000000 0.000000 0.000000 0.000000
2.596667 0.460976 0.000000 0.000000 0.000000 0.000000
2.723333 0.460976 0.000000 0.000000 0.000000 0.000000
2.850000 0.460976 0.000000 0.000000 0.000000 0.000000
2.976667 0.460976 0.000000 0.000000 0.000000 0.000000
3.103333 0.460976 0.000000 0.000000 0.000000 0.000000
3.230000 0.460976 0.000000 0.000000 0.000000 0.000000
3.356667 0.460976 -0.001168 0.001417 0.600000 0.001836
3.483333 0.460976 -0.002021 -0.006308 0.600000 0.006624
3.610000 0.460976 -0.000853 -0.002401 0.600000 0.002548
3.736667 0.460976 0.000000 0.000000 0.000000 0.000000
0.063333 0.475610 0.000000 0.000000 0.000000 0.000000
0.190000 0.475610 0.001390 0.001770 0.600000 0.002251
0.316667 0.475610 0.002875 -0.002515 0.600000 0.003820
0.443333 0.475610 0.001485 -0.000866 0.600000 0.001719
0.570000 0.475610 0.000000 0.000000 0.000000 0.000000
0.696667 0.475610 0.000000 0.000000 0.000000 0.000000
0.823333 0.475610 0.000000 0.000000 0.000000 0.000000
0.950000 0.475610 0.000000 0.000000 0.000000 0.000000
1.076667 0.475610 0.000000 0.000000 0.000000 0.000000
1.203333 0.475610 0.000000 0.000000 0.000000 0.000000
1.330000 0.475610 0.000000 0.000000 0.000000 0.000000
1.456667 0.475610 0.000000 0.000000 0.000000 0.000000
1.583333 0.475610 0.000000 0.000000 0.000000 0.000000
1.710000 0.475610 0.000000 0.000000 0.000000 0.000000
1.836667 0.475610 -0.001257 -0.000001 0.600000 0.001257
1.963333 0.475610 -0.001257 0.002709 0.600000 0.002987
2.090000 0.475610 0.000000 0.000000 0.000000 0.000000
2.216667 0.475610 0.000000 0.000000 0.000000 0.000000
2.343333 0.475610 0.000000 0.000000 0.000000 0.000000
2.470000 0.475610 0.000000 0.000000 0.000000 0.000000
2.596667 0.475610 0.000000 0.000000 0.000000 0.000000
2.723333 0.475610 0.000000 0.000000 0.000000 0.000000
2.850000 0.475610 0.000000 0.000000 0.000000 0.000000
2.976667 0.475610 0.000000 0.000000 0.000000 0.000000
3.103333 0.475610 0.000000 0.000000 0.000000 0.000000
3.230000 0.475610 0.000000 0.000000 0.000000 0.000000
3.356667 0.475610 -0.000849 0.001545 0.600000 0.001763
3.483333 0.475610 -0.001549 -0.005874 0.600000 0.006075
3.610000 0.475610 -0.000699 -0.002158 0.600000 0.002269
3.736667 0.475610 0.000000 0.000000 0.000000 0.000000
0.063333 0.490244 0.000000 0.000000 0.000000 0.000000
0.190000 0.490244 0.001539 0.001602 0.600000 0.002221
0.316667 0.490244 0.002950 -0.002464 0.600000 0.003843
0.443333 0.490244 0.001411 -0.000597 0.600000 0.001532
0.570000 0.490244 0.000000 0.000000 0.000000 0.000000
0.696667 0.490244 0.000000 0.000000 0.000000 0.000000
0.823333 0.490244 0.000000 0.000000 0.000000 0.000000
0.950000 0.490244 0.000000 0.000000 0.000000 0.000000
1.076667 0.490244 0.000000 0.000000 0.000000 0.000000
1.203333 0.490244 0.000000 0.000000 0.000000 0.000000
1.330000 0.490244 0.000000 0.000000 0.000000 0.000000
1.456667 0.490244 0.000000 0.000000 0.000000 0.000000
1.583333 0.490244 0.000000 0.000000 0.000000 0.000000
1.710000 0.490244 0.000000 0.000000 0.000000 0.000000
1.836667 0.490244 -0.001279 -0.000017 0.600000 0.001279
1.963333 0.490244 -0.001279 0.002439 0.600000 0.002755
2.090000 0.490244 0.000000 0.000000 0.000000 0.000000
2.216667 0.490244 0.000000 0.000000 0.000000 0.000000
2.343333 0.490244 0.000000 0.000000 0.000000 0.000000
2.470000 0.490244 0.000000 0.000000 0.000000 0.000000
2.596667 0.490244 0.000000 0.000000 0.000000 0.000000
2.723333 0.490244 0.000000 0.000000 0.000000 0.000000
2.850000 0.490244 0.000000 0.000000 0.000000 0.000000
2.976667 0.490244 0.000000 0.000000 0.000000 0.000000
3.103333 0.490244 0.000000 0.000000 0.000000 0.000000
3.230000 0.490244 0.000000 0.000000 0.000000 0.000000
3.356667 0.490244 -0.000494 0.001615 0.600000 0.001689
3.483333 0.490244 -0.001126 -0.005400 0.600000 0.005516
3.610000 0.490244 -0.000632 -0.001892 0.600000 0.001995
3.736667 0.490244 0.000000 0.000000 0.000000 0.000000
0.063333 0.504878 0.000000 0.000000 0.000000 0.000000
0.190000 0.504878 0.001686 0.001409 0.600000 0.002198
0.316667 0.504878 0.003000 -0.002342 0.600000 0.003805
0.443333 0.504878 0.001313 -0.000367 0.600000 0.001363
0.570000 0.504878 0.000000 0.000000 0.000000 0.000000
0.696667 0.504878 0.000000 0.000000 0.000000 0.000000
0.823333 0.504878 0.000000 0.000000 0.000000 0.000000
0.950000 0.504878 0.000000 0.000000 0.000000 0.000000
1.076667 0.504878 0.000000 0.000000 0.000000 0.000000
1.203333 0.504878 0.000000 0.000000 0.000000 0.000000
1.330000 0.504878 0.000000 0.000000 0.000000 0.000000
1.456667 0.504878 0.000000 0.000000 0.000000 0.000000
1.583333 0.504878 0.000000 0.000000 0.000000 0.000000
1.710000 0.504878 0.000000 0.000000 0.000000 0.000000
1.836667 0.504878 -0.001328 -0.000047 0.600000 0.001329
1.963333 0.504878 -0.001328 0.002166 0.600000 0.002541
2.090000 0.504878 0.000000 0.000000 0.000000 0.000000
2.216667 0.504878 0.000000 0.000000 0.000000 0.000000
2.343333 0.504878 0.000000 0.000000 0.000000 0.000000
2.470000 0.504878 0.000000 0.000000 0.000000 0.000000
2.596667 0.504878 0.000000 0.000000 0.000000 0.000000
2.723333 0.504878 0.000000 0.000000 0.000000 0.000000
2.850000 0.504878 0.000000 0.000000 0.000000 0.000000
2.976667 0.504878 0.000000 0.000000 0.000000 0.000000
3.103333 0.504878 0.000000 0.000000 0.000000 0.000000
3.230000 0.504878 0.000000 0.000000 0.000000 0.000000
3.356667 0.504878 -0.000095 0.001616 0.600000 0.001619
3.483333 0.504878 -0.000663 -0.004871 0.600000 0.004916
3.610000 0.504878 -0.000569 -0.001614 0.600000 0.001711
3.736667 0.504878 0.000000 0.000000 0.000000 0.000000
0.063333 0.519512 0.000000 0.000000 0.000000 0.000000
0.190000 0.519512 0.001780 0.001201 0.600000 0.002148
0.316667 0.519512 0.002923 -0.002142 0.600000 0.003624
0.443333 0.519512 0.001143 -0.000184 0.600000 0.001157
0.570000 0.519512 0.000000 0.000000 0.000000 0.000000
0.696667 0.519512 0.000000 0.000000 0.000000 0.000000
0.823333 0.519512 0.000000 0.000000 0.000000 0.000000
0.950000 0.519512 0.000000 0.000000 0.000000 0.000000
1.076667 0.519512 0.000000 0.000000 0.000000 0.000000
1.203333 0.519512 0.000000 0.000000 0.000000 0.000000
1.330000 0.519512 0.000000 0.000000 0.000000 0.000000
1.456667 0.519512 0.000000 0.000000 0.000000 0.000000
1.583333 0.519512 0.000000 0.000000 0.000000 0.000000
1.710000 0.519512 0.000000 0.000000 0.000000 0.000000
1.836667 0.519512 -0.001552 -0.000068 0.600000 0.001553
1.963333 0.519512 -0.001552 0.001863 0.600000 0.002425
2.090000 0.519512 0.000000 0.000000 0.000000 0.000000
2.216667 0.519512 0.000000 0.000000 0.000000 0.000000
2.343333 0.519512 0.000000 0.000000 0.000000 0.000000
2.470000 0.519512 0.000000 0.000000 0.000000 0.000000
2.596667 0.519512 0.000000 0.000000 0.000000 0.000000
2.723333 0.519512 0.000000 0.000000 0.000000 0.000000
2.850000 0.519512 0.000000 0.000000 0.000000 0.000000
2.976667 0.519512 0.000000 0.000000 0.000000 0.000000
3.103333 0.519512 0.000000 0.000000 0.000000 0.000000
3.230000 0.519512 0.000000 0.000000 0.000000 0.000000
3.356667 0.519512 0.000363 0.001538 0.600000 0.001581
3.483333 0.519512 -0.000172 -0.004272 0.600000 0.004276
3.610000 0.519512 -0.000535 -0.001326 0.600000 0.001430
3.736667 0.519512 0.000000 0.000000 0.000000 0.000000
0.063333 0.534146 0.000000 0.000000 0.000000 0.000000
0.190000 0.534146 0.001908 0.000982 0.600000 0.002146
0.316667 0.534146 0.002884 -0.001856 0.600000 0.003429
0.443333 0.534146 0.000975 -0.000053 0.600000 0.000977
0.570000 0.534146 0.000000 0.000000 0.000000 0.000000
0.696667 0.534146 0.000000 0.000000 0.000000 0.000000
0.823333 0.534146 0.000000 0.000000 0.000000 0.000000
0.950000 0.534146 0.000000 0.000000 0.000000 0.000000
1.076667 0.534146 0.000000 0.000000 0.000000 0.000000
1.203333 0.534146 0.000000 0.000000 0.000000 0.000000
1.330000 0.534146 0.000000 0.000000 0.000000 0.000000
1.456667 0.534146 0.000000 0.000000 0.000000 0.000000
1.583333 0.534146 0.000000 0.000000 0.000000 0.000000
1.710000 0.534146 0.000000 0.000000 0.000000 0.000000
1.836667 0.534146 -0.001746 -0.000061 0.600000 0.001748
1.963333 0.534146 -0.001746 0.001510 0.600000 0.002308
2.090000 0.534146 0.000000 0.000000 0.000000 0.000000
2.216667 0.534146 0.000000 0.000000 0.000000 0.000000
2.343333 0.534146 0.000000 0.000000 0.000000 0.000000
2.470000 0.534146 0.000000 0.000000 0.000000 0.000000
2.596667 0.534146 0.000000 0.000000 0.000000 0.000000
2.723333 0.534146 0.000000 0.000000 0.000000 0.000000
2.850000 0.534146 0.000000 0.000000 0.000000 0.000000
2.976667 0.534146 0.000000 0.000000 0.000000 0.000000
3.103333 0.534146 0.000000 0.000000 0.000000 0.000000
3.230000 0.534146 0.000000 0.000000 0.000000 0.000000
3.356667 0.534146 0.000873 0.001375 0.600000 0.001629
3.483333 0.534146 0.000364 -0.003576 0.600000 0.003594
3.610000 0.534146 -0.000509 -0.001033 0.600000 0.001152
3.736667 0.534146 0.000000 0.000000 0.000000 0.000000
0.063333 0.548780 0.000000 0.000000 0.000000 0.000000
0.190000 0.548780 0.002080 0.000743 0.600000 0.002209
0.316667 0.548780 0.002891 -0.001473 0.600000 0.003245
0.443333 0.548780 0.000811 0.000026 0.600000 0.000812
0.570000 0.548780 0.000000 0.000000 0.000000 0.000000
0.696667 0.548780 0.000000 0.000000 0.000000 0.000000
0.823333 0.548780 0.000000 0.000000 0.000000 0.000000
0.950000 0.548780 0.000000 0.000000 0.000000 0.000000
1.076667 0.548780 0.000000 0.000000 0.000000 0.000000
1.203333 0.548780 0.000000 0.000000 0.000000 0.000000
1.330000 0.548780 0.000000 0.000000 0.000000 0.000000
1.456667 0.548780 0.000000 0.000000 0.000000 0.000000
1.583333 0.548780 0.000000 0.000000 0.000000 0.000000
1.710000 0.548780 0.000000 0.000000 0.000000 0.000000
1.836667 0.548780 -0.001805 -0.000044 0.600000 0.001805
1.963333 0.548780 -0.001805 0.001120 0.600000 0.002124
2.090000 0.548780 0.000000 0.000000 0.000000 0.000000
2.216667 0.548780 0.000000 0.000000 0.000000 0.000000
2.343333 0.548780 0.000000 0.000000 0.000000 0.000000
2.470000 0.548780 0.000000 0.000000 0.000000 0.000000
2.596667 0.548780 0.000000 0.000000 0.000000 0.000000
2.723333 0.548780 0.000000 0.000000 0.000000 0.000000
2.850000 0.548780 0.000000 0.000000 0.000000 0.000000
2.976667 0.548780 0.000000 0.000000 0.000000 0.000000
3.103333 0.548780 0.000000 0.000000 0.000000 0.000000
3.230000 0.548780 0.000000 0.000000 0.000000 0.000000
3.356667 0.548780 0.001448 0.001120 0.600000 0.001831
3.483333 0.548780 0.000991 -0.002761 0.600000 0.002934
3.610000 0.548780 -0.000457 -0.000733 0.600000 0.000864
3.736667 0.548780 0.000000 0.000000 0.000000 0.000000
0.063333 0.563415 0.000000 0.000000 0.000000 0.000000
0.190000 0.563415 0.002304 0.000475 0.600000 0.002353
0.316667 0.563415 0.002940 -0.000978 0.600000 0.003098
0.443333 0.563415 0.000636 0.000054 0.600000 0.000638
0.570000 0.563415 0.000000 0.000000 0.000000 0.000000
0.696667 0.563415 0.000000 0.000000 0.000000 0.000000
0.823333 0.563415 0.000000 0.000000 0.000000 0.000000
0.950000 0.563415 0.000000 0.000000 0.000000 0.000000
1.076667 0.563415 0.000000 0.000000 0.000000 0.000000
1.203333 0.563415 0.000000 0.000000 0.000000 0.000000
1.330000 0.563415 0.000000 0.000000 0.000000 0.000000
1.456667 0.563415 0.000000 0.000000 0.000000 0.000000
1.583333 0.563415 0.000000 0.000000 0.000000 0.000000
1.710000 0.563415 0.000000 0.000000 0.000000 0.000000
1.836667 0.563415 -0.001889 -0.000029 0.600000 0.001889
1.963333 0.563415 -0.001889 0.000701 0.600000 0.002014
2.090000 0.563415 0.000000 0.000000 0.000000 0.000000
2.216667 0.563415 0.000000 0.000000 0.000000 0.000000
2.343333 0.563415 0.000000 0.000000 0.000000 0.000000
2.470000 0.563415 0.000000 0.000000 0.000000 0.000000
2.596667 0.563415 0.000000 0.000000 0.000000 0.000000
2.723333 0.563415 0.000000 0.000000 0.000000 0.000000
2.850000 0.563415 0.000000 0.000000 0.000000 0.000000
2.976667 0.563415 0.000000 0.000000 0.000000 0.000000
3.103333 0.563415 0.000000 0.000000 0.000000 0.000000
3.230000 0.563415 0.000000 0.000000 0.000000 0.000000
3.356667 0.563415 0.002124 0.000759 0.600000 0.002256
3.483333 0.563415 0.001650 -0.001797 0.600000 0.002440
3.610000 0.563415 -0.000474 -0.000431 0.600000 0.000640
3.736667 0.563415 0.000000 0.000000 0.000000 0.000000
0.063333 0.578049 0.000000 0.000000 0.000000 0.000000
0.190000 0.578049 0.002588 0.000166 0.600000 0.002594
0.316667 0.578049 0.003030 -0.000350 0.600000 0.003050
0.443333 0.578049 0.000441 0.000028 0.600000 0.000442
0.570000 0.578049 0.000000 0.000000 0.000000 0.000000
0.696667 0.578049 0.000000 0.000000 0.000000 0.000000
0.823333 0.578049 0.000000 0.000000 0.000000 0.000000
0.950000 0.578049 0.000000 0.000000 0.000000 0.000000
1.076667 0.578049 0.000000 0.000000 0.000000 0.000000
1.203333 0.578049 0.000000 0.000000 0.000000 0.000000
1.330000 0.578049 0.000000 0.000000 0.000000 0.000000
1.456667 0.578049 0.000000 0.000000 0.000000 0.000000
1.583333 0.578049 0.000000 0.000000 0.000000 0.000000
1.710000 0.578049 0.000000 0.000000 0.000000 0.000000
1.836667 0.578049 -0.001986 -0.000011 0.600000 0.001986
1.963333 0.578049 -0.001986 0.000241 0.600000 0.002000
2.090000 0.578049 0.000000 0.000000 0.000000 0.000000
2.216667 0.578049 0.000000 0.000000 0.000000 0.000000
2.343333 0.578049 0.000000 0.000000 0.000000 0.000000
2.470000 0.578049 0.000000 0.000000 0.000000 0.000000
2.596667 0.578049 0.000000 0.000000 0.000000 0.000000
2.723333 0.578049 0.000000 0.000000 0.000000 0.000000
2.850000 0.578049 0.000000 0.000000 0.000000 0.000000
2.976667 0.578049 0.000000 0.000000 0.000000 0.000000
3.103333 0.578049 0.000000 0.000000 0.000000 0.000000
3.230000 0.578049 0.000000 0.000000 0.000000 0.000000
3.356667 0.578049 0.002886 0.000275 0.600000 0.002899
3.483333 0.578049 0.002334 -0.000635 0.600000 0.002419
3.610000 0.578049 -0.000552 -0.000140 0.600000 0.000570
3.736667 0.578049 0.000000 0.000000 0.000000 0.000000
0.063333 0.592683 0.000000 0.000000 0.000000 0.000000
0.190000 0.592683 0.000000 0.000000 0.000000 0.000000
0.316667 0.592683 0.000000 0.000000 0.000000 0.000000
0.443333 0.592683 0.000000 0.000000 0.000000 0.000000
0.570000 0.592683 0.000000 0.000000 0.000000 0.000000
0.696667 0.592683 0.000000 0.000000 0.000000 0.000000
0.823333 0.592683 0.000000 0.000000 0.000000 0.000000
0.950000 0.592683 0.000000 0.000000 0.000000 0.000000
1.076667 0.592683 0.000000 0.000000 0.000000 0.000000
1.203333 0.592683 0.000000 0.000000 0.000000 0.000000
1.330000 0.592683 0.000000 0.000000 0.000000 0.000000
1.456667 0.592683 0.000000 0.000000 0.000000 0.000000
1.583333 0.592683 0.000000 0.000000 0.000000 0.000000
1.710000 0.592683 0.000000 0.000000 0.000000 0.000000
1.836667 0.592683 0.000000 0.000000 0.000000 0.000000
1.963333 0.592683 0.000000 0.000000 0.000000 0.000000
2.090000 0.592683 0.000000 0.000000 0.000000 0.000000
2.216667 0.592683 0.000000 0.000000 0.000000 0.000000
2.343333 0.592683 0.000000 0.000000 0.000000 0.000000
2.470000 0.592683 0.000000 0.000000 0.000000 0.000000
2.596667 0.592683 0.000000 0.000000 0.000000 0.000000
2.723333 0.592683 0.000000 0.000000 0.000000 0.000000
2.850000 0.592683 0.000000 0.000000 0.000000 0.000000
2.976667 0.592683 0.000000 0.000000 0.000000 0.000000
3.103333 0.592683 0.000000 0.000000 0.000000 0.000000
3.230000 0.592683 0.000000 0.000000 0.000000 0.000000
3.356667 0.592683 0.000000 0.000000 0.000000 0.000000
3.483333 0.592683 0.000000 0.000000 0.000000 0.000000
3.610000 0.592683 0.000000 0.000000 0.000000 0.000000
3.736667 0.592683 0.000000 0.000000 0.000000 0.000000
