TITLE="(Vx,Vy)"
VARIABLES=X,Y,Vx,Vy,Vm,V
ZONE T="T-Dummy" I=30, J=41, F=POINT
0.063333 0.007317 0.000000 0.000000 0.000000 0.000000
0.190000 0.007317 0.000000 0.000000 0.000000 0.000000
0.316667 0.007317 0.000000 0.000000 0.000000 0.000000
0.443333 0.007317 0.000000 0.000000 0.000000 0.000000
0.570000 0.007317 0.000000 0.000000 0.000000 0.000000
0.696667 0.007317 0.000000 0.000000 0.000000 0.000000
0.823333 0.007317 0.000000 0.000000 0.000000 0.000000
0.950000 0.007317 0.000000 0.000000 0.000000 0.000000
1.076667 0.007317 0.000000 0.000000 0.000000 0.000000
1.203333 0.007317 0.000000 0.000000 0.000000 0.000000
1.330000 0.007317 0.000000 0.000000 0.000000 0.000000
1.456667 0.007317 0.000000 0.000000 0.000000 0.000000
1.583333 0.007317 0.000000 0.000000 0.000000 0.000000
1.710000 0.007317 0.000000 0.000000 0.000000 0.000000
1.836667 0.007317 0.000000 0.000000 0.000000 0.000000
1.963333 0.007317 0.000000 0.000000 0.000000 0.000000
2.090000 0.007317 0.000000 0.000000 0.000000 0.000000
2.216667 0.007317 0.000000 0.000000 0.000000 0.000000
2.343333 0.007317 0.000000 0.000000 0.000000 0.000000
2.470000 0.007317 0.000000 0.000000 0.000000 0.000000
2.596667 0.007317 0.000000 0.000000 0.000000 0.000000
2.723333 0.007317 0.000000 0.000000 0.000000 0.000000
2.850000 0.007317 0.000000 0.000000 0.000000 0.000000
2.976667 0.007317 0.000000 0.000000 0.000000 0.000000
3.103333 0.007317 0.000000 0.000000 0.000000 0.000000
3.230000 0.007317 0.000000 0.000000 0.000000 0.000000
3.356667 0.007317 0.000000 0.000000 0.000000 0.000000
3.483333 0.007317 0.000000 0.000000 0.000000 0.000000
3.610000 0.007317 0.000000 0.000000 0.000000 0.000000
3.736667 0.007317 0.000000 0.000000 0.000000 0.000000
0.063333 0.021951 0.000000 0.000000 0.000000 0.000000
0.190000 0.021951 0.005584 -0.000771 0.900000 0.005637
0.316667 0.021951 0.025784 -0.001859 0.900000 0.025851
0.443333 0.021951 0.035686 0.001348 0.900000 0.035711
0.570000 0.021951 0.018081 0.001528 0.900000 0.018145
0.696667 0.021951 -0.003145 0.001573 0.900000 0.003516
0.823333 0.021951 -0.003597 0.000498 0.900000 0.003631
0.950000 0.021951 -0.015343 0.002213 0.900000 0.015502
1.076667 0.021951 -0.031329 -0.000862 0.900000 0.031340
1.203333 0.021951 -0.009085 -0.002449 0.900000 0.009409
1.330000 0.021951 -0.010198 0.001818 0.900000 0.010358
1.456667 0.021951 -0.009079 -0.003264 0.900000 0.009648
1.583333 0.021951 0.023364 -0.002567 0.900000 0.023505
1.710000 0.021951 -0.008311 0.004515 0.900000 0.009458
1.836667 0.021951 -0.040454 -0.001287 0.900000 0.040474
1.963333 0.021951 -0.025438 -0.000546 0.900000 0.025444
2.090000 0.021951 -0.022998 0.000392 0.900000 0.023002
2.216667 0.021951 -0.023073 -0.000050 0.900000 0.023073
2.343333 0.021951 -0.029966 0.001642 0.900000 0.030011
2.470000 0.021951 -0.038425 -0.000769 0.900000 0.038433
2.596667 0.021951 -0.022479 -0.002348 0.900000 0.022601
2.723333 0.021951 -0.010607 0.000466 0.900000 0.010617
2.850000 0.021951 -0.034480 0.001868 0.900000 0.034531
2.976667 0.021951 -0.045346 -0.000781 0.900000 0.045353
3.103333 0.021951 -0.013193 -0.001846 0.900000 0.013321
3.230000 0.021951 0.013305 -0.000841 0.900000 0.013331
3.356667 0.021951 0.041351 -0.003611 0.900000 0.041508
3.483333 0.021951 0.037121 0.003216 0.900000 0.037260
3.610000 0.021951 0.003957 0.000306 0.900000 0.003968
3.736667 0.021951 0.000000 0.000000 0.000000 0.000000
0.063333 0.036585 0.000000 0.000000 0.000000 0.000000
0.190000 0.036585 0.004648 -0.002179 0.900000 0.005133
0.316667 0.036585 0.020835 -0.005220 0.900000 0.021479
0.443333 0.036585 0.027725 0.003703 0.900000 0.027971
0.570000 0.036585 0.005074 0.005033 0.900000 0.007147
0.696667 0.036585 -0.042572 0.007066 0.900000 0.043154
0.823333 0.036585 -0.053203 -0.000691 0.900000 0.053208
0.950000 0.036585 -0.030969 0.002387 0.900000 0.031061
1.076667 0.036585 -0.029843 -0.002423 0.900000 0.029941
1.203333 0.036585 -0.030404 -0.004691 0.900000 0.030764
1.330000 0.036585 -0.026219 0.003150 0.900000 0.026407
1.456667 0.036585 -0.015478 -0.005092 0.900000 0.016294
1.583333 0.036585 -0.009841 -0.003835 0.900000 0.010562
1.710000 0.036585 -0.002141 0.007983 0.900000 0.008265
1.836667 0.036585 0.011794 -0.002437 0.900000 0.012043
1.963333 0.036585 0.014353 -0.001075 0.900000 0.014393
2.090000 0.036585 0.012249 0.000533 0.900000 0.012261
2.216667 0.036585 0.006687 -0.000124 0.900000 0.006688
2.343333 0.036585 0.016508 0.003014 0.900000 0.016781
2.470000 0.036585 0.020462 -0.001047 0.900000 0.020489
2.596667 0.036585 0.011157 -0.004682 0.900000 0.012099
2.723333 0.036585 0.022979 0.001316 0.900000 0.023017
2.850000 0.036585 0.031816 0.003130 0.900000 0.031970
2.976667 0.036585 0.050335 -0.003442 0.900000 0.050453
3.103333 0.036585 0.051782 0.000679 0.900000 0.051786
3.230000 0.036585 0.021340 -0.000704 0.900000 0.021352
3.356667 0.036585 0.031907 -0.010313 0.900000 0.033533
3.483333 0.036585 0.031570 0.008897 0.900000 0.032800
3.610000 0.036585 0.004520 0.000934 0.900000 0.004615
3.736667 0.036585 0.000000 0.000000 0.000000 0.000000
0.063333 0.051220 0.000000 0.000000 0.000000 0.000000
0.190000 0.051220 0.003812 -0.003333 0.900000 0.005064
0.316667 0.051220 0.017288 -0.007911 0.900000 0.019012
0.443333 0.051220 0.021687 0.005491 0.900000 0.022371
0.570000 0.051220 0.003545 0.008448 0.900000 0.009162
0.696667 0.051220 -0.033865 0.014439 0.900000 0.036814
0.823333 0.051220 -0.041668 -0.003925 0.900000 0.041853
0.950000 0.051220 -0.024390 -0.001433 0.900000 0.024432
1.076667 0.051220 -0.029302 -0.003641 0.900000 0.029527
1.203333 0.051220 -0.031617 -0.004520 0.900000 0.031938
1.330000 0.051220 -0.026487 0.002236 0.900000 0.026581
1.456667 0.051220 -0.015979 -0.002381 0.900000 0.016156
1.583333 0.051220 -0.007021 -0.001587 0.900000 0.007198
1.710000 0.051220 0.003285 0.005982 0.900000 0.006825
1.836667 0.051220 0.015561 -0.001990 0.900000 0.015688
1.963333 0.051220 0.016902 -0.001048 0.900000 0.016935
2.090000 0.051220 0.014550 0.000125 0.900000 0.014551
2.216667 0.051220 0.009066 -0.000260 0.900000 0.009070
2.343333 0.051220 0.018233 0.002620 0.900000 0.018421
2.470000 0.051220 0.021705 -0.000119 0.900000 0.021705
2.596667 0.051220 0.013358 -0.004759 0.900000 0.014181
2.723333 0.051220 0.025629 0.002078 0.900000 0.025713
2.850000 0.051220 0.033163 0.001898 0.900000 0.033217
2.976667 0.051220 0.042412 -0.006292 0.900000 0.042876
3.103333 0.051220 0.046481 0.006863 0.900000 0.046985
3.230000 0.051220 0.020957 0.001750 0.900000 0.021030
3.356667 0.051220 0.023494 -0.016068 0.900000 0.028463
3.483333 0.051220 0.026325 0.013183 0.900000 0.029441
3.610000 0.051220 0.004732 0.001554 0.900000 0.004981
3.736667 0.051220 0.000000 0.000000 0.000000 0.000000
0.063333 0.065854 0.000000 0.000000 0.000000 0.000000
0.190000 0.065854 0.003325 -0.004287 0.900000 0.005426
0.316667 0.065854 0.014635 -0.009929 0.900000 0.017685
0.443333 0.065854 0.016952 0.006820 0.900000 0.018273
0.570000 0.065854 0.004478 0.010701 0.900000 0.011600
0.696667 0.065854 -0.024567 0.021022 0.900000 0.032334
0.823333 0.065854 -0.031274 -0.007013 0.900000 0.032050
0.950000 0.065854 -0.017725 -0.004652 0.900000 0.018326
1.076667 0.065854 -0.028718 -0.004519 0.900000 0.029071
1.203333 0.065854 -0.032822 -0.004816 0.900000 0.033173
1.330000 0.065854 -0.026330 0.001416 0.900000 0.026368
1.456667 0.065854 -0.016673 -0.000770 0.900000 0.016691
1.583333 0.065854 -0.006391 0.000129 0.900000 0.006393
1.710000 0.065854 0.005944 0.004099 0.900000 0.007220
1.836667 0.065854 0.018508 -0.001372 0.900000 0.018559
1.963333 0.065854 0.019407 -0.000967 0.900000 0.019431
2.090000 0.065854 0.016226 -0.000129 0.900000 0.016226
2.216667 0.065854 0.010650 -0.000510 0.900000 0.010663
2.343333 0.065854 0.018795 0.002549 0.900000 0.018967
2.470000 0.065854 0.022804 0.000547 0.900000 0.022811
2.596667 0.065854 0.015979 -0.004947 0.900000 0.016727
2.723333 0.065854 0.027453 0.002844 0.900000 0.027600
2.850000 0.065854 0.034439 0.000556 0.900000 0.034443
2.976667 0.065854 0.037902 -0.007593 0.900000 0.038655
3.103333 0.065854 0.039053 0.009705 0.900000 0.040241
3.230000 0.065854 0.020007 0.003506 0.900000 0.020312
3.356667 0.065854 0.020134 -0.020616 0.900000 0.028816
3.483333 0.065854 0.021581 0.016284 0.900000 0.027035
3.610000 0.065854 0.004705 0.002094 0.900000 0.005150
3.736667 0.065854 0.000000 0.000000 0.000000 0.000000
0.063333 0.080488 0.000000 0.000000 0.000000 0.000000
0.190000 0.080488 0.002498 -0.005043 0.900000 0.005628
0.316667 0.080488 0.010646 -0.011285 0.900000 0.015514
0.443333 0.080488 0.010866 0.007637 0.900000 0.013282
0.570000 0.080488 0.001449 0.012086 0.900000 0.012173
0.696667 0.080488 -0.019286 0.026565 0.900000 0.032827
0.823333 0.080488 -0.025516 -0.009450 0.900000 0.027210
0.950000 0.080488 -0.018534 -0.007307 0.900000 0.019922
1.076667 0.080488 -0.030580 -0.005184 0.900000 0.031016
1.203333 0.080488 -0.033140 -0.005484 0.900000 0.033591
1.330000 0.080488 -0.026123 0.000692 0.900000 0.026132
1.456667 0.080488 -0.017545 -0.001027 0.900000 0.017575
1.583333 0.080488 -0.008512 0.001763 0.900000 0.008693
1.710000 0.080488 0.002781 0.002329 0.900000 0.003628
1.836667 0.080488 0.014334 -0.000753 0.900000 0.014354
1.963333 0.080488 0.014684 -0.000828 0.900000 0.014707
2.090000 0.080488 0.012030 -0.000359 0.900000 0.012035
2.216667 0.080488 0.006675 -0.000625 0.900000 0.006704
2.343333 0.080488 0.016844 0.002451 0.900000 0.017021
2.470000 0.080488 0.024055 0.000828 0.900000 0.024069
2.596667 0.080488 0.015422 -0.004872 0.900000 0.016173
2.723333 0.080488 0.026274 0.003347 0.900000 0.026487
2.850000 0.080488 0.034987 -0.000831 0.900000 0.034997
2.976667 0.080488 0.039783 -0.008490 0.900000 0.040679
3.103333 0.080488 0.040273 0.011464 0.900000 0.041873
3.230000 0.080488 0.019833 0.003543 0.900000 0.020147
3.356667 0.080488 0.016222 -0.023766 0.900000 0.028775
3.483333 0.080488 0.016978 0.018372 0.900000 0.025016
3.610000 0.080488 0.004447 0.002496 0.900000 0.005099
3.736667 0.080488 0.000000 0.000000 0.000000 0.000000
0.063333 0.095122 0.000000 0.000000 0.000000 0.000000
0.190000 0.095122 0.001586 -0.005554 0.900000 0.005776
0.316667 0.095122 0.006431 -0.012019 0.900000 0.013631
0.443333 0.095122 0.004642 0.007900 0.900000 0.009163
0.570000 0.095122 -0.002445 0.013081 0.900000 0.013307
0.696667 0.095122 -0.016387 0.030736 0.900000 0.034831
0.823333 0.095122 -0.021103 -0.010819 0.900000 0.023715
0.950000 0.095122 -0.019118 -0.009469 0.900000 0.021334
1.076667 0.095122 -0.031613 -0.005761 0.900000 0.032134
1.203333 0.095122 -0.032548 -0.006363 0.900000 0.033164
1.330000 0.095122 -0.025903 0.000131 0.900000 0.025903
1.456667 0.095122 -0.018503 -0.002087 0.900000 0.018621
1.583333 0.095122 -0.010852 0.003624 0.900000 0.011441
1.710000 0.095122 -0.000484 0.000590 0.900000 0.000763
1.836667 0.095122 0.010109 -0.000066 0.900000 0.010109
1.963333 0.095122 0.009954 -0.000746 0.900000 0.009982
2.090000 0.095122 0.007838 -0.000619 0.900000 0.007862
2.216667 0.095122 0.002975 -0.000525 0.900000 0.003021
2.343333 0.095122 0.015731 0.001954 0.900000 0.015852
2.470000 0.095122 0.025520 0.000816 0.900000 0.025533
2.596667 0.095122 0.015008 -0.004309 0.900000 0.015615
2.723333 0.095122 0.025145 0.003408 0.900000 0.025375
2.850000 0.095122 0.035345 -0.002163 0.900000 0.035411
2.976667 0.095122 0.033259 -0.008898 0.900000 0.034428
3.103333 0.095122 0.034258 0.011648 0.900000 0.036184
3.230000 0.095122 0.020750 0.003957 0.900000 0.021124
3.356667 0.095122 0.012526 -0.025752 0.900000 0.028637
3.483333 0.095122 0.012548 0.019582 0.900000 0.023257
3.610000 0.095122 0.004008 0.002699 0.900000 0.004833
3.736667 0.095122 0.000000 0.000000 0.000000 0.000000
0.063333 0.109756 0.000000 0.000000 0.000000 0.000000
0.190000 0.109756 0.000621 -0.005807 0.900000 0.005840
0.316667 0.109756 0.002174 -0.012138 0.900000 0.012331
0.443333 0.109756 -0.001290 0.007592 0.900000 0.007700
0.570000 0.109756 -0.005918 0.013784 0.900000 0.015001
0.696667 0.109756 -0.009998 0.033269 0.900000 0.034738
0.823333 0.109756 -0.013592 -0.010955 0.900000 0.017458
0.950000 0.109756 -0.019466 -0.011169 0.900000 0.022443
1.076667 0.109756 -0.029213 -0.006557 0.900000 0.029940
1.203333 0.109756 -0.029384 -0.006995 0.900000 0.030205
1.330000 0.109756 -0.026060 -0.000489 0.900000 0.026065
1.456667 0.109756 -0.019220 -0.002771 0.900000 0.019419
1.583333 0.109756 -0.009519 0.005488 0.900000 0.010988
1.710000 0.109756 0.002817 -0.001228 0.900000 0.003073
1.836667 0.109756 0.012361 0.000807 0.900000 0.012387
1.963333 0.109756 0.011913 -0.000754 0.900000 0.011937
2.090000 0.109756 0.010137 -0.000842 0.900000 0.010172
2.216667 0.109756 0.005355 -0.000411 0.900000 0.005371
2.343333 0.109756 0.017130 0.001439 0.900000 0.017191
2.470000 0.109756 0.026352 0.000626 0.900000 0.026360
2.596667 0.109756 0.017325 -0.003644 0.900000 0.017704
2.723333 0.109756 0.027530 0.003430 0.900000 0.027743
2.850000 0.109756 0.036008 -0.003396 0.900000 0.036168
2.976667 0.109756 0.026531 -0.007892 0.900000 0.027680
3.103333 0.109756 0.027272 0.010007 0.900000 0.029050
3.230000 0.109756 0.024211 0.005648 0.900000 0.024861
3.356667 0.109756 0.013004 -0.026348 0.900000 0.029382
3.483333 0.109756 0.008880 0.020065 0.900000 0.021942
3.610000 0.109756 0.003743 0.002877 0.900000 0.004720
3.736667 0.109756 0.000000 0.000000 0.000000 0.000000
0.063333 0.124390 0.000000 0.000000 0.000000 0.000000
0.190000 0.124390 -0.000251 -0.005808 0.900000 0.005813
0.316667 0.124390 -0.001693 -0.011684 0.900000 0.011806
0.443333 0.124390 -0.006635 0.006701 0.900000 0.009430
0.570000 0.124390 -0.009500 0.014281 0.900000 0.017152
0.696667 0.124390 -0.002925 0.033686 0.900000 0.033813
0.823333 0.124390 -0.004069 -0.009444 0.900000 0.010284
0.950000 0.124390 -0.017979 -0.012511 0.900000 0.021904
1.076667 0.124390 -0.027127 -0.007646 0.900000 0.028183
1.203333 0.124390 -0.027912 -0.007079 0.900000 0.028796
1.330000 0.124390 -0.026869 -0.001478 0.900000 0.026910
1.456667 0.124390 -0.019991 -0.003024 0.900000 0.020218
1.583333 0.124390 -0.007540 0.007056 0.900000 0.010327
1.710000 0.124390 0.000635 -0.002345 0.900000 0.002430
1.836667 0.124390 0.008778 0.001196 0.900000 0.008859
1.963333 0.124390 0.014192 -0.000838 0.900000 0.014216
2.090000 0.124390 0.012983 -0.001036 0.900000 0.013025
2.216667 0.124390 0.008150 -0.000348 0.900000 0.008158
2.343333 0.124390 0.018488 0.001278 0.900000 0.018532
2.470000 0.124390 0.027501 0.000262 0.900000 0.027503
2.596667 0.124390 0.020079 -0.003174 0.900000 0.020328
2.723333 0.124390 0.030055 0.003733 0.900000 0.030286
2.850000 0.124390 0.036498 -0.004444 0.900000 0.036768
2.976667 0.124390 0.027157 -0.006402 0.900000 0.027902
3.103333 0.124390 0.027464 0.008213 0.900000 0.028666
3.230000 0.124390 0.026603 0.006945 0.900000 0.027495
3.356667 0.124390 0.012991 -0.025372 0.899999 0.028505
3.483333 0.124390 0.005633 0.019865 0.900000 0.020648
3.610000 0.124390 0.003751 0.003317 0.900000 0.005007
3.736667 0.124390 0.000000 0.000000 0.000000 0.000000
0.063333 0.139024 0.000000 0.000000 0.000000 0.000000
0.190000 0.139024 -0.000476 -0.005644 0.900000 0.005664
0.316667 0.139024 -0.003293 -0.010791 0.900000 0.011283
0.443333 0.139024 -0.008353 0.005116 0.900000 0.009795
0.570000 0.139024 -0.008921 0.014643 0.900000 0.017146
0.696667 0.139024 0.001045 0.032692 0.900000 0.032709
0.823333 0.139024 0.004480 -0.007354 0.900000 0.008611
0.950000 0.139024 -0.009959 -0.013262 0.899999 0.016585
1.076667 0.139024 -0.026146 -0.008353 0.900000 0.027447
1.203333 0.139024 -0.029626 -0.007062 0.900000 0.030456
1.330000 0.139024 -0.027488 -0.002434 0.900000 0.027596
1.456667 0.139024 -0.020790 -0.003041 0.900000 0.021011
1.583333 0.139024 -0.009096 0.008613 0.900000 0.012527
1.710000 0.139024 -0.004949 -0.002438 0.900000 0.005517
1.836667 0.139024 0.005668 0.000328 0.900000 0.005677
1.963333 0.139024 0.016861 -0.000924 0.900000 0.016887
2.090000 0.139024 0.015515 -0.001191 0.900000 0.015561
2.216667 0.139024 0.010533 -0.000326 0.900000 0.010538
2.343333 0.139024 0.019811 0.001449 0.900000 0.019864
2.470000 0.139024 0.029196 -0.000369 0.900000 0.029198
2.596667 0.139024 0.023241 -0.002784 0.900000 0.023408
2.723333 0.139024 0.031866 0.004425 0.900000 0.032172
2.850000 0.139024 0.036352 -0.005321 0.900000 0.036739
2.976667 0.139024 0.027399 -0.005253 0.900000 0.027898
3.103333 0.139024 0.026055 0.006997 0.899998 0.026978
3.230000 0.139024 0.025334 0.007104 0.900000 0.026311
3.356667 0.139024 0.011375 -0.023304 0.899993 0.025932
3.483333 0.139024 0.002806 0.019131 0.900000 0.019335
3.610000 0.139024 0.003336 0.003880 0.900000 0.005117
3.736667 0.139024 0.000000 0.000000 0.000000 0.000000
0.063333 0.153659 0.000000 0.000000 0.000000 0.000000
0.190000 0.153659 -0.000710 -0.005391 0.900000 0.005437
0.316667 0.153659 -0.002908 -0.009795 0.899999 0.010217
0.443333 0.153659 -0.009303 0.003353 0.899997 0.009889
0.570000 0.153659 -0.008475 0.014587 0.900000 0.016870
0.696667 0.153659 0.004360 0.031456 0.900000 0.031756
0.823333 0.153659 0.010081 -0.005860 0.899999 0.011661
0.950000 0.153659 -0.004323 -0.013186 0.899992 0.013876
1.076667 0.153659 -0.025974 -0.008429 0.899997 0.027308
1.203333 0.153659 -0.030890 -0.007294 0.899998 0.031740
1.330000 0.153659 -0.028018 -0.002842 0.899991 0.028162
1.456667 0.153659 -0.021480 -0.002955 0.899995 0.021682
1.583333 0.153659 -0.005302 0.009883 0.900000 0.011216
1.710000 0.153659 0.000691 -0.002089 0.900000 0.002200
1.836667 0.153659 0.008506 -0.001147 0.900000 0.008583
1.963333 0.153659 0.019211 -0.000913 0.900000 0.019232
2.090000 0.153659 0.017265 -0.001244 0.900000 0.017310
2.216667 0.153659 0.012321 -0.000416 0.900000 0.012328
2.343333 0.153659 0.020827 0.001945 0.900000 0.020917
2.470000 0.153659 0.030783 -0.001336 0.900000 0.030812
2.596667 0.153659 0.026325 -0.002373 0.900000 0.026431
2.723333 0.153659 0.033656 0.005543 0.900000 0.034110
2.850000 0.153659 0.036702 -0.005646 0.900000 0.037133
2.976667 0.153659 0.027916 -0.004314 0.900000 0.028248
3.103333 0.153659 0.024967 0.006060 0.899959 0.025692
3.230000 0.153659 0.024767 0.006801 0.900000 0.025683
3.356667 0.153659 0.010126 -0.020476 0.899953 0.022843
3.483333 0.153659 0.000016 0.018098 0.900000 0.018098
3.610000 0.153659 0.002894 0.004329 0.900000 0.005207
3.736667 0.153659 0.000000 0.000000 0.000000 0.000000
0.063333 0.168293 0.000000 0.000000 0.000000 0.000000
0.190000 0.168293 -0.001591 -0.004973 0.900000 0.005221
0.316667 0.168293 -0.005066 -0.008775 0.899983 0.010132
0.443333 0.168293 -0.013947 0.002085 0.899972 0.014102
0.570000 0.168293 -0.012401 0.013913 0.900000 0.018638
0.696667 0.168293 0.004223 0.030098 0.900000 0.030393
0.823333 0.168293 0.010959 -0.004753 0.899992 0.011945
0.950000 0.168293 -0.004941 -0.012501 0.899914 0.013442
1.076667 0.168293 -0.027699 -0.008278 0.899976 0.028910
1.203333 0.168293 -0.031575 -0.007710 0.899967 0.032503
1.330000 0.168293 -0.028619 -0.002810 0.899877 0.028757
1.456667 0.168293 -0.022416 -0.002806 0.899948 0.022591
1.583333 0.168293 -0.001156 0.010154 0.900000 0.010220
1.710000 0.168293 0.006587 -0.001347 0.900000 0.006723
1.836667 0.168293 0.008135 -0.002239 0.900000 0.008438
1.963333 0.168293 0.015463 -0.000919 0.900000 0.015491
2.090000 0.168293 0.013000 -0.001201 0.899998 0.013056
2.216667 0.168293 0.007903 -0.000566 0.900000 0.007923
2.343333 0.168293 0.019622 0.002262 0.900000 0.019752
2.470000 0.168293 0.029617 -0.002063 0.899996 0.029689
2.596667 0.168293 0.022713 -0.002024 0.900000 0.022803
2.723333 0.168293 0.032452 0.005760 0.899999 0.032959
2.850000 0.168293 0.037252 -0.005171 0.899993 0.037609
2.976667 0.168293 0.028456 -0.003441 0.899996 0.028664
3.103333 0.168293 0.024025 0.005207 0.899494 0.024583
3.230000 0.168293 0.024470 0.006231 0.899999 0.025250
3.356667 0.168293 0.007756 -0.016764 0.899724 0.018471
3.483333 0.168293 -0.003788 0.016648 0.900000 0.017074
3.610000 0.168293 0.002392 0.004651 0.900000 0.005230
3.736667 0.168293 0.000000 0.000000 0.000000 0.000000
0.063333 0.182927 0.000000 0.000000 0.000000 0.000000
0.190000 0.182927 -0.002464 -0.004317 0.899994 0.004971
0.316667 0.182927 -0.007913 -0.007509 0.899799 0.010909
0.443333 0.182927 -0.019302 0.001268 0.899768 0.019343
0.570000 0.182927 -0.017303 0.012812 0.900000 0.021530
0.696667 0.182927 0.002571 0.028374 0.899998 0.028490
0.823333 0.182927 0.011430 -0.003845 0.899906 0.012059
0.950000 0.182927 -0.004957 -0.011442 0.899262 0.012469
1.076667 0.182927 -0.028381 -0.008037 0.899742 0.029497
1.203333 0.182927 -0.031408 -0.008235 0.899624 0.032470
1.330000 0.182927 -0.029022 -0.002499 0.898796 0.029129
1.456667 0.182927 -0.023681 -0.002625 0.899571 0.023826
1.583333 0.182927 -0.002452 0.009917 0.899999 0.010216
1.710000 0.182927 0.007230 -0.000575 0.899999 0.007253
1.836667 0.182927 0.007784 -0.002616 0.899994 0.008212
1.963333 0.182927 0.011999 -0.001108 0.899998 0.012050
2.090000 0.182927 0.009244 -0.001103 0.899965 0.009310
2.216667 0.182927 0.003476 -0.000618 0.900000 0.003531
2.343333 0.182927 0.018395 0.001803 0.900000 0.018484
2.470000 0.182927 0.028316 -0.001874 0.899951 0.028378
2.596667 0.182927 0.018466 -0.001882 0.899992 0.018561
2.723333 0.182927 0.031061 0.003785 0.899993 0.031291
2.850000 0.182927 0.035840 -0.004260 0.899880 0.036092
2.976667 0.182927 0.026872 -0.002774 0.899925 0.027015
3.103333 0.182927 0.023277 0.004252 0.896347 0.023662
3.230000 0.182927 0.024245 0.005370 0.899992 0.024833
3.356667 0.182927 0.005717 -0.012182 0.898466 0.013457
3.483333 0.182927 -0.007086 0.014686 0.900000 0.016306
3.610000 0.182927 0.001789 0.004835 0.900000 0.005156
3.736667 0.182927 0.000000 0.000000 0.000000 0.000000
0.063333 0.197561 0.000000 0.000000 0.000000 0.000000
0.190000 0.197561 -0.003383 -0.003422 0.899854 0.004812
0.316667 0.197561 -0.011082 -0.005891 0.897959 0.012550
0.443333 0.197561 -0.024304 0.000706 0.898296 0.024315
0.570000 0.197561 -0.021572 0.011475 0.899999 0.024434
0.696667 0.197561 0.003992 0.025898 0.899979 0.026204
0.823333 0.197561 0.014699 -0.002956 0.899018 0.014993
0.950000 0.197561 -0.004985 -0.010146 0.894708 0.011304
1.076667 0.197561 -0.025903 -0.008003 0.897139 0.027111
1.203333 0.197561 -0.028808 -0.008444 0.897035 0.030020
1.330000 0.197561 -0.029624 -0.002004 0.891826 0.029692
1.456667 0.197561 -0.024540 -0.002471 0.897532 0.024664
1.583333 0.197561 -0.003622 0.008889 0.899997 0.009598
1.710000 0.197561 0.007922 -0.000258 0.899961 0.007926
1.836667 0.197561 0.010135 -0.002526 0.899736 0.010445
1.963333 0.197561 0.014360 -0.001415 0.899835 0.014429
2.090000 0.197561 0.012019 -0.000981 0.899370 0.012059
2.216667 0.197561 0.005640 -0.000543 0.899964 0.005666
2.343333 0.197561 0.019374 0.000992 0.899994 0.019400
2.470000 0.197561 0.029663 -0.001294 0.899321 0.029691
2.596667 0.197561 0.020942 -0.001867 0.899659 0.021025
2.723333 0.197561 0.030952 0.001119 0.899687 0.030972
2.850000 0.197561 0.033128 -0.003331 0.897945 0.033295
2.976667 0.197561 0.025405 -0.002406 0.898386 0.025518
3.103333 0.197561 0.023342 0.002679 0.885819 0.023495
3.230000 0.197561 0.024838 0.004463 0.899964 0.025236
3.356667 0.197561 0.003705 -0.006924 0.891919 0.007853
3.483333 0.197561 -0.008555 0.012142 0.899999 0.014854
3.610000 0.197561 0.002656 0.005050 0.899990 0.005705
3.736667 0.197561 0.000000 0.000000 0.000000 0.000000
0.063333 0.212195 0.000000 0.000000 0.000000 0.000000
0.190000 0.212195 -0.004602 -0.002253 0.895980 0.005124
0.316667 0.212195 -0.013531 -0.004053 0.882328 0.014125
0.443333 0.212195 -0.027866 0.000341 0.889136 0.027868
0.570000 0.212195 -0.026439 0.010119 0.899956 0.028309
0.696667 0.212195 0.004868 0.022115 0.899887 0.022644
0.823333 0.212195 0.018440 -0.001764 0.890894 0.018524
0.950000 0.212195 -0.004037 -0.008893 0.869454 0.009766
1.076667 0.212195 -0.023181 -0.008403 0.876472 0.024657
1.203333 0.212195 -0.028468 -0.007915 0.881390 0.029547
1.330000 0.212195 -0.030939 -0.001906 0.862742 0.030998
1.456667 0.212195 -0.026228 -0.002277 0.888163 0.026327
1.583333 0.212195 -0.006480 0.005885 0.899991 0.008753
1.710000 0.212195 0.008341 -0.000351 0.898589 0.008348
1.836667 0.212195 0.012391 -0.002393 0.892166 0.012620
1.963333 0.212195 0.016950 -0.001756 0.892456 0.017041
2.090000 0.212195 0.015350 -0.000916 0.889535 0.015378
2.216667 0.212195 0.008710 -0.000386 0.897495 0.008718
2.343333 0.212195 0.020431 0.000455 0.899255 0.020436
2.470000 0.212195 0.031207 -0.000982 0.889980 0.031222
2.596667 0.212195 0.024254 -0.001745 0.887465 0.024317
2.723333 0.212195 0.030837 -0.000516 0.892119 0.030841
2.850000 0.212195 0.032722 -0.002856 0.869657 0.032846
2.976667 0.212195 0.028480 -0.002130 0.871112 0.028560
3.103333 0.212195 0.025548 0.000676 0.855123 0.025557
3.230000 0.212195 0.023044 0.004135 0.891671 0.023412
3.356667 0.212195 -0.001731 -0.001318 0.856658 0.002176
3.483333 0.212195 -0.011712 0.008925 0.872172 0.014725
3.610000 0.212195 0.002689 0.005445 0.853072 0.006073
3.736667 0.212195 0.000000 0.000000 0.000000 0.000000
0.063333 0.226829 0.000000 0.000000 0.000000 0.000000
0.190000 0.226829 -0.002646 -0.001116 0.778108 0.002872
0.316667 0.226829 -0.006493 -0.002477 0.781588 0.006950
0.443333 0.226829 -0.020549 0.000339 0.816685 0.020552
0.570000 0.226829 -0.022876 0.008983 0.856477 0.024576
0.696667 0.226829 0.005824 0.017740 0.872763 0.018671
0.823333 0.226829 0.021677 -0.000924 0.817888 0.021697
0.950000 0.226829 0.004426 -0.008050 0.773626 0.009186
1.076667 0.226829 -0.019082 -0.008352 0.785595 0.020830
1.203333 0.226829 -0.031973 -0.006813 0.799930 0.032691
1.330000 0.226829 -0.032365 -0.003125 0.790917 0.032515
1.456667 0.226829 -0.026973 -0.001793 0.812364 0.027032
1.583333 0.226829 -0.009055 0.001629 0.830916 0.009201
1.710000 0.226829 0.009523 -0.000709 0.807228 0.009550
1.836667 0.226829 0.016420 -0.002371 0.780454 0.016590
1.963333 0.226829 0.021625 -0.002075 0.763690 0.021724
2.090000 0.226829 0.020587 -0.001057 0.744453 0.020614
2.216667 0.226829 0.014168 -0.000237 0.736103 0.014170
2.343333 0.226829 0.024629 0.000294 0.721899 0.024631
2.470000 0.226829 0.036724 -0.001095 0.695137 0.036740
2.596667 0.226829 0.031460 -0.001355 0.675011 0.031489
2.723333 0.226829 0.035561 -0.001049 0.667021 0.035576
2.850000 0.226829 0.034903 -0.002700 0.641490 0.035007
2.976667 0.226829 0.034527 -0.002329 0.623307 0.034606
3.103333 0.226829 0.031944 -0.000294 0.662787 0.031945
3.230000 0.226829 0.020702 0.004916 0.658863 0.021278
3.356667 0.226829 -0.005630 0.003860 0.608731 0.006826
3.483333 0.226829 -0.014800 0.005657 0.674815 0.015844
3.610000 0.226829 0.000021 0.005628 0.640190 0.005628
3.736667 0.226829 0.000000 0.000000 0.000000 0.000000
0.063333 0.241463 0.000000 0.000000 0.000000 0.000000
0.190000 0.241463 -0.000085 -0.000365 0.603138 0.000375
0.316667 0.241463 0.002230 -0.001467 0.600171 0.002669
0.443333 0.241463 -0.008036 0.000515 0.613059 0.008052
0.570000 0.241463 -0.008424 0.008033 0.676978 0.011640
0.696667 0.241463 0.010710 0.014991 0.729307 0.018424
0.823333 0.241463 0.022899 -0.001724 0.608184 0.022964
0.950000 0.241463 0.013924 -0.007754 0.600236 0.015938
1.076667 0.241463 -0.013482 -0.007289 0.600159 0.015326
1.203333 0.241463 -0.029256 -0.005714 0.603838 0.029809
1.330000 0.241463 -0.029384 -0.004978 0.655775 0.029803
1.456667 0.241463 -0.026190 -0.000998 0.629881 0.026209
1.583333 0.241463 -0.007643 -0.002887 0.616898 0.008171
1.710000 0.241463 0.014391 -0.001237 0.607147 0.014444
1.836667 0.241463 0.023368 -0.002369 0.601388 0.023488
1.963333 0.241463 0.027633 -0.002238 0.600835 0.027724
2.090000 0.241463 0.025181 -0.001372 0.605977 0.025219
2.216667 0.241463 0.017701 -0.000111 0.605900 0.017702
2.343333 0.241463 0.025548 0.000562 0.604476 0.025554
2.470000 0.241463 0.037646 -0.001682 0.600606 0.037683
2.596667 0.241463 0.033594 -0.000679 0.601066 0.033601
2.723333 0.241463 0.035099 -0.000780 0.600717 0.035107
2.850000 0.241463 0.032508 -0.002530 0.600151 0.032607
2.976667 0.241463 0.031222 -0.002885 0.600009 0.031355
3.103333 0.241463 0.028748 0.000029 0.609507 0.028748
3.230000 0.241463 0.016499 0.006361 0.610227 0.017683
3.356667 0.241463 -0.006316 0.007901 0.600805 0.010116
3.483333 0.241463 -0.014377 0.003081 0.607784 0.014703
3.610000 0.241463 -0.001944 0.005280 0.603302 0.005626
3.736667 0.241463 0.000000 0.000000 0.000000 0.000000
0.063333 0.256098 0.000000 0.000000 0.000000 0.000000
0.190000 0.256098 -0.000747 0.000252 0.600049 0.000789
0.316667 0.256098 0.001013 -0.000753 0.600001 0.001262
0.443333 0.256098 -0.006661 0.000390 0.600294 0.006672
0.570000 0.256098 -0.002919 0.007036 0.612014 0.007618
0.696667 0.256098 0.008159 0.015002 0.636954 0.017077
0.823333 0.256098 0.014388 -0.004042 0.601461 0.014945
0.950000 0.256098 0.009434 -0.007712 0.600026 0.012185
1.076667 0.256098 -0.016674 -0.005845 0.600010 0.017669
1.203333 0.256098 -0.028158 -0.005126 0.600310 0.028621
1.330000 0.256098 -0.028905 -0.005639 0.606229 0.029450
1.456667 0.256098 -0.028456 -0.001229 0.604426 0.028483
1.583333 0.256098 -0.008892 -0.007649 0.600123 0.011729
1.710000 0.256098 0.014930 -0.001942 0.600041 0.015056
1.836667 0.256098 0.022174 -0.001885 0.600012 0.022254
1.963333 0.256098 0.022512 -0.002242 0.600016 0.022624
2.090000 0.256098 0.020048 -0.001635 0.600508 0.020115
2.216667 0.256098 0.012847 0.000076 0.600359 0.012847
2.343333 0.256098 0.023573 0.000739 0.600125 0.023584
2.470000 0.256098 0.035295 -0.002182 0.600008 0.035362
2.596667 0.256098 0.028222 0.000013 0.600055 0.028222
2.723333 0.256098 0.032320 -0.000474 0.600004 0.032324
2.850000 0.256098 0.033622 -0.002584 0.600000 0.033721
2.976667 0.256098 0.029508 -0.002844 0.600000 0.029645
3.103333 0.256098 0.025329 0.000378 0.600958 0.025332
3.230000 0.256098 0.015271 0.007796 0.601489 0.017146
3.356667 0.256098 -0.007044 0.011153 0.600069 0.013191
3.483333 0.256098 -0.014806 0.000939 0.600322 0.014836
3.610000 0.256098 -0.002487 0.004630 0.600166 0.005256
3.736667 0.256098 0.000000 0.000000 0.000000 0.000000
0.063333 0.270732 0.000000 0.000000 0.000000 0.000000
0.190000 0.270732 -0.001197 0.000988 0.600001 0.001552
0.316667 0.270732 -0.000907 0.000045 0.600000 0.000908
0.443333 0.270732 -0.008731 -0.000068 0.600022 0.008731
0.570000 0.270732 -0.003031 0.005816 0.601103 0.006559
0.696667 0.270732 0.005961 0.016793 0.608048 0.017820
0.823333 0.270732 0.009758 -0.006863 0.600209 0.011929
0.950000 0.270732 0.006339 -0.007742 0.600002 0.010006
1.076667 0.270732 -0.018429 -0.004368 0.600000 0.018940
1.203333 0.270732 -0.028140 -0.005018 0.600013 0.028584
1.330000 0.270732 -0.028853 -0.005292 0.600284 0.029335
1.456667 0.270732 -0.028895 -0.003936 0.600366 0.029162
1.583333 0.270732 -0.008978 -0.012533 0.600007 0.015417
1.710000 0.270732 0.013216 -0.002553 0.600000 0.013461
1.836667 0.270732 0.018089 -0.000897 0.600000 0.018111
1.963333 0.270732 0.017841 -0.002258 0.600000 0.017983
2.090000 0.270732 0.015415 -0.001645 0.600034 0.015503
2.216667 0.270732 0.007957 0.000290 0.600016 0.007962
2.343333 0.270732 0.022216 0.000185 0.600004 0.022217
2.470000 0.270732 0.033351 -0.001994 0.600000 0.033410
2.596667 0.270732 0.022899 0.000465 0.600002 0.022903
2.723333 0.270732 0.029789 -0.000708 0.600000 0.029798
2.850000 0.270732 0.034334 -0.002904 0.600000 0.034456
2.976667 0.270732 0.033109 -0.002586 0.600000 0.033209
3.103333 0.270732 0.028015 0.000478 0.600036 0.028019
3.230000 0.270732 0.014817 0.009089 0.600184 0.017383
3.356667 0.270732 -0.007459 0.014257 0.600006 0.016090
3.483333 0.270732 -0.015175 -0.001169 0.600003 0.015220
3.610000 0.270732 -0.002824 0.003878 0.600006 0.004797
3.736667 0.270732 0.000000 0.000000 0.000000 0.000000
0.063333 0.285366 0.000000 0.000000 0.000000 0.000000
0.190000 0.285366 -0.001594 0.001813 0.600000 0.002414
0.316667 0.285366 -0.002691 0.001048 0.600000 0.002888
0.443333 0.285366 -0.010660 -0.000706 0.600001 0.010684
0.570000 0.285366 -0.003668 0.004372 0.600064 0.005707
0.696667 0.285366 0.017404 0.017835 0.601655 0.024919
0.823333 0.285366 0.019921 -0.008390 0.600019 0.021616
0.950000 0.285366 0.004040 -0.007865 0.600000 0.008842
1.076667 0.285366 -0.016915 -0.003118 0.600000 0.017200
1.203333 0.285366 -0.025567 -0.004807 0.600000 0.026015
1.330000 0.285366 -0.029420 -0.004888 0.600004 0.029823
1.456667 0.285366 -0.030893 -0.006090 0.600001 0.031487
1.583333 0.285366 -0.010351 -0.015712 0.600000 0.018815
1.710000 0.285366 0.011884 -0.002843 0.600000 0.012219
1.836667 0.285366 0.017365 -0.000092 0.600000 0.017366
1.963333 0.285366 0.019817 -0.002406 0.600000 0.019962
2.090000 0.285366 0.018164 -0.001486 0.600002 0.018224
2.216667 0.285366 0.010571 0.000492 0.600000 0.010582
2.343333 0.285366 0.023308 -0.000594 0.600000 0.023315
2.470000 0.285366 0.034365 -0.001559 0.600000 0.034400
2.596667 0.285366 0.025235 0.000859 0.600000 0.025249
2.723333 0.285366 0.031564 -0.001120 0.600000 0.031584
2.850000 0.285366 0.035872 -0.003276 0.600000 0.036021
2.976667 0.285366 0.031651 -0.002251 0.600000 0.031731
3.103333 0.285366 0.025481 0.000343 0.600000 0.025484
3.230000 0.285366 0.014164 0.010250 0.600020 0.017484
3.356667 0.285366 -0.007718 0.017303 0.600000 0.018946
3.483333 0.285366 -0.014191 -0.003341 0.600000 0.014579
3.610000 0.285366 -0.002029 0.003183 0.600000 0.003774
3.736667 0.285366 0.000000 0.000000 0.000000 0.000000
0.063333 0.300000 0.000000 0.000000 0.000000 0.000000
0.190000 0.300000 -0.001813 0.002699 0.600000 0.003251
0.316667 0.300000 -0.003379 0.002163 0.600000 0.004012
0.443333 0.300000 -0.011326 -0.001448 0.600000 0.011418
0.570000 0.300000 -0.004605 0.002914 0.600003 0.005450
0.696667 0.300000 0.030404 0.016106 0.600310 0.034407
0.823333 0.300000 0.033341 -0.006992 0.600015 0.034067
0.950000 0.300000 0.003184 -0.008002 0.600000 0.008612
1.076667 0.300000 -0.015424 -0.002434 0.600000 0.015615
1.203333 0.300000 -0.024009 -0.004036 0.600000 0.024346
1.330000 0.300000 -0.030728 -0.004791 0.600000 0.031099
1.456667 0.300000 -0.031137 -0.004622 0.600000 0.031479
1.583333 0.300000 -0.009806 -0.015478 0.600000 0.018323
1.710000 0.300000 0.013648 -0.003221 0.600000 0.014023
1.836667 0.300000 0.019992 0.000610 0.600000 0.020001
1.963333 0.300000 0.022012 -0.002673 0.600000 0.022173
2.090000 0.300000 0.021326 -0.001384 0.600000 0.021371
2.216667 0.300000 0.013848 0.000712 0.600000 0.013866
2.343333 0.300000 0.024594 -0.001013 0.600000 0.024614
2.470000 0.300000 0.035787 -0.001451 0.600000 0.035817
2.596667 0.300000 0.028051 0.001417 0.600000 0.028087
2.723333 0.300000 0.033587 -0.001376 0.600000 0.033615
2.850000 0.300000 0.037261 -0.003552 0.600000 0.037430
2.976667 0.300000 0.029604 -0.001206 0.600000 0.029629
3.103333 0.300000 0.022496 -0.000225 0.600000 0.022497
3.230000 0.300000 0.012229 0.011384 0.600002 0.016707
3.356667 0.300000 -0.008839 0.020167 0.600000 0.022019
3.483333 0.300000 -0.012918 -0.005676 0.600000 0.014110
3.610000 0.300000 -0.001180 0.002687 0.600000 0.002935
3.736667 0.300000 0.000000 0.000000 0.000000 0.000000
0.063333 0.314634 0.000000 0.000000 0.000000 0.000000
0.190000 0.314634 -0.000961 0.003499 0.600000 0.003629
0.316667 0.314634 -0.000275 0.003120 0.600000 0.003132
0.443333 0.314634 -0.006700 -0.002200 0.600000 0.007051
0.570000 0.314634 -0.000314 0.001559 0.600000 0.001590
0.696667 0.314634 0.031272 0.013234 0.600043 0.033957
0.823333 0.314634 0.035382 -0.004606 0.600002 0.035681
0.950000 0.314634 0.008880 -0.008071 0.600000 0.012000
1.076667 0.314634 -0.014610 -0.002116 0.600000 0.014763
1.203333 0.314634 -0.026272 -0.003082 0.600000 0.026452
1.330000 0.314634 -0.032194 -0.005048 0.600000 0.032588
1.456667 0.314634 -0.032575 -0.001519 0.600000 0.032610
1.583333 0.314634 -0.010398 -0.013926 0.600000 0.017380
1.710000 0.314634 0.008713 -0.003346 0.600000 0.009333
1.836667 0.314634 0.016190 0.000810 0.600000 0.016211
1.963333 0.314634 0.024382 -0.002982 0.600000 0.024563
2.090000 0.314634 0.024129 -0.001362 0.600000 0.024168
2.216667 0.314634 0.016597 0.000950 0.600000 0.016624
2.343333 0.314634 0.025800 -0.001081 0.600000 0.025822
2.470000 0.314634 0.037870 -0.001781 0.600000 0.037912
2.596667 0.314634 0.031301 0.002249 0.600000 0.031381
2.723333 0.314634 0.034917 -0.001414 0.600000 0.034945
2.850000 0.314634 0.037853 -0.003713 0.600000 0.038035
2.976667 0.314634 0.032077 0.000027 0.600000 0.032077
3.103333 0.314634 0.025250 -0.000707 0.600000 0.025260
3.230000 0.314634 0.011511 0.012674 0.600000 0.017122
3.356667 0.314634 -0.009547 0.021665 0.600000 0.023676
3.483333 0.314634 -0.012376 -0.007983 0.600000 0.014728
3.610000 0.314634 -0.001233 0.002287 0.600000 0.002598
3.736667 0.314634 0.000000 0.000000 0.000000 0.000000
0.063333 0.329268 0.000000 0.000000 0.000000 0.000000
0.190000 0.329268 -0.000120 0.004089 0.600000 0.004091
0.316667 0.329268 0.002584 0.003756 0.600000 0.004559
0.443333 0.329268 -0.002100 -0.002980 0.600000 0.003645
0.570000 0.329268 0.004681 0.000266 0.600000 0.004689
0.696667 0.329268 0.031860 0.011289 0.600004 0.033801
0.823333 0.329268 0.035468 -0.003260 0.600000 0.035618
0.950000 0.329268 0.013208 -0.008155 0.599999 0.015523
1.076667 0.329268 -0.014089 -0.001898 0.600000 0.014216
1.203333 0.329268 -0.028963 -0.002335 0.600000 0.029057
1.330000 0.329268 -0.033444 -0.005194 0.600000 0.033845
1.456667 0.329268 -0.028860 0.000957 0.600000 0.028876
1.583333 0.329268 -0.006739 -0.012320 0.600000 0.014043
1.710000 0.329268 0.003435 -0.002547 0.600000 0.004276
1.836667 0.329268 0.012191 -0.000276 0.600000 0.012194
1.963333 0.329268 0.026229 -0.003279 0.600000 0.026433
2.090000 0.329268 0.026052 -0.001347 0.600000 0.026086
2.216667 0.329268 0.018454 0.001150 0.600000 0.018489
2.343333 0.329268 0.026519 -0.000842 0.600000 0.026532
2.470000 0.329268 0.039804 -0.002643 0.600000 0.039892
2.596667 0.329268 0.034123 0.003481 0.600000 0.034300
2.723333 0.329268 0.036018 -0.001254 0.600000 0.036040
2.850000 0.329268 0.038660 -0.003772 0.600000 0.038844
2.976667 0.329268 0.034581 0.000908 0.600000 0.034593
3.103333 0.329268 0.028069 -0.000792 0.600000 0.028080
3.230000 0.329268 0.012155 0.014053 0.600000 0.018580
3.356667 0.329268 -0.008616 0.020879 0.600000 0.022587
3.483333 0.329268 -0.011514 -0.009974 0.600000 0.015233
3.610000 0.329268 -0.001275 0.001873 0.600000 0.002266
3.736667 0.329268 0.000000 0.000000 0.000000 0.000000
0.063333 0.343902 0.000000 0.000000 0.000000 0.000000
0.190000 0.343902 -0.000245 0.004579 0.600000 0.004586
0.316667 0.343902 0.002092 0.004244 0.600000 0.004731
0.443333 0.343902 -0.002572 -0.003788 0.600000 0.004579
0.570000 0.343902 0.003370 -0.000847 0.600000 0.003475
0.696667 0.343902 0.028470 0.009997 0.600000 0.030175
0.823333 0.343902 0.031117 -0.002587 0.600000 0.031224
0.950000 0.343902 0.010124 -0.008496 0.599990 0.013216
1.076667 0.343902 -0.016260 -0.001573 0.600000 0.016336
1.203333 0.343902 -0.031012 -0.001699 0.600000 0.031058
1.330000 0.343902 -0.034431 -0.005193 0.600000 0.034821
1.456667 0.343902 -0.024130 0.002345 0.600000 0.024244
1.583333 0.343902 -0.002731 -0.009733 0.600000 0.010109
1.710000 0.343902 0.004136 -0.001712 0.600000 0.004476
1.836667 0.343902 0.011865 -0.001584 0.600000 0.011970
1.963333 0.343902 0.021913 -0.003626 0.600000 0.022211
2.090000 0.343902 0.020960 -0.001321 0.600000 0.021001
2.216667 0.343902 0.014254 0.001203 0.600000 0.014304
2.343333 0.343902 0.026328 -0.000803 0.600000 0.026340
2.470000 0.343902 0.034892 -0.002989 0.600000 0.035020
2.596667 0.343902 0.024987 0.004567 0.600000 0.025401
2.723333 0.343902 0.033514 -0.001369 0.600000 0.033542
2.850000 0.343902 0.039707 -0.003623 0.600000 0.039872
2.976667 0.343902 0.037119 0.001548 0.600000 0.037151
3.103333 0.343902 0.029515 -0.000428 0.600000 0.029518
3.230000 0.343902 0.010626 0.015356 0.600000 0.018674
3.356667 0.343902 -0.008261 0.018889 0.600000 0.020616
3.483333 0.343902 -0.010249 -0.011508 0.600000 0.015410
3.610000 0.343902 -0.001415 0.001434 0.600000 0.002015
3.736667 0.343902 0.000000 0.000000 0.000000 0.000000
0.063333 0.358537 0.000000 0.000000 0.000000 0.000000
0.190000 0.358537 -0.000397 0.005082 0.600000 0.005098
0.316667 0.358537 0.001373 0.004749 0.600000 0.004944
0.443333 0.358537 -0.003192 -0.004590 0.599999 0.005590
0.570000 0.358537 0.001195 -0.001503 0.600000 0.001920
0.696667 0.358537 0.023804 0.008888 0.600000 0.025409
0.823333 0.358537 0.026443 -0.002340 0.600000 0.026546
0.950000 0.358537 0.007029 -0.009205 0.599894 0.011582
1.076667 0.358537 -0.017906 -0.001054 0.599999 0.017937
1.203333 0.358537 -0.031841 -0.001099 0.600000 0.031860
1.330000 0.358537 -0.035151 -0.005093 0.599998 0.035518
1.456667 0.358537 -0.026089 0.003338 0.600000 0.026302
1.583333 0.358537 -0.005307 -0.006726 0.600000 0.008568
1.710000 0.358537 0.004422 -0.001666 0.599999 0.004726
1.836667 0.358537 0.011696 -0.002151 0.600000 0.011892
1.963333 0.358537 0.018055 -0.004082 0.600000 0.018511
2.090000 0.358537 0.016307 -0.001327 0.600000 0.016361
2.216667 0.358537 0.010278 0.001069 0.600000 0.010333
2.343333 0.358537 0.026447 -0.001492 0.599999 0.026489
2.470000 0.358537 0.029954 -0.001627 0.600000 0.029999
2.596667 0.358537 0.015708 0.004835 0.600000 0.016435
2.723333 0.358537 0.031042 -0.002114 0.599999 0.031114
2.850000 0.358537 0.041006 -0.003306 0.599999 0.041139
2.976667 0.358537 0.038683 0.002262 0.600000 0.038749
3.103333 0.358537 0.029138 0.000302 0.600000 0.029140
3.230000 0.358537 0.013612 0.015988 0.600000 0.020997
3.356667 0.358537 -0.002960 0.016936 0.600000 0.017193
3.483333 0.358537 -0.008812 -0.012663 0.600000 0.015427
3.610000 0.358537 -0.001442 0.000970 0.600000 0.001738
3.736667 0.358537 0.000000 0.000000 0.000000 0.000000
0.063333 0.373171 0.000000 0.000000 0.000000 0.000000
0.190000 0.373171 -0.000487 0.005592 0.600000 0.005613
0.316667 0.373171 0.000716 0.005289 0.600000 0.005337
0.443333 0.373171 -0.003169 -0.005461 0.599988 0.006314
0.570000 0.373171 -0.000688 -0.001420 0.599999 0.001578
0.696667 0.373171 0.018849 0.007837 0.600000 0.020413
0.823333 0.373171 0.021153 -0.002261 0.599984 0.021274
0.950000 0.373171 0.003586 -0.010413 0.599086 0.011013
1.076667 0.373171 -0.015794 -0.000748 0.599977 0.015811
1.203333 0.373171 -0.029539 -0.000084 0.599998 0.029539
1.330000 0.373171 -0.035913 -0.004831 0.599949 0.036237
1.456667 0.373171 -0.023874 0.004307 0.600000 0.024259
1.583333 0.373171 -0.004357 -0.003426 0.599999 0.005543
1.710000 0.373171 0.004252 -0.002273 0.599962 0.004821
1.836667 0.373171 0.013870 -0.002299 0.599999 0.014060
1.963333 0.373171 0.020118 -0.004596 0.599998 0.020637
2.090000 0.373171 0.019203 -0.001436 0.599998 0.019257
2.216667 0.373171 0.012895 0.000924 0.600000 0.012928
2.343333 0.373171 0.027681 -0.002468 0.599969 0.027791
2.470000 0.373171 0.031646 0.000511 0.599998 0.031650
2.596667 0.373171 0.018081 0.004760 0.600000 0.018697
2.723333 0.373171 0.029972 -0.002827 0.599980 0.030105
2.850000 0.373171 0.037750 -0.003082 0.599946 0.037876
2.976667 0.373171 0.037380 0.003062 0.599997 0.037505
3.103333 0.373171 0.027625 0.001273 0.600000 0.027655
3.230000 0.373171 0.018616 0.014974 0.600000 0.023891
3.356667 0.373171 0.005211 0.015807 0.600000 0.016644
3.483333 0.373171 -0.006256 -0.013606 0.600000 0.014976
3.610000 0.373171 -0.000549 0.000603 0.600000 0.000816
3.736667 0.373171 0.000000 0.000000 0.000000 0.000000
0.063333 0.387805 0.000000 0.000000 0.000000 0.000000
0.190000 0.387805 -0.000470 0.006087 0.600000 0.006105
0.316667 0.387805 0.001024 0.005775 0.600000 0.005865
0.443333 0.387805 -0.001623 -0.006448 0.599896 0.006650
0.570000 0.387805 -0.002161 -0.000300 0.599971 0.002182
0.696667 0.387805 0.013232 0.006878 0.599999 0.014913
0.823333 0.387805 0.015722 -0.002056 0.599580 0.015856
0.950000 0.387805 0.001414 -0.012118 0.594215 0.012200
1.076667 0.387805 -0.013153 -0.000900 0.599456 0.013184
1.203333 0.387805 -0.028246 0.001811 0.599957 0.028304
1.330000 0.387805 -0.037188 -0.004505 0.599063 0.037460
1.456667 0.387805 -0.021367 0.004919 0.600000 0.021926
1.583333 0.387805 -0.003811 0.000843 0.599972 0.003903
1.710000 0.387805 0.003538 -0.003522 0.598712 0.004992
1.836667 0.387805 0.016113 -0.002257 0.599966 0.016271
1.963333 0.387805 0.022218 -0.005146 0.599954 0.022806
2.090000 0.387805 0.022328 -0.001694 0.599691 0.022392
2.216667 0.387805 0.015969 0.000878 0.599987 0.015993
2.343333 0.387805 0.029313 -0.003229 0.599146 0.029490
2.470000 0.387805 0.033840 0.002356 0.599944 0.033922
2.596667 0.387805 0.020950 0.004940 0.599998 0.021524
2.723333 0.387805 0.029533 -0.002975 0.599447 0.029682
2.850000 0.387805 0.035181 -0.003107 0.598966 0.035318
2.976667 0.387805 0.037614 0.003575 0.599943 0.037784
3.103333 0.387805 0.026879 0.002802 0.599998 0.027025
3.230000 0.387805 0.018420 0.012329 0.600000 0.022165
3.356667 0.387805 0.009520 0.015259 0.600000 0.017986
3.483333 0.387805 -0.003122 -0.014321 0.599999 0.014657
3.610000 0.387805 0.000231 0.000426 0.600000 0.000485
3.736667 0.387805 0.000000 0.000000 0.000000 0.000000
0.063333 0.402439 0.000000 0.000000 0.000000 0.000000
0.190000 0.402439 0.000379 0.006455 0.600000 0.006466
0.316667 0.402439 0.003703 0.006040 0.600000 0.007085
0.443333 0.402439 0.003807 -0.007624 0.599325 0.008522
0.570000 0.402439 0.004133 0.001383 0.598915 0.004359
0.696667 0.402439 0.015389 0.006195 0.599960 0.016589
0.823333 0.402439 0.016245 -0.001867 0.592114 0.016352
0.950000 0.402439 0.006325 -0.011937 0.574059 0.013509
1.076667 0.402439 -0.011013 -0.000688 0.593024 0.011035
1.203333 0.402439 -0.030803 0.004309 0.599152 0.031103
1.330000 0.402439 -0.037740 -0.004334 0.587371 0.037988
1.456667 0.402439 -0.022371 0.005634 0.599676 0.023070
1.583333 0.402439 -0.007795 0.004810 0.599388 0.009159
1.710000 0.402439 0.001682 -0.005598 0.581932 0.005845
1.836667 0.402439 0.017868 -0.002185 0.599448 0.018001
1.963333 0.402439 0.022779 -0.005509 0.599255 0.023436
2.090000 0.402439 0.022621 -0.002172 0.592743 0.022725
2.216667 0.402439 0.016837 0.000936 0.598522 0.016863
2.343333 0.402439 0.029000 -0.003889 0.587085 0.029260
2.470000 0.402439 0.038013 0.003415 0.598687 0.038166
2.596667 0.402439 0.026297 0.005763 0.599920 0.026921
2.723333 0.402439 0.029122 -0.002990 0.591466 0.029275
2.850000 0.402439 0.035351 -0.003422 0.589291 0.035516
2.976667 0.402439 0.044032 0.003338 0.599130 0.044158
3.103333 0.402439 0.029468 0.005739 0.599944 0.030022
3.230000 0.402439 0.018315 0.008397 0.599743 0.020148
3.356667 0.402439 0.014064 0.015374 0.599988 0.020837
3.483333 0.402439 -0.001055 -0.014667 0.599996 0.014704
3.610000 0.402439 0.000246 0.000339 0.600000 0.000419
3.736667 0.402439 0.000000 0.000000 0.000000 0.000000
0.063333 0.417073 0.000000 0.000000 0.000000 0.000000
0.190000 0.417073 0.001263 0.006595 0.600000 0.006715
0.316667 0.417073 0.006357 0.006017 0.600000 0.008753
0.443333 0.417073 -0.001199 -0.007795 0.596511 0.007887
0.570000 0.417073 0.001578 0.001104 0.515591 0.001926
0.696667 0.417073 0.048373 0.002974 0.526427 0.048464
0.823333 0.417073 0.072329 -0.000902 0.511430 0.072334
0.950000 0.417073 0.030462 -0.005407 0.508906 0.030938
1.076667 0.417073 -0.009611 -0.000158 0.515188 0.009612
1.203333 0.417073 0.004406 0.002817 0.524720 0.005229
1.330000 0.417073 0.001117 -0.002167 0.510288 0.002438
1.456667 0.417073 -0.000829 0.003066 0.526223 0.003176
1.583333 0.417073 0.038546 0.003186 0.526160 0.038678
1.710000 0.417073 0.018683 -0.003432 0.515598 0.018996
1.836667 0.417073 0.002308 -0.004132 0.599770 0.004733
1.963333 0.417073 -0.003164 -0.002515 0.591668 0.004042
2.090000 0.417073 -0.037501 -0.001240 0.509002 0.037522
2.216667 0.417073 -0.040023 0.000499 0.513139 0.040026
2.343333 0.417073 -0.050068 -0.002114 0.509870 0.050113
2.470000 0.417073 -0.058455 0.001816 0.519024 0.058483
2.596667 0.417073 -0.027727 0.003210 0.527206 0.027912
2.723333 0.417073 -0.020907 -0.001524 0.508682 0.020963
2.850000 0.417073 -0.055643 -0.001829 0.509833 0.055673
2.976667 0.417073 -0.062487 0.001478 0.517319 0.062505
3.103333 0.417073 -0.028199 0.003850 0.529982 0.028460
3.230000 0.417073 0.008789 0.003047 0.524600 0.009302
3.356667 0.417073 0.011520 0.016679 0.595090 0.020271
3.483333 0.417073 0.000352 -0.014669 0.599981 0.014673
3.610000 0.417073 0.000257 0.000252 0.600000 0.000360
3.736667 0.417073 0.000000 0.000000 0.000000 0.000000
0.063333 0.431707 0.000000 0.000000 0.000000 0.000000
0.190000 0.431707 0.001415 0.006585 0.600000 0.006735
0.316667 0.431707 0.006651 0.005808 0.600000 0.008830
0.443333 0.431707 0.005237 -0.007432 0.599990 0.009091
0.570000 0.431707 0.000000 0.000000 0.000000 0.000000
0.696667 0.431707 0.000000 0.000000 0.000000 0.000000
0.823333 0.431707 0.000000 0.000000 0.000000 0.000000
0.950000 0.431707 0.000000 0.000000 0.000000 0.000000
1.076667 0.431707 0.000000 0.000000 0.000000 0.000000
1.203333 0.431707 0.000000 0.000000 0.000000 0.000000
1.330000 0.431707 0.000000 0.000000 0.000000 0.000000
1.456667 0.431707 0.000000 0.000000 0.000000 0.000000
1.583333 0.431707 0.000000 0.000000 0.000000 0.000000
1.710000 0.431707 0.000000 0.000000 0.000000 0.000000
1.836667 0.431707 0.007869 -0.006625 0.599998 0.010286
1.963333 0.431707 0.007869 0.001547 0.599881 0.008020
2.090000 0.431707 0.000000 0.000000 0.000000 0.000000
2.216667 0.431707 0.000000 0.000000 0.000000 0.000000
2.343333 0.431707 0.000000 0.000000 0.000000 0.000000
2.470000 0.431707 0.000000 0.000000 0.000000 0.000000
2.596667 0.431707 0.000000 0.000000 0.000000 0.000000
2.723333 0.431707 0.000000 0.000000 0.000000 0.000000
2.850000 0.431707 0.000000 0.000000 0.000000 0.000000
2.976667 0.431707 0.000000 0.000000 0.000000 0.000000
3.103333 0.431707 0.000000 0.000000 0.000000 0.000000
3.230000 0.431707 0.000000 0.000000 0.000000 0.000000
3.356667 0.431707 0.001190 0.017433 0.598620 0.017474
3.483333 0.431707 0.001408 -0.014465 0.599992 0.014534
3.610000 0.431707 0.000218 0.000162 0.600000 0.000272
3.736667 0.431707 0.000000 0.000000 0.000000 0.000000
0.063333 0.446341 0.000000 0.000000 0.000000 0.000000
0.190000 0.446341 0.001504 0.006513 0.600000 0.006685
0.316667 0.446341 0.006359 0.005562 0.600000 0.008449
0.443333 0.446341 0.004855 -0.007608 0.600000 0.009025
0.570000 0.446341 0.000000 0.000000 0.000000 0.000000
0.696667 0.446341 0.000000 0.000000 0.000000 0.000000
0.823333 0.446341 0.000000 0.000000 0.000000 0.000000
0.950000 0.446341 0.000000 0.000000 0.000000 0.000000
1.076667 0.446341 0.000000 0.000000 0.000000 0.000000
1.203333 0.446341 0.000000 0.000000 0.000000 0.000000
1.330000 0.446341 0.000000 0.000000 0.000000 0.000000
1.456667 0.446341 0.000000 0.000000 0.000000 0.000000
1.583333 0.446341 0.000000 0.000000 0.000000 0.000000
1.710000 0.446341 0.000000 0.000000 0.000000 0.000000
1.836667 0.446341 0.003766 -0.007288 0.600000 0.008203
1.963333 0.446341 0.003766 0.003075 0.599994 0.004862
2.090000 0.446341 0.000000 0.000000 0.000000 0.000000
2.216667 0.446341 0.000000 0.000000 0.000000 0.000000
2.343333 0.446341 0.000000 0.000000 0.000000 0.000000
2.470000 0.446341 0.000000 0.000000 0.000000 0.000000
2.596667 0.446341 0.000000 0.000000 0.000000 0.000000
2.723333 0.446341 0.000000 0.000000 0.000000 0.000000
2.850000 0.446341 0.000000 0.000000 0.000000 0.000000
2.976667 0.446341 0.000000 0.000000 0.000000 0.000000
3.103333 0.446341 0.000000 0.000000 0.000000 0.000000
3.230000 0.446341 0.000000 0.000000 0.000000 0.000000
3.356667 0.446341 0.001912 0.017222 0.599709 0.017328
3.483333 0.446341 0.002157 -0.014155 0.599998 0.014318
3.610000 0.446341 0.000245 0.000069 0.600000 0.000254
3.736667 0.446341 0.000000 0.000000 0.000000 0.000000
0.063333 0.460976 0.000000 0.000000 0.000000 0.000000
0.190000 0.460976 0.001637 0.006383 0.600000 0.006589
0.316667 0.460976 0.006225 0.005325 0.600000 0.008192
0.443333 0.460976 0.004587 -0.007653 0.600000 0.008923
0.570000 0.460976 0.000000 0.000000 0.000000 0.000000
0.696667 0.460976 0.000000 0.000000 0.000000 0.000000
0.823333 0.460976 0.000000 0.000000 0.000000 0.000000
0.950000 0.460976 0.000000 0.000000 0.000000 0.000000
1.076667 0.460976 0.000000 0.000000 0.000000 0.000000
1.203333 0.460976 0.000000 0.000000 0.000000 0.000000
1.330000 0.460976 0.000000 0.000000 0.000000 0.000000
1.456667 0.460976 0.000000 0.000000 0.000000 0.000000
1.583333 0.460976 0.000000 0.000000 0.000000 0.000000
1.710000 0.460976 0.000000 0.000000 0.000000 0.000000
1.836667 0.460976 0.002406 -0.007450 0.600000 0.007829
1.963333 0.460976 0.002406 0.004012 0.600000 0.004678
2.090000 0.460976 0.000000 0.000000 0.000000 0.000000
2.216667 0.460976 0.000000 0.000000 0.000000 0.000000
2.343333 0.460976 0.000000 0.000000 0.000000 0.000000
2.470000 0.460976 0.000000 0.000000 0.000000 0.000000
2.596667 0.460976 0.000000 0.000000 0.000000 0.000000
2.723333 0.460976 0.000000 0.000000 0.000000 0.000000
2.850000 0.460976 0.000000 0.000000 0.000000 0.000000
2.976667 0.460976 0.000000 0.000000 0.000000 0.000000
3.103333 0.460976 0.000000 0.000000 0.000000 0.000000
3.230000 0.460976 0.000000 0.000000 0.000000 0.000000
3.356667 0.460976 0.002649 0.017032 0.599951 0.017237
3.483333 0.460976 0.003458 -0.013799 0.600000 0.014225
3.610000 0.460976 0.000809 0.000045 0.600000 0.000810
3.736667 0.460976 0.000000 0.000000 0.000000 0.000000
0.063333 0.475610 0.000000 0.000000 0.000000 0.000000
0.190000 0.475610 0.001863 0.006175 0.600000 0.006450
0.316667 0.475610 0.006539 0.005061 0.600000 0.008269
0.443333 0.475610 0.004676 -0.007554 0.600000 0.008884
0.570000 0.475610 0.000000 0.000000 0.000000 0.000000
0.696667 0.475610 0.000000 0.000000 0.000000 0.000000
0.823333 0.475610 0.000000 0.000000 0.000000 0.000000
0.950000 0.475610 0.000000 0.000000 0.000000 0.000000
1.076667 0.475610 0.000000 0.000000 0.000000 0.000000
1.203333 0.475610 0.000000 0.000000 0.000000 0.000000
1.330000 0.475610 0.000000 0.000000 0.000000 0.000000
1.456667 0.475610 0.000000 0.000000 0.000000 0.000000
1.583333 0.475610 0.000000 0.000000 0.000000 0.000000
1.710000 0.475610 0.000000 0.000000 0.000000 0.000000
1.836667 0.475610 0.001230 -0.007475 0.600000 0.007575
1.963333 0.475610 0.001230 0.004687 0.600000 0.004846
2.090000 0.475610 0.000000 0.000000 0.000000 0.000000
2.216667 0.475610 0.000000 0.000000 0.000000 0.000000
2.343333 0.475610 0.000000 0.000000 0.000000 0.000000
2.470000 0.475610 0.000000 0.000000 0.000000 0.000000
2.596667 0.475610 0.000000 0.000000 0.000000 0.000000
2.723333 0.475610 0.000000 0.000000 0.000000 0.000000
2.850000 0.475610 0.000000 0.000000 0.000000 0.000000
2.976667 0.475610 0.000000 0.000000 0.000000 0.000000
3.103333 0.475610 0.000000 0.000000 0.000000 0.000000
3.230000 0.475610 0.000000 0.000000 0.000000 0.000000
3.356667 0.475610 0.003499 0.016675 0.599993 0.017038
3.483333 0.475610 0.004717 -0.013408 0.600000 0.014214
3.610000 0.475610 0.001218 0.000137 0.600000 0.001226
3.736667 0.475610 0.000000 0.000000 0.000000 0.000000
0.063333 0.490244 0.000000 0.000000 0.000000 0.000000
0.190000 0.490244 0.002555 0.005826 0.600000 0.006361
0.316667 0.490244 0.008107 0.004702 0.600000 0.009372
0.443333 0.490244 0.005552 -0.007200 0.600000 0.009092
0.570000 0.490244 0.000000 0.000000 0.000000 0.000000
0.696667 0.490244 0.000000 0.000000 0.000000 0.000000
0.823333 0.490244 0.000000 0.000000 0.000000 0.000000
0.950000 0.490244 0.000000 0.000000 0.000000 0.000000
1.076667 0.490244 0.000000 0.000000 0.000000 0.000000
1.203333 0.490244 0.000000 0.000000 0.000000 0.000000
1.330000 0.490244 0.000000 0.000000 0.000000 0.000000
1.456667 0.490244 0.000000 0.000000 0.000000 0.000000
1.583333 0.490244 0.000000 0.000000 0.000000 0.000000
1.710000 0.490244 0.000000 0.000000 0.000000 0.000000
1.836667 0.490244 0.000171 -0.007342 0.600000 0.007344
1.963333 0.490244 0.000171 0.005128 0.600000 0.005131
2.090000 0.490244 0.000000 0.000000 0.000000 0.000000
2.216667 0.490244 0.000000 0.000000 0.000000 0.000000
2.343333 0.490244 0.000000 0.000000 0.000000 0.000000
2.470000 0.490244 0.000000 0.000000 0.000000 0.000000
2.596667 0.490244 0.000000 0.000000 0.000000 0.000000
2.723333 0.490244 0.000000 0.000000 0.000000 0.000000
2.850000 0.490244 0.000000 0.000000 0.000000 0.000000
2.976667 0.490244 0.000000 0.000000 0.000000 0.000000
3.103333 0.490244 0.000000 0.000000 0.000000 0.000000
3.230000 0.490244 0.000000 0.000000 0.000000 0.000000
3.356667 0.490244 0.004534 0.016034 0.599999 0.016663
3.483333 0.490244 0.005646 -0.012875 0.600000 0.014059
3.610000 0.490244 0.001112 0.000259 0.600000 0.001142
3.736667 0.490244 0.000000 0.000000 0.000000 0.000000
0.063333 0.504878 0.000000 0.000000 0.000000 0.000000
0.190000 0.504878 0.003202 0.005285 0.600000 0.006179
0.316667 0.504878 0.009395 0.004231 0.600000 0.010304
0.443333 0.504878 0.006193 -0.006549 0.600000 0.009013
0.570000 0.504878 0.000000 0.000000 0.000000 0.000000
0.696667 0.504878 0.000000 0.000000 0.000000 0.000000
0.823333 0.504878 0.000000 0.000000 0.000000 0.000000
0.950000 0.504878 0.000000 0.000000 0.000000 0.000000
1.076667 0.504878 0.000000 0.000000 0.000000 0.000000
1.203333 0.504878 0.000000 0.000000 0.000000 0.000000
1.330000 0.504878 0.000000 0.000000 0.000000 0.000000
1.456667 0.504878 0.000000 0.000000 0.000000 0.000000
1.583333 0.504878 0.000000 0.000000 0.000000 0.000000
1.710000 0.504878 0.000000 0.000000 0.000000 0.000000
1.836667 0.504878 -0.001015 -0.007020 0.600000 0.007093
1.963333 0.504878 -0.001015 0.005332 0.600000 0.005427
2.090000 0.504878 0.000000 0.000000 0.000000 0.000000
2.216667 0.504878 0.000000 0.000000 0.000000 0.000000
2.343333 0.504878 0.000000 0.000000 0.000000 0.000000
2.470000 0.504878 0.000000 0.000000 0.000000 0.000000
2.596667 0.504878 0.000000 0.000000 0.000000 0.000000
2.723333 0.504878 0.000000 0.000000 0.000000 0.000000
2.850000 0.504878 0.000000 0.000000 0.000000 0.000000
2.976667 0.504878 0.000000 0.000000 0.000000 0.000000
3.103333 0.504878 0.000000 0.000000 0.000000 0.000000
3.230000 0.504878 0.000000 0.000000 0.000000 0.000000
3.356667 0.504878 0.005731 0.015067 0.600000 0.016120
3.483333 0.504878 0.006755 -0.012082 0.600000 0.013842
3.610000 0.504878 0.001024 0.000352 0.600000 0.001083
3.736667 0.504878 0.000000 0.000000 0.000000 0.000000
0.063333 0.519512 0.000000 0.000000 0.000000 0.000000
0.190000 0.519512 0.003479 0.004599 0.600000 0.005767
0.316667 0.519512 0.009753 0.003688 0.600000 0.010427
0.443333 0.519512 0.006274 -0.005712 0.600000 0.008485
0.570000 0.519512 0.000000 0.000000 0.000000 0.000000
0.696667 0.519512 0.000000 0.000000 0.000000 0.000000
0.823333 0.519512 0.000000 0.000000 0.000000 0.000000
0.950000 0.519512 0.000000 0.000000 0.000000 0.000000
1.076667 0.519512 0.000000 0.000000 0.000000 0.000000
1.203333 0.519512 0.000000 0.000000 0.000000 0.000000
1.330000 0.519512 0.000000 0.000000 0.000000 0.000000
1.456667 0.519512 0.000000 0.000000 0.000000 0.000000
1.583333 0.519512 0.000000 0.000000 0.000000 0.000000
1.710000 0.519512 0.000000 0.000000 0.000000 0.000000
1.836667 0.519512 -0.003022 -0.006405 0.600000 0.007082
1.963333 0.519512 -0.003022 0.005192 0.600000 0.006008
2.090000 0.519512 0.000000 0.000000 0.000000 0.000000
2.216667 0.519512 0.000000 0.000000 0.000000 0.000000
2.343333 0.519512 0.000000 0.000000 0.000000 0.000000
2.470000 0.519512 0.000000 0.000000 0.000000 0.000000
2.596667 0.519512 0.000000 0.000000 0.000000 0.000000
2.723333 0.519512 0.000000 0.000000 0.000000 0.000000
2.850000 0.519512 0.000000 0.000000 0.000000 0.000000
2.976667 0.519512 0.000000 0.000000 0.000000 0.000000
3.103333 0.519512 0.000000 0.000000 0.000000 0.000000
3.230000 0.519512 0.000000 0.000000 0.000000 0.000000
3.356667 0.519512 0.007178 0.013668 0.600000 0.015438
3.483333 0.519512 0.008070 -0.010950 0.600000 0.013602
3.610000 0.519512 0.000893 0.000413 0.600000 0.000983
3.736667 0.519512 0.000000 0.000000 0.000000 0.000000
0.063333 0.534146 0.000000 0.000000 0.000000 0.000000
0.190000 0.534146 0.003782 0.003807 0.600000 0.005366
0.316667 0.534146 0.010246 0.003081 0.600000 0.010699
0.443333 0.534146 0.006463 -0.004756 0.600000 0.008024
0.570000 0.534146 0.000000 0.000000 0.000000 0.000000
0.696667 0.534146 0.000000 0.000000 0.000000 0.000000
0.823333 0.534146 0.000000 0.000000 0.000000 0.000000
0.950000 0.534146 0.000000 0.000000 0.000000 0.000000
1.076667 0.534146 0.000000 0.000000 0.000000 0.000000
1.203333 0.534146 0.000000 0.000000 0.000000 0.000000
1.330000 0.534146 0.000000 0.000000 0.000000 0.000000
1.456667 0.534146 0.000000 0.000000 0.000000 0.000000
1.583333 0.534146 0.000000 0.000000 0.000000 0.000000
1.710000 0.534146 0.000000 0.000000 0.000000 0.000000
1.836667 0.534146 -0.004818 -0.005428 0.600000 0.007258
1.963333 0.534146 -0.004818 0.004634 0.600000 0.006685
2.090000 0.534146 0.000000 0.000000 0.000000 0.000000
2.216667 0.534146 0.000000 0.000000 0.000000 0.000000
2.343333 0.534146 0.000000 0.000000 0.000000 0.000000
2.470000 0.534146 0.000000 0.000000 0.000000 0.000000
2.596667 0.534146 0.000000 0.000000 0.000000 0.000000
2.723333 0.534146 0.000000 0.000000 0.000000 0.000000
2.850000 0.534146 0.000000 0.000000 0.000000 0.000000
2.976667 0.534146 0.000000 0.000000 0.000000 0.000000
3.103333 0.534146 0.000000 0.000000 0.000000 0.000000
3.230000 0.534146 0.000000 0.000000 0.000000 0.000000
3.356667 0.534146 0.008908 0.011744 0.600000 0.014741
3.483333 0.534146 0.009591 -0.009394 0.600000 0.013425
3.610000 0.534146 0.000683 0.000427 0.600000 0.000805
3.736667 0.534146 0.000000 0.000000 0.000000 0.000000
0.063333 0.548780 0.000000 0.000000 0.000000 0.000000
0.190000 0.548780 0.004150 0.002896 0.600000 0.005061
0.316667 0.548780 0.010961 0.002385 0.600000 0.011217
0.443333 0.548780 0.006810 -0.003655 0.600000 0.007729
0.570000 0.548780 0.000000 0.000000 0.000000 0.000000
0.696667 0.548780 0.000000 0.000000 0.000000 0.000000
0.823333 0.548780 0.000000 0.000000 0.000000 0.000000
0.950000 0.548780 0.000000 0.000000 0.000000 0.000000
1.076667 0.548780 0.000000 0.000000 0.000000 0.000000
1.203333 0.548780 0.000000 0.000000 0.000000 0.000000
1.330000 0.548780 0.000000 0.000000 0.000000 0.000000
1.456667 0.548780 0.000000 0.000000 0.000000 0.000000
1.583333 0.548780 0.000000 0.000000 0.000000 0.000000
1.710000 0.548780 0.000000 0.000000 0.000000 0.000000
1.836667 0.548780 -0.006103 -0.004175 0.600000 0.007395
1.963333 0.548780 -0.006103 0.003723 0.600000 0.007149
2.090000 0.548780 0.000000 0.000000 0.000000 0.000000
2.216667 0.548780 0.000000 0.000000 0.000000 0.000000
2.343333 0.548780 0.000000 0.000000 0.000000 0.000000
2.470000 0.548780 0.000000 0.000000 0.000000 0.000000
2.596667 0.548780 0.000000 0.000000 0.000000 0.000000
2.723333 0.548780 0.000000 0.000000 0.000000 0.000000
2.850000 0.548780 0.000000 0.000000 0.000000 0.000000
2.976667 0.548780 0.000000 0.000000 0.000000 0.000000
3.103333 0.548780 0.000000 0.000000 0.000000 0.000000
3.230000 0.548780 0.000000 0.000000 0.000000 0.000000
3.356667 0.548780 0.010853 0.009243 0.600000 0.014256
3.483333 0.548780 0.011444 -0.007400 0.600000 0.013628
3.610000 0.548780 0.000591 0.000399 0.600000 0.000713
3.736667 0.548780 0.000000 0.000000 0.000000 0.000000
0.063333 0.563415 0.000000 0.000000 0.000000 0.000000
0.190000 0.563415 0.004597 0.001848 0.600000 0.004954
0.316667 0.563415 0.012004 0.001560 0.600000 0.012105
0.443333 0.563415 0.007407 -0.002367 0.600000 0.007776
0.570000 0.563415 0.000000 0.000000 0.000000 0.000000
0.696667 0.563415 0.000000 0.000000 0.000000 0.000000
0.823333 0.563415 0.000000 0.000000 0.000000 0.000000
0.950000 0.563415 0.000000 0.000000 0.000000 0.000000
1.076667 0.563415 0.000000 0.000000 0.000000 0.000000
1.203333 0.563415 0.000000 0.000000 0.000000 0.000000
1.330000 0.563415 0.000000 0.000000 0.000000 0.000000
1.456667 0.563415 0.000000 0.000000 0.000000 0.000000
1.583333 0.563415 0.000000 0.000000 0.000000 0.000000
1.710000 0.563415 0.000000 0.000000 0.000000 0.000000
1.836667 0.563415 -0.007555 -0.002692 0.600000 0.008020
1.963333 0.563415 -0.007555 0.002491 0.600000 0.007955
2.090000 0.563415 0.000000 0.000000 0.000000 0.000000
2.216667 0.563415 0.000000 0.000000 0.000000 0.000000
2.343333 0.563415 0.000000 0.000000 0.000000 0.000000
2.470000 0.563415 0.000000 0.000000 0.000000 0.000000
2.596667 0.563415 0.000000 0.000000 0.000000 0.000000
2.723333 0.563415 0.000000 0.000000 0.000000 0.000000
2.850000 0.563415 0.000000 0.000000 0.000000 0.000000
2.976667 0.563415 0.000000 0.000000 0.000000 0.000000
3.103333 0.563415 0.000000 0.000000 0.000000 0.000000
3.230000 0.563415 0.000000 0.000000 0.000000 0.000000
3.356667 0.563415 0.013255 0.006090 0.600000 0.014587
3.483333 0.563415 0.013548 -0.004902 0.600000 0.014407
3.610000 0.563415 0.000293 0.000318 0.600000 0.000433
3.736667 0.563415 0.000000 0.000000 0.000000 0.000000
0.063333 0.578049 0.000000 0.000000 0.000000 0.000000
0.190000 0.578049 0.005128 0.000644 0.600000 0.005169
0.316667 0.578049 0.013365 0.000554 0.600000 0.013376
0.443333 0.578049 0.008237 -0.000834 0.600000 0.008279
0.570000 0.578049 0.000000 0.000000 0.000000 0.000000
0.696667 0.578049 0.000000 0.000000 0.000000 0.000000
0.823333 0.578049 0.000000 0.000000 0.000000 0.000000
0.950000 0.578049 0.000000 0.000000 0.000000 0.000000
1.076667 0.578049 0.000000 0.000000 0.000000 0.000000
1.203333 0.578049 0.000000 0.000000 0.000000 0.000000
1.330000 0.578049 0.000000 0.000000 0.000000 0.000000
1.456667 0.578049 0.000000 0.000000 0.000000 0.000000
1.583333 0.578049 0.000000 0.000000 0.000000 0.000000
1.710000 0.578049 0.000000 0.000000 0.000000 0.000000
1.836667 0.578049 -0.009226 -0.000944 0.600000 0.009274
1.963333 0.578049 -0.009226 0.000895 0.600000 0.009270
2.090000 0.578049 0.000000 0.000000 0.000000 0.000000
2.216667 0.578049 0.000000 0.000000 0.000000 0.000000
2.343333 0.578049 0.000000 0.000000 0.000000 0.000000
2.470000 0.578049 0.000000 0.000000 0.000000 0.000000
2.596667 0.578049 0.000000 0.000000 0.000000 0.000000
2.723333 0.578049 0.000000 0.000000 0.000000 0.000000
2.850000 0.578049 0.000000 0.000000 0.000000 0.000000
2.976667 0.578049 0.000000 0.000000 0.000000 0.000000
3.103333 0.578049 0.000000 0.000000 0.000000 0.000000
3.230000 0.578049 0.000000 0.000000 0.000000 0.000000
3.356667 0.578049 0.016026 0.002169 0.600000 0.016172
3.483333 0.578049 0.015741 -0.001753 0.600000 0.015839
3.610000 0.578049 -0.000284 0.000129 0.600000 0.000312
3.736667 0.578049 0.000000 0.000000 0.000000 0.000000
0.063333 0.592683 0.000000 0.000000 0.000000 0.000000
0.190000 0.592683 0.000000 0.000000 0.000000 0.000000
0.316667 0.592683 0.000000 0.000000 0.000000 0.000000
0.443333 0.592683 0.000000 0.000000 0.000000 0.000000
0.570000 0.592683 0.000000 0.000000 0.000000 0.000000
0.696667 0.592683 0.000000 0.000000 0.000000 0.000000
0.823333 0.592683 0.000000 0.000000 0.000000 0.000000
0.950000 0.592683 0.000000 0.000000 0.000000 0.000000
1.076667 0.592683 0.000000 0.000000 0.000000 0.000000
1.203333 0.592683 0.000000 0.000000 0.000000 0.000000
1.330000 0.592683 0.000000 0.000000 0.000000 0.000000
1.456667 0.592683 0.000000 0.000000 0.000000 0.000000
1.583333 0.592683 0.000000 0.000000 0.000000 0.000000
1.710000 0.592683 0.000000 0.000000 0.000000 0.000000
1.836667 0.592683 0.000000 0.000000 0.000000 0.000000
1.963333 0.592683 0.000000 0.000000 0.000000 0.000000
2.090000 0.592683 0.000000 0.000000 0.000000 0.000000
2.216667 0.592683 0.000000 0.000000 0.000000 0.000000
2.343333 0.592683 0.000000 0.000000 0.000000 0.000000
2.470000 0.592683 0.000000 0.000000 0.000000 0.000000
2.596667 0.592683 0.000000 0.000000 0.000000 0.000000
2.723333 0.592683 0.000000 0.000000 0.000000 0.000000
2.850000 0.592683 0.000000 0.000000 0.000000 0.000000
2.976667 0.592683 0.000000 0.000000 0.000000 0.000000
3.103333 0.592683 0.000000 0.000000 0.000000 0.000000
3.230000 0.592683 0.000000 0.000000 0.000000 0.000000
3.356667 0.592683 0.000000 0.000000 0.000000 0.000000
3.483333 0.592683 0.000000 0.000000 0.000000 0.000000
3.610000 0.592683 0.000000 0.000000 0.000000 0.000000
3.736667 0.592683 0.000000 0.000000 0.000000 0.000000
