TITLE="(Vx,Vy)"
VARIABLES=X,Y,Vx,Vy,Vm,V
ZONE T="T-Dummy" I=30, J=41, F=POINT
0.063333 0.007317 0.000000 0.000000 0.000000 0.000000
0.190000 0.007317 0.000000 0.000000 0.000000 0.000000
0.316667 0.007317 0.000000 0.000000 0.000000 0.000000
0.443333 0.007317 0.000000 0.000000 0.000000 0.000000
0.570000 0.007317 0.000000 0.000000 0.000000 0.000000
0.696667 0.007317 0.000000 0.000000 0.000000 0.000000
0.823333 0.007317 0.000000 0.000000 0.000000 0.000000
0.950000 0.007317 0.000000 0.000000 0.000000 0.000000
1.076667 0.007317 0.000000 0.000000 0.000000 0.000000
1.203333 0.007317 0.000000 0.000000 0.000000 0.000000
1.330000 0.007317 0.000000 0.000000 0.000000 0.000000
1.456667 0.007317 0.000000 0.000000 0.000000 0.000000
1.583333 0.007317 0.000000 0.000000 0.000000 0.000000
1.710000 0.007317 0.000000 0.000000 0.000000 0.000000
1.836667 0.007317 0.000000 0.000000 0.000000 0.000000
1.963333 0.007317 0.000000 0.000000 0.000000 0.000000
2.090000 0.007317 0.000000 0.000000 0.000000 0.000000
2.216667 0.007317 0.000000 0.000000 0.000000 0.000000
2.343333 0.007317 0.000000 0.000000 0.000000 0.000000
2.470000 0.007317 0.000000 0.000000 0.000000 0.000000
2.596667 0.007317 0.000000 0.000000 0.000000 0.000000
2.723333 0.007317 0.000000 0.000000 0.000000 0.000000
2.850000 0.007317 0.000000 0.000000 0.000000 0.000000
2.976667 0.007317 0.000000 0.000000 0.000000 0.000000
3.103333 0.007317 0.000000 0.000000 0.000000 0.000000
3.230000 0.007317 0.000000 0.000000 0.000000 0.000000
3.356667 0.007317 0.000000 0.000000 0.000000 0.000000
3.483333 0.007317 0.000000 0.000000 0.000000 0.000000
3.610000 0.007317 0.000000 0.000000 0.000000 0.000000
3.736667 0.007317 0.000000 0.000000 0.000000 0.000000
0.063333 0.021951 0.000000 0.000000 0.000000 0.000000
0.190000 0.021951 0.002526 -0.000287 0.900000 0.002542
0.316667 0.021951 0.001389 0.000553 0.900000 0.001494
0.443333 0.021951 -0.002693 0.000294 0.900000 0.002709
0.570000 0.021951 -0.005186 0.000422 0.900000 0.005203
0.696667 0.021951 -0.005468 -0.000827 0.900000 0.005530
0.823333 0.021951 -0.009146 0.000656 0.900000 0.009169
0.950000 0.021951 -0.011080 -0.000583 0.900000 0.011095
1.076667 0.021951 0.000746 -0.001032 0.900000 0.001274
1.203333 0.021951 0.009856 0.000231 0.900000 0.009859
1.330000 0.021951 -0.001801 0.001654 0.900000 0.002446
1.456667 0.021951 -0.009984 -0.000927 0.900000 0.010027
1.583333 0.021951 -0.016665 0.001626 0.900000 0.016744
1.710000 0.021951 -0.027640 0.000086 0.900000 0.027640
1.836667 0.021951 -0.024116 -0.000133 0.900000 0.024117
1.963333 0.021951 -0.017459 -0.000698 0.900000 0.017473
2.090000 0.021951 -0.012249 -0.000167 0.900000 0.012250
2.216667 0.021951 -0.010261 -0.000164 0.900000 0.010262
2.343333 0.021951 -0.018563 0.000928 0.900000 0.018587
2.470000 0.021951 -0.019079 -0.000762 0.900000 0.019095
2.596667 0.021951 -0.012411 0.000433 0.900000 0.012419
2.723333 0.021951 -0.020283 0.000928 0.900000 0.020304
2.850000 0.021951 -0.032476 0.000611 0.900000 0.032482
2.976667 0.021951 -0.040436 0.000492 0.900000 0.040439
3.103333 0.021951 -0.032585 -0.001441 0.900000 0.032617
3.230000 0.021951 -0.013848 -0.000835 0.900000 0.013873
3.356667 0.021951 0.006977 -0.001128 0.900000 0.007067
3.483333 0.021951 0.008702 0.001387 0.900000 0.008811
3.610000 0.021951 -0.001059 -0.000035 0.900000 0.001060
3.736667 0.021951 0.000000 0.000000 0.000000 0.000000
0.063333 0.036585 0.000000 0.000000 0.000000 0.000000
0.190000 0.036585 0.001674 -0.000764 0.900000 0.001840
0.316667 0.036585 0.000520 0.001546 0.900000 0.001631
0.443333 0.036585 -0.003157 0.000842 0.900000 0.003268
0.570000 0.036585 -0.006771 0.001392 0.900000 0.006913
0.696667 0.036585 -0.020053 -0.001209 0.900000 0.020090
0.823333 0.036585 -0.022846 0.000641 0.900000 0.022854
0.950000 0.036585 -0.016235 -0.001236 0.900000 0.016282
1.076667 0.036585 -0.015759 -0.002339 0.900000 0.015932
1.203333 0.036585 -0.010111 0.000267 0.900000 0.010115
1.330000 0.036585 -0.008155 0.002964 0.900000 0.008677
1.456667 0.036585 -0.010875 -0.002994 0.900000 0.011280
1.583333 0.036585 -0.008227 0.003004 0.900000 0.008759
1.710000 0.036585 -0.006870 0.000114 0.900000 0.006871
1.836667 0.036585 -0.006987 -0.000030 0.900000 0.006987
1.963333 0.036585 -0.004832 -0.001862 0.900000 0.005178
2.090000 0.036585 -0.002555 -0.000312 0.900000 0.002574
2.216667 0.036585 -0.002472 -0.000364 0.900000 0.002499
2.343333 0.036585 -0.001655 0.001643 0.900000 0.002332
2.470000 0.036585 -0.000615 -0.001256 0.900000 0.001398
2.596667 0.036585 0.001900 0.000730 0.900000 0.002035
2.723333 0.036585 0.003966 0.001527 0.900000 0.004250
2.850000 0.036585 -0.008633 0.001474 0.900000 0.008758
2.976667 0.036585 -0.014161 0.000542 0.900000 0.014172
3.103333 0.036585 -0.011274 -0.003292 0.900000 0.011744
3.230000 0.036585 -0.010679 -0.001715 0.900000 0.010816
3.356667 0.036585 0.003224 -0.003295 0.900000 0.004610
3.483333 0.036585 0.006370 0.003827 0.900000 0.007431
3.610000 0.036585 -0.000832 -0.000078 0.900000 0.000836
3.736667 0.036585 0.000000 0.000000 0.000000 0.000000
0.063333 0.051220 0.000000 0.000000 0.000000 0.000000
0.190000 0.051220 0.000997 -0.001068 0.900000 0.001461
0.316667 0.051220 -0.000099 0.002330 0.900000 0.002332
0.443333 0.051220 -0.003254 0.001296 0.900000 0.003503
0.570000 0.051220 -0.005850 0.002417 0.900000 0.006330
0.696667 0.051220 -0.016968 -0.000232 0.900000 0.016969
0.823333 0.051220 -0.019798 -0.000546 0.900000 0.019805
0.950000 0.051220 -0.015441 -0.001234 0.900000 0.015491
1.076667 0.051220 -0.016095 -0.002907 0.900000 0.016356
1.203333 0.051220 -0.010369 -0.000157 0.900000 0.010371
1.330000 0.051220 -0.008774 0.002298 0.900000 0.009070
1.456667 0.051220 -0.011088 -0.004580 0.900000 0.011997
1.583333 0.051220 -0.007631 0.002447 0.900000 0.008014
1.710000 0.051220 -0.006168 -0.000002 0.900000 0.006168
1.836667 0.051220 -0.006353 0.000464 0.900000 0.006370
1.963333 0.051220 -0.003912 -0.002861 0.900000 0.004847
2.090000 0.051220 -0.001532 -0.000243 0.900000 0.001551
2.216667 0.051220 -0.001620 -0.000448 0.900000 0.001681
2.343333 0.051220 -0.000427 0.001176 0.900000 0.001252
2.470000 0.051220 0.000631 -0.000704 0.900000 0.000946
2.596667 0.051220 0.003145 0.000433 0.900000 0.003174
2.723333 0.051220 0.004210 0.000967 0.900000 0.004319
2.850000 0.051220 -0.007916 0.001855 0.900000 0.008131
2.976667 0.051220 -0.012953 -0.000199 0.900000 0.012954
3.103333 0.051220 -0.008236 -0.004308 0.900000 0.009295
3.230000 0.051220 -0.008791 -0.001435 0.900000 0.008908
3.356667 0.051220 -0.000291 -0.005298 0.900000 0.005306
3.483333 0.051220 0.004117 0.005652 0.900000 0.006992
3.610000 0.051220 -0.000753 -0.000084 0.900000 0.000757
3.736667 0.051220 0.000000 0.000000 0.000000 0.000000
0.063333 0.065854 0.000000 0.000000 0.000000 0.000000
0.190000 0.065854 0.000448 -0.001236 0.900000 0.001315
0.316667 0.065854 -0.000559 0.002933 0.900000 0.002986
0.443333 0.065854 -0.003214 0.001636 0.900000 0.003607
0.570000 0.065854 -0.004287 0.003157 0.900000 0.005324
0.696667 0.065854 -0.013738 0.000893 0.900000 0.013767
0.823333 0.065854 -0.017050 -0.001532 0.900000 0.017119
0.950000 0.065854 -0.014509 -0.000965 0.900000 0.014541
1.076667 0.065854 -0.016520 -0.003492 0.900000 0.016885
1.203333 0.065854 -0.010601 -0.000639 0.900000 0.010620
1.330000 0.065854 -0.007145 0.001465 0.900000 0.007294
1.456667 0.065854 -0.009242 -0.004801 0.900000 0.010414
1.583333 0.065854 -0.007305 0.001810 0.900000 0.007526
1.710000 0.065854 -0.005704 -0.000141 0.900000 0.005706
1.836667 0.065854 -0.005795 0.001010 0.900000 0.005882
1.963333 0.065854 -0.003221 -0.003998 0.900000 0.005134
2.090000 0.065854 -0.000808 -0.000121 0.900000 0.000817
2.216667 0.065854 -0.001060 -0.000551 0.900000 0.001195
2.343333 0.065854 0.000467 0.000638 0.900000 0.000791
2.470000 0.065854 0.001545 -0.000135 0.900000 0.001551
2.596667 0.065854 0.004029 0.000104 0.900000 0.004030
2.723333 0.065854 0.003996 0.000641 0.900000 0.004047
2.850000 0.065854 -0.007458 0.001989 0.900000 0.007719
2.976667 0.065854 -0.011525 -0.000669 0.900000 0.011544
3.103333 0.065854 -0.006121 -0.005612 0.900000 0.008305
3.230000 0.065854 -0.007261 -0.000730 0.900000 0.007298
3.356667 0.065854 -0.002849 -0.007047 0.900000 0.007601
3.483333 0.065854 0.001903 0.006948 0.900000 0.007204
3.610000 0.065854 -0.000783 -0.000083 0.900000 0.000787
3.736667 0.065854 0.000000 0.000000 0.000000 0.000000
0.063333 0.080488 0.000000 0.000000 0.000000 0.000000
0.190000 0.080488 -0.000206 -0.001273 0.900000 0.001290
0.316667 0.080488 -0.001293 0.003379 0.900000 0.003618
0.443333 0.080488 -0.003579 0.001876 0.900000 0.004041
0.570000 0.080488 -0.003854 0.003530 0.900000 0.005227
0.696667 0.080488 -0.011721 0.002038 0.900000 0.011896
0.823333 0.080488 -0.015702 -0.002366 0.900000 0.015879
0.950000 0.080488 -0.013318 -0.000717 0.900000 0.013337
1.076667 0.080488 -0.015588 -0.003968 0.900000 0.016085
1.203333 0.080488 -0.010736 -0.001174 0.900000 0.010800
1.330000 0.080488 -0.005518 0.000251 0.900000 0.005524
1.456667 0.080488 -0.007543 -0.004428 0.900000 0.008746
1.583333 0.080488 -0.007097 0.001142 0.900000 0.007188
1.710000 0.080488 -0.005129 -0.000347 0.900000 0.005140
1.836667 0.080488 -0.006147 0.001338 0.900000 0.006291
1.963333 0.080488 -0.005413 -0.004558 0.900000 0.007076
2.090000 0.080488 -0.002874 -0.000052 0.900000 0.002874
2.216667 0.080488 -0.002547 -0.000660 0.900000 0.002631
2.343333 0.080488 -0.001982 0.000163 0.900000 0.001989
2.470000 0.080488 -0.000957 0.000353 0.900000 0.001020
2.596667 0.080488 0.002145 -0.000180 0.900000 0.002152
2.723333 0.080488 0.003208 0.000323 0.900000 0.003224
2.850000 0.080488 -0.006173 0.001937 0.900000 0.006470
2.976667 0.080488 -0.009405 -0.001007 0.900000 0.009459
3.103333 0.080488 -0.005344 -0.006734 0.900000 0.008597
3.230000 0.080488 -0.008077 0.000094 0.900000 0.008078
3.356667 0.080488 -0.005319 -0.008463 0.900000 0.009996
3.483333 0.080488 -0.000251 0.007789 0.900000 0.007793
3.610000 0.080488 -0.000927 -0.000100 0.900000 0.000933
3.736667 0.080488 0.000000 0.000000 0.000000 0.000000
0.063333 0.095122 0.000000 0.000000 0.000000 0.000000
0.190000 0.095122 -0.000893 -0.001163 0.900000 0.001466
0.316667 0.095122 -0.002127 0.003682 0.900000 0.004252
0.443333 0.095122 -0.004053 0.002030 0.900000 0.004533
0.570000 0.095122 -0.004044 0.003666 0.900000 0.005458
0.696667 0.095122 -0.008924 0.002872 0.900000 0.009374
0.823333 0.095122 -0.013147 -0.002813 0.900000 0.013445
0.950000 0.095122 -0.012305 -0.000765 0.900000 0.012329
1.076667 0.095122 -0.014681 -0.004231 0.900000 0.015278
1.203333 0.095122 -0.010823 -0.001774 0.900000 0.010967
1.330000 0.095122 -0.005731 -0.001140 0.900000 0.005843
1.456667 0.095122 -0.007799 -0.004224 0.900000 0.008870
1.583333 0.095122 -0.006979 0.000445 0.900000 0.006993
1.710000 0.095122 -0.004445 -0.000663 0.900000 0.004494
1.836667 0.095122 -0.006519 0.001199 0.900000 0.006628
1.963333 0.095122 -0.007502 -0.003887 0.900000 0.008450
2.090000 0.095122 -0.004654 -0.000120 0.900000 0.004656
2.216667 0.095122 -0.003968 -0.000762 0.900000 0.004041
2.343333 0.095122 -0.004674 -0.000078 0.900000 0.004675
2.470000 0.095122 -0.003706 0.000652 0.900000 0.003763
2.596667 0.095122 0.000219 -0.000345 0.900000 0.000409
2.723333 0.095122 0.002156 -0.000239 0.900000 0.002169
2.850000 0.095122 -0.007319 0.002000 0.900000 0.007587
2.976667 0.095122 -0.009254 -0.001635 0.900000 0.009398
3.103333 0.095122 -0.001961 -0.007556 0.900000 0.007807
3.230000 0.095122 -0.006641 0.001324 0.900000 0.006772
3.356667 0.095122 -0.007718 -0.009597 0.900000 0.012316
3.483333 0.095122 -0.002361 0.008229 0.900000 0.008561
3.610000 0.095122 -0.001184 -0.000161 0.900000 0.001195
3.736667 0.095122 0.000000 0.000000 0.000000 0.000000
0.063333 0.109756 0.000000 0.000000 0.000000 0.000000
0.190000 0.109756 -0.001607 -0.000900 0.900000 0.001842
0.316667 0.109756 -0.002994 0.003848 0.900000 0.004875
0.443333 0.109756 -0.004540 0.002105 0.900000 0.005005
0.570000 0.109756 -0.004764 0.003692 0.900000 0.006027
0.696667 0.109756 -0.007004 0.003145 0.900000 0.007678
0.823333 0.109756 -0.010923 -0.002746 0.900000 0.011263
0.950000 0.109756 -0.012372 -0.000976 0.900000 0.012410
1.076667 0.109756 -0.014793 -0.004367 0.900000 0.015424
1.203333 0.109756 -0.010858 -0.002431 0.900000 0.011127
1.330000 0.109756 -0.005847 -0.002524 0.900000 0.006369
1.456667 0.109756 -0.007997 -0.004169 0.900000 0.009018
1.583333 0.109756 -0.007012 -0.000235 0.900000 0.007016
1.710000 0.109756 -0.003942 -0.001067 0.900000 0.004084
1.836667 0.109756 -0.006148 0.000943 0.900000 0.006220
1.963333 0.109756 -0.007075 -0.002802 0.900000 0.007610
2.090000 0.109756 -0.003709 -0.000216 0.900000 0.003716
2.216667 0.109756 -0.003283 -0.000855 0.900000 0.003393
2.343333 0.109756 -0.004336 -0.000143 0.900000 0.004339
2.470000 0.109756 -0.003369 0.000785 0.900000 0.003460
2.596667 0.109756 0.000825 -0.000438 0.900000 0.000934
2.723333 0.109756 0.000578 -0.000679 0.900000 0.000891
2.850000 0.109756 -0.010350 0.002179 0.900000 0.010576
2.976667 0.109756 -0.012150 -0.002472 0.900000 0.012399
3.103333 0.109756 -0.003254 -0.008121 0.900000 0.008749
3.230000 0.109756 -0.005345 0.002661 0.900000 0.005971
3.356667 0.109756 -0.008610 -0.010306 0.900000 0.013430
3.483333 0.109756 -0.004232 0.008270 0.900000 0.009290
3.610000 0.109756 -0.001282 -0.000261 0.900000 0.001308
3.736667 0.109756 0.000000 0.000000 0.000000 0.000000
0.063333 0.124390 0.000000 0.000000 0.000000 0.000000
0.190000 0.124390 -0.002296 -0.000482 0.900000 0.002346
0.316667 0.124390 -0.003831 0.003876 0.900000 0.005450
0.443333 0.124390 -0.004999 0.002108 0.900000 0.005425
0.570000 0.124390 -0.005479 0.003679 0.900000 0.006600
0.696667 0.124390 -0.006891 0.003034 0.900000 0.007530
0.823333 0.124390 -0.010199 -0.002442 0.900000 0.010487
0.950000 0.124390 -0.012160 -0.001178 0.900000 0.012217
1.076667 0.124390 -0.014960 -0.004453 0.900000 0.015609
1.203333 0.124390 -0.011210 -0.003102 0.900000 0.011631
1.330000 0.124390 -0.006164 -0.003964 0.899999 0.007328
1.456667 0.124390 -0.008151 -0.004200 0.900000 0.009170
1.583333 0.124390 -0.007173 -0.000837 0.900000 0.007222
1.710000 0.124390 -0.004716 -0.001406 0.900000 0.004922
1.836667 0.124390 -0.006861 0.000733 0.900000 0.006900
1.963333 0.124390 -0.006612 -0.002023 0.900000 0.006914
2.090000 0.124390 -0.002683 -0.000280 0.900000 0.002698
2.216667 0.124390 -0.002438 -0.000925 0.900000 0.002607
2.343333 0.124390 -0.003884 -0.000135 0.900000 0.003887
2.470000 0.124390 -0.002919 0.000754 0.900000 0.003015
2.596667 0.124390 0.001547 -0.000456 0.900000 0.001613
2.723333 0.124390 -0.000596 -0.000625 0.900000 0.000863
2.850000 0.124390 -0.010911 0.002021 0.900000 0.011096
2.976667 0.124390 -0.012888 -0.002899 0.900000 0.013210
3.103333 0.124390 -0.006125 -0.008090 0.900000 0.010147
3.230000 0.124390 -0.005942 0.003447 0.900000 0.006869
3.356667 0.124390 -0.009744 -0.010470 0.900000 0.014303
3.483333 0.124390 -0.005985 0.007913 0.900000 0.009921
3.610000 0.124390 -0.001335 -0.000376 0.900000 0.001387
3.736667 0.124390 0.000000 0.000000 0.000000 0.000000
0.063333 0.139024 0.000000 0.000000 0.000000 0.000000
0.190000 0.139024 -0.002583 0.000040 0.900000 0.002583
0.316667 0.139024 -0.003938 0.003776 0.900000 0.005456
0.443333 0.139024 -0.004567 0.002008 0.900000 0.004989
0.570000 0.139024 -0.004321 0.003546 0.900000 0.005590
0.696667 0.139024 -0.004436 0.002762 0.900000 0.005225
0.823333 0.139024 -0.007330 -0.002128 0.900000 0.007632
0.950000 0.139024 -0.010926 -0.001230 0.900000 0.010995
1.076667 0.139024 -0.015259 -0.004475 0.899999 0.015901
1.203333 0.139024 -0.011666 -0.003652 0.899994 0.012224
1.330000 0.139024 -0.006465 -0.005507 0.899990 0.008493
1.456667 0.139024 -0.008291 -0.004265 0.899999 0.009324
1.583333 0.139024 -0.007354 -0.001398 0.900000 0.007486
1.710000 0.139024 -0.005303 -0.001622 0.900000 0.005545
1.836667 0.139024 -0.007129 0.000397 0.900000 0.007140
1.963333 0.139024 -0.005903 -0.001472 0.900000 0.006084
2.090000 0.139024 -0.001764 -0.000339 0.900000 0.001796
2.216667 0.139024 -0.001682 -0.000958 0.900000 0.001936
2.343333 0.139024 -0.003422 -0.000074 0.900000 0.003422
2.470000 0.139024 -0.002449 0.000571 0.900000 0.002515
2.596667 0.139024 0.002359 -0.000371 0.900000 0.002388
2.723333 0.139024 0.000504 -0.000298 0.900000 0.000586
2.850000 0.139024 -0.009077 0.001526 0.900000 0.009204
2.976667 0.139024 -0.011139 -0.002910 0.900000 0.011513
3.103333 0.139024 -0.006602 -0.007547 0.899999 0.010027
3.230000 0.139024 -0.006542 0.003666 0.900000 0.007500
3.356667 0.139024 -0.011011 -0.010177 0.899997 0.014994
3.483333 0.139024 -0.007871 0.007190 0.900000 0.010661
3.610000 0.139024 -0.001543 -0.000518 0.900000 0.001628
3.736667 0.139024 0.000000 0.000000 0.000000 0.000000
0.063333 0.153659 0.000000 0.000000 0.000000 0.000000
0.190000 0.153659 -0.002835 0.000620 0.900000 0.002902
0.316667 0.153659 -0.003964 0.003551 0.900000 0.005322
0.443333 0.153659 -0.004042 0.001773 0.900000 0.004414
0.570000 0.153659 -0.002782 0.003181 0.900000 0.004226
0.696667 0.153659 -0.001681 0.002382 0.900000 0.002916
0.823333 0.153659 -0.004623 -0.001784 0.899995 0.004955
0.950000 0.153659 -0.009656 -0.001058 0.899999 0.009714
1.076667 0.153659 -0.015442 -0.004400 0.899974 0.016056
1.203333 0.153659 -0.012175 -0.003974 0.899885 0.012807
1.330000 0.153659 -0.006698 -0.006491 0.899876 0.009328
1.456667 0.153659 -0.008399 -0.004333 0.899977 0.009451
1.583333 0.153659 -0.007990 -0.001892 0.899995 0.008210
1.710000 0.153659 -0.005056 -0.001963 0.899997 0.005424
1.836667 0.153659 -0.006008 0.000030 0.900000 0.006008
1.963333 0.153659 -0.005216 -0.001066 0.900000 0.005324
2.090000 0.153659 -0.001170 -0.000396 0.900000 0.001236
2.216667 0.153659 -0.001175 -0.000960 0.900000 0.001517
2.343333 0.153659 -0.003159 0.000034 0.900000 0.003159
2.470000 0.153659 -0.002158 0.000316 0.900000 0.002181
2.596667 0.153659 0.003016 -0.000293 0.900000 0.003031
2.723333 0.153659 0.001598 0.000025 0.900000 0.001598
2.850000 0.153659 -0.007145 0.000918 0.900000 0.007204
2.976667 0.153659 -0.009443 -0.002733 0.899998 0.009831
3.103333 0.153659 -0.007110 -0.006709 0.899985 0.009776
3.230000 0.153659 -0.007152 0.003400 0.900000 0.007918
3.356667 0.153659 -0.012406 -0.009461 0.899968 0.015602
3.483333 0.153659 -0.009775 0.006091 0.900000 0.011517
3.610000 0.153659 -0.001686 -0.000699 0.900000 0.001825
3.736667 0.153659 0.000000 0.000000 0.000000 0.000000
0.063333 0.168293 0.000000 0.000000 0.000000 0.000000
0.190000 0.168293 -0.003559 0.001310 0.900000 0.003793
0.316667 0.168293 -0.004885 0.003196 0.900000 0.005837
0.443333 0.168293 -0.004553 0.001428 0.899991 0.004772
0.570000 0.168293 -0.002838 0.002595 0.899992 0.003845
0.696667 0.168293 -0.001161 0.001957 0.899992 0.002276
0.823333 0.168293 -0.004283 -0.001421 0.899812 0.004512
0.950000 0.168293 -0.008256 -0.000919 0.899958 0.008307
1.076667 0.168293 -0.014421 -0.004097 0.899527 0.014992
1.203333 0.168293 -0.012581 -0.004204 0.898233 0.013265
1.330000 0.168293 -0.006744 -0.006242 0.898691 0.009189
1.456667 0.168293 -0.008473 -0.004392 0.899493 0.009543
1.583333 0.168293 -0.008643 -0.002197 0.899888 0.008918
1.710000 0.168293 -0.006923 -0.002389 0.899902 0.007324
1.836667 0.168293 -0.008205 -0.000353 0.899999 0.008213
1.963333 0.168293 -0.006889 -0.000787 0.899999 0.006934
2.090000 0.168293 -0.002707 -0.000478 0.900000 0.002749
2.216667 0.168293 -0.002635 -0.000937 0.899999 0.002797
2.343333 0.168293 -0.004244 0.000082 0.900000 0.004245
2.470000 0.168293 -0.003230 0.000105 0.900000 0.003232
2.596667 0.168293 0.001130 -0.000273 0.899999 0.001162
2.723333 0.168293 0.000959 0.000140 0.900000 0.000969
2.850000 0.168293 -0.005720 0.000196 0.899999 0.005724
2.976667 0.168293 -0.007888 -0.002409 0.899951 0.008248
3.103333 0.168293 -0.007495 -0.005536 0.899832 0.009318
3.230000 0.168293 -0.007862 0.002674 0.899996 0.008304
3.356667 0.168293 -0.013827 -0.008288 0.899651 0.016121
3.483333 0.168293 -0.011691 0.004588 0.900000 0.012559
3.610000 0.168293 -0.001860 -0.000915 0.899988 0.002073
3.736667 0.168293 0.000000 0.000000 0.000000 0.000000
0.063333 0.182927 0.000000 0.000000 0.000000 0.000000
0.190000 0.182927 -0.004560 0.002179 0.899997 0.005054
0.316667 0.182927 -0.006302 0.002673 0.899935 0.006845
0.443333 0.182927 -0.005351 0.001029 0.898448 0.005449
0.570000 0.182927 -0.003430 0.001852 0.899246 0.003898
0.696667 0.182927 -0.001266 0.001475 0.898985 0.001944
0.823333 0.182927 -0.003894 -0.001110 0.894346 0.004049
0.950000 0.182927 -0.006735 -0.000996 0.897522 0.006808
1.076667 0.182927 -0.013635 -0.003431 0.893291 0.014060
1.203333 0.182927 -0.012724 -0.004656 0.881387 0.013549
1.330000 0.182927 -0.006193 -0.005479 0.887198 0.008269
1.456667 0.182927 -0.008169 -0.004427 0.892093 0.009291
1.583333 0.182927 -0.008521 -0.002357 0.897086 0.008841
1.710000 0.182927 -0.008233 -0.002604 0.897692 0.008635
1.836667 0.182927 -0.010418 -0.000857 0.899793 0.010453
1.963333 0.182927 -0.008507 -0.000646 0.899913 0.008532
2.090000 0.182927 -0.004125 -0.000605 0.899980 0.004169
2.216667 0.182927 -0.004004 -0.000874 0.899938 0.004098
2.343333 0.182927 -0.005333 -0.000028 0.899994 0.005333
2.470000 0.182927 -0.004252 0.000026 0.900000 0.004252
2.596667 0.182927 -0.000699 -0.000267 0.899967 0.000748
2.723333 0.182927 -0.000055 -0.000087 0.899940 0.000103
2.850000 0.182927 -0.006641 -0.000448 0.899912 0.006656
2.976667 0.182927 -0.008519 -0.002214 0.898829 0.008802
3.103333 0.182927 -0.008088 -0.004009 0.898351 0.009027
3.230000 0.182927 -0.008659 0.001511 0.899905 0.008789
3.356667 0.182927 -0.014888 -0.006690 0.896740 0.016322
3.483333 0.182927 -0.013183 0.002796 0.899996 0.013476
3.610000 0.182927 -0.002050 -0.001173 0.899503 0.002362
3.736667 0.182927 0.000000 0.000000 0.000000 0.000000
0.063333 0.197561 0.000000 0.000000 0.000000 0.000000
0.190000 0.197561 -0.002229 0.002948 0.716035 0.003696
0.316667 0.197561 -0.001316 0.002170 0.735827 0.002538
0.443333 0.197561 -0.000449 0.000847 0.750470 0.000958
0.570000 0.197561 0.000838 0.001300 0.774204 0.001547
0.696667 0.197561 0.002733 0.001140 0.788386 0.002962
0.823333 0.197561 0.000655 -0.000653 0.795034 0.000925
0.950000 0.197561 -0.002147 -0.000915 0.809315 0.002334
1.076667 0.197561 -0.006186 -0.002819 0.817664 0.006798
1.203333 0.197561 -0.005943 -0.005028 0.790752 0.007785
1.330000 0.197561 -0.003392 -0.004942 0.808877 0.005994
1.456667 0.197561 -0.005351 -0.004310 0.825319 0.006871
1.583333 0.197561 -0.006107 -0.002334 0.849350 0.006538
1.710000 0.197561 -0.005294 -0.002206 0.861427 0.005735
1.836667 0.197561 -0.007717 -0.001024 0.884296 0.007785
1.963333 0.197561 -0.006982 -0.000370 0.891909 0.006992
2.090000 0.197561 -0.002711 -0.000512 0.894761 0.002758
2.216667 0.197561 -0.002912 -0.000530 0.895949 0.002960
2.343333 0.197561 -0.004979 -0.000024 0.897994 0.004979
2.470000 0.197561 -0.003944 0.000064 0.899869 0.003944
2.596667 0.197561 -0.000253 -0.000247 0.898017 0.000354
2.723333 0.197561 0.000212 -0.000457 0.895372 0.000504
2.850000 0.197561 -0.008006 -0.000747 0.894720 0.008040
2.976667 0.197561 -0.012263 -0.002136 0.880908 0.012448
3.103333 0.197561 -0.010886 -0.002576 0.884151 0.011186
3.230000 0.197561 -0.009785 0.000138 0.895768 0.009786
3.356667 0.197561 -0.015751 -0.004911 0.874366 0.016499
3.483333 0.197561 -0.013707 0.000947 0.899587 0.013739
3.610000 0.197561 -0.002251 -0.001487 0.888601 0.002698
3.736667 0.197561 0.000000 0.000000 0.000000 0.000000
0.063333 0.212195 0.000000 0.000000 0.000000 0.000000
0.190000 0.212195 0.000064 0.003270 0.615260 0.003271
0.316667 0.212195 0.003409 0.001786 0.609273 0.003849
0.443333 0.212195 0.004711 0.000781 0.602277 0.004776
0.570000 0.212195 0.005752 0.001024 0.608614 0.005842
0.696667 0.212195 0.006814 0.000831 0.608755 0.006865
0.823333 0.212195 0.005556 -0.000265 0.600090 0.005562
0.950000 0.212195 0.003187 -0.000764 0.601754 0.003277
1.076667 0.212195 0.002475 -0.003015 0.603775 0.003901
1.203333 0.212195 0.001780 -0.004970 0.600597 0.005279
1.330000 0.212195 -0.000361 -0.004858 0.601587 0.004871
1.456667 0.212195 -0.002286 -0.004514 0.601375 0.005060
1.583333 0.212195 -0.002909 -0.002402 0.602921 0.003773
1.710000 0.212195 -0.000496 -0.001270 0.602583 0.001363
1.836667 0.212195 -0.002337 -0.000712 0.607414 0.002443
1.963333 0.212195 -0.002307 0.000109 0.613550 0.002310
2.090000 0.212195 0.002312 -0.000163 0.615792 0.002318
2.216667 0.212195 0.003184 -0.000026 0.616726 0.003184
2.343333 0.212195 0.001506 0.000186 0.634376 0.001517
2.470000 0.212195 0.002360 0.000132 0.648276 0.002364
2.596667 0.212195 0.006405 -0.000362 0.660002 0.006416
2.723333 0.212195 0.006907 -0.000926 0.675940 0.006969
2.850000 0.212195 -0.002888 -0.000791 0.697836 0.002995
2.976667 0.212195 -0.010386 -0.001823 0.706344 0.010545
3.103333 0.212195 -0.008719 -0.001678 0.726982 0.008879
3.230000 0.212195 -0.007312 -0.000936 0.756717 0.007371
3.356667 0.212195 -0.013389 -0.003264 0.750005 0.013782
3.483333 0.212195 -0.011501 -0.000640 0.791698 0.011519
3.610000 0.212195 -0.002091 -0.001817 0.780290 0.002771
3.736667 0.212195 0.000000 0.000000 0.000000 0.000000
0.063333 0.226829 0.000000 0.000000 0.000000 0.000000
0.190000 0.226829 0.000272 0.003323 0.601147 0.003334
0.316667 0.226829 0.003750 0.001438 0.600289 0.004016
0.443333 0.226829 0.005685 0.000533 0.600020 0.005710
0.570000 0.226829 0.007293 0.000821 0.600199 0.007339
0.696667 0.226829 0.006790 0.000527 0.600126 0.006811
0.823333 0.226829 0.005592 -0.000306 0.600001 0.005600
0.950000 0.226829 0.003357 -0.000625 0.600013 0.003415
1.076667 0.226829 0.000643 -0.003642 0.600014 0.003698
1.203333 0.226829 0.000290 -0.004908 0.600005 0.004917
1.330000 0.226829 -0.000833 -0.005122 0.600013 0.005189
1.456667 0.226829 -0.002780 -0.005507 0.600005 0.006169
1.583333 0.226829 -0.002842 -0.002985 0.600050 0.004122
1.710000 0.226829 0.000605 -0.000674 0.600014 0.000906
1.836667 0.226829 -0.000583 -0.000554 0.600101 0.000804
1.963333 0.226829 -0.000565 0.000372 0.600352 0.000677
2.090000 0.226829 0.003803 0.000005 0.600307 0.003803
2.216667 0.226829 0.005732 0.000060 0.600234 0.005732
2.343333 0.226829 0.005281 0.000323 0.600803 0.005291
2.470000 0.226829 0.006358 0.000200 0.600765 0.006361
2.596667 0.226829 0.011111 -0.000657 0.600077 0.011131
2.723333 0.226829 0.011194 -0.001326 0.600011 0.011273
2.850000 0.226829 0.001030 -0.000784 0.601505 0.001294
2.976667 0.226829 -0.005872 -0.001233 0.600013 0.006000
3.103333 0.226829 -0.004203 -0.000951 0.600061 0.004309
3.230000 0.226829 -0.004430 -0.001337 0.604373 0.004628
3.356667 0.226829 -0.010547 -0.001790 0.600042 0.010698
3.483333 0.226829 -0.008880 -0.001656 0.600961 0.009033
3.610000 0.226829 -0.001737 -0.001989 0.600000 0.002641
3.736667 0.226829 0.000000 0.000000 0.000000 0.000000
0.063333 0.241463 0.000000 0.000000 0.000000 0.000000
0.190000 0.241463 0.000631 0.003321 0.600060 0.003380
0.316667 0.241463 0.004405 0.001136 0.600005 0.004549
0.443333 0.241463 0.006524 0.000190 0.600000 0.006527
0.570000 0.241463 0.009180 0.000582 0.600003 0.009198
0.696667 0.241463 0.007767 0.000580 0.600001 0.007788
0.823333 0.241463 0.005890 -0.000634 0.600000 0.005924
0.950000 0.241463 0.003384 -0.000156 0.600000 0.003388
1.076667 0.241463 -0.000530 -0.004171 0.600000 0.004204
1.203333 0.241463 -0.000297 -0.005095 0.600000 0.005104
1.330000 0.241463 -0.001102 -0.005400 0.600000 0.005511
1.456667 0.241463 -0.003218 -0.006373 0.600000 0.007140
1.583333 0.241463 -0.002589 -0.003924 0.600001 0.004702
1.710000 0.241463 0.001438 -0.000482 0.600000 0.001517
1.836667 0.241463 0.000267 -0.000643 0.600001 0.000697
1.963333 0.241463 0.000224 0.000448 0.600005 0.000501
2.090000 0.241463 0.004342 -0.000009 0.600006 0.004342
2.216667 0.241463 0.006209 -0.000177 0.600003 0.006211
2.343333 0.241463 0.005749 0.000380 0.600015 0.005761
2.470000 0.241463 0.006777 0.000319 0.600010 0.006784
2.596667 0.241463 0.011836 -0.001014 0.600000 0.011879
2.723333 0.241463 0.010922 -0.001412 0.600000 0.011013
2.850000 0.241463 0.000930 -0.000933 0.600037 0.001317
2.976667 0.241463 -0.004977 -0.000511 0.600000 0.005003
3.103333 0.241463 -0.004042 -0.000126 0.600001 0.004044
3.230000 0.241463 -0.004904 -0.001243 0.600105 0.005059
3.356667 0.241463 -0.010693 -0.000461 0.600000 0.010703
3.483333 0.241463 -0.008677 -0.002299 0.600002 0.008976
3.610000 0.241463 -0.001839 -0.002032 0.600000 0.002741
3.736667 0.241463 0.000000 0.000000 0.000000 0.000000
0.063333 0.256098 0.000000 0.000000 0.000000 0.000000
0.190000 0.256098 0.000418 0.003308 0.600002 0.003335
0.316667 0.256098 0.003901 0.000855 0.600000 0.003993
0.443333 0.256098 0.005961 -0.000176 0.600000 0.005964
0.570000 0.256098 0.009313 0.000176 0.600000 0.009315
0.696667 0.256098 0.007795 0.000895 0.600000 0.007846
0.823333 0.256098 0.005217 -0.001087 0.600000 0.005329
0.950000 0.256098 0.005030 0.000241 0.600000 0.005036
1.076667 0.256098 0.001191 -0.004342 0.600000 0.004503
1.203333 0.256098 -0.000472 -0.005435 0.600000 0.005455
1.330000 0.256098 -0.001297 -0.005643 0.600000 0.005790
1.456667 0.256098 -0.004336 -0.006373 0.600000 0.007708
1.583333 0.256098 -0.003022 -0.004448 0.600000 0.005377
1.710000 0.256098 0.002272 -0.000288 0.600000 0.002291
1.836667 0.256098 0.000204 -0.000640 0.600000 0.000672
1.963333 0.256098 -0.000900 0.000589 0.600000 0.001075
2.090000 0.256098 0.002795 0.000019 0.600000 0.002795
2.216667 0.256098 0.004492 -0.000412 0.600000 0.004511
2.343333 0.256098 0.004643 0.000385 0.600000 0.004659
2.470000 0.256098 0.005559 0.000583 0.600000 0.005590
2.596667 0.256098 0.009638 -0.001341 0.600000 0.009731
2.723333 0.256098 0.009932 -0.001502 0.600000 0.010045
2.850000 0.256098 0.001666 -0.001252 0.600000 0.002084
2.976667 0.256098 -0.003857 0.000202 0.600000 0.003863
3.103333 0.256098 -0.003658 0.000761 0.600000 0.003736
3.230000 0.256098 -0.005339 -0.000949 0.600002 0.005422
3.356667 0.256098 -0.011012 0.000755 0.600000 0.011038
3.483333 0.256098 -0.008959 -0.002905 0.600000 0.009418
3.610000 0.256098 -0.001980 -0.002108 0.600000 0.002892
3.736667 0.256098 0.000000 0.000000 0.000000 0.000000
0.063333 0.270732 0.000000 0.000000 0.000000 0.000000
0.190000 0.270732 0.000131 0.003363 0.600000 0.003365
0.316667 0.270732 0.003249 0.000597 0.600000 0.003304
0.443333 0.270732 0.005280 -0.000541 0.600000 0.005307
0.570000 0.270732 0.008882 -0.000326 0.600000 0.008888
0.696667 0.270732 0.007199 0.001339 0.600000 0.007323
0.823333 0.270732 0.004260 -0.001538 0.600000 0.004529
0.950000 0.270732 0.006504 0.000139 0.600000 0.006505
1.076667 0.270732 0.003239 -0.003789 0.600000 0.004984
1.203333 0.270732 -0.000570 -0.005782 0.600000 0.005810
1.330000 0.270732 -0.001679 -0.005847 0.600000 0.006084
1.456667 0.270732 -0.005476 -0.005935 0.600000 0.008075
1.583333 0.270732 -0.003629 -0.004041 0.600000 0.005431
1.710000 0.270732 0.003158 -0.000112 0.600000 0.003160
1.836667 0.270732 0.000206 -0.000407 0.600000 0.000456
1.963333 0.270732 -0.002064 0.000800 0.600000 0.002214
2.090000 0.270732 0.001277 0.000119 0.600000 0.001282
2.216667 0.270732 0.002823 -0.000645 0.600000 0.002895
2.343333 0.270732 0.003594 0.000281 0.600000 0.003605
2.470000 0.270732 0.004414 0.001065 0.600000 0.004540
2.596667 0.270732 0.007435 -0.001514 0.600000 0.007587
2.723333 0.270732 0.008867 -0.001881 0.600000 0.009065
2.850000 0.270732 0.000565 -0.001384 0.600000 0.001495
2.976667 0.270732 -0.004273 0.000550 0.600000 0.004309
3.103333 0.270732 -0.003021 0.001816 0.600000 0.003525
3.230000 0.270732 -0.005810 -0.000511 0.600000 0.005832
3.356667 0.270732 -0.011264 0.001961 0.600000 0.011433
3.483333 0.270732 -0.009233 -0.003499 0.600000 0.009874
3.610000 0.270732 -0.002163 -0.002225 0.600000 0.003103
3.736667 0.270732 0.000000 0.000000 0.000000 0.000000
0.063333 0.285366 0.000000 0.000000 0.000000 0.000000
0.190000 0.285366 -0.000152 0.003495 0.600000 0.003498
0.316667 0.285366 0.002657 0.000361 0.600000 0.002681
0.443333 0.285366 0.004673 -0.000902 0.600000 0.004759
0.570000 0.285366 0.008096 -0.000823 0.600000 0.008138
0.696667 0.285366 0.007617 0.001685 0.600000 0.007801
0.823333 0.285366 0.004727 -0.001819 0.600000 0.005065
0.950000 0.285366 0.005599 -0.000189 0.600000 0.005602
1.076667 0.285366 0.002799 -0.003012 0.600000 0.004111
1.203333 0.285366 -0.000859 -0.006012 0.600000 0.006073
1.330000 0.285366 -0.001694 -0.006098 0.600000 0.006329
1.456667 0.285366 -0.005587 -0.005422 0.600000 0.007785
1.583333 0.285366 -0.003749 -0.003401 0.600000 0.005062
1.710000 0.285366 0.004096 0.000007 0.600000 0.004096
1.836667 0.285366 0.001017 0.000014 0.600000 0.001017
1.963333 0.285366 -0.001611 0.001033 0.600000 0.001914
2.090000 0.285366 0.001859 0.000276 0.600000 0.001880
2.216667 0.285366 0.003408 -0.000860 0.600000 0.003515
2.343333 0.285366 0.004036 0.000169 0.600000 0.004040
2.470000 0.285366 0.004824 0.001553 0.600000 0.005068
2.596667 0.285366 0.007921 -0.001548 0.600000 0.008071
2.723333 0.285366 0.009363 -0.002414 0.600000 0.009669
2.850000 0.285366 -0.000364 -0.001140 0.600000 0.001197
2.976667 0.285366 -0.005486 0.000391 0.600000 0.005500
3.103333 0.285366 -0.003402 0.002987 0.600000 0.004527
3.230000 0.285366 -0.006675 0.000066 0.600000 0.006675
3.356667 0.285366 -0.011765 0.003097 0.600000 0.012166
3.483333 0.285366 -0.008982 -0.004148 0.600000 0.009894
3.610000 0.285366 -0.001911 -0.002355 0.600000 0.003033
3.736667 0.285366 0.000000 0.000000 0.000000 0.000000
0.063333 0.300000 0.000000 0.000000 0.000000 0.000000
0.190000 0.300000 -0.000318 0.003697 0.600000 0.003710
0.316667 0.300000 0.002257 0.000146 0.600000 0.002261
0.443333 0.300000 0.004208 -0.001252 0.600000 0.004390
0.570000 0.300000 0.007271 -0.001249 0.600000 0.007378
0.696667 0.300000 0.007965 0.001733 0.600000 0.008152
0.823333 0.300000 0.005440 -0.001790 0.600000 0.005727
0.950000 0.300000 0.004880 -0.000419 0.600000 0.004898
1.076667 0.300000 0.002182 -0.002443 0.600000 0.003275
1.203333 0.300000 -0.001286 -0.006107 0.600000 0.006240
1.330000 0.300000 -0.001673 -0.006439 0.600000 0.006653
1.456667 0.300000 -0.005067 -0.004865 0.600000 0.007025
1.583333 0.300000 -0.003373 -0.003035 0.600000 0.004538
1.710000 0.300000 0.004858 0.000092 0.600000 0.004859
1.836667 0.300000 0.001745 0.000553 0.600000 0.001830
1.963333 0.300000 -0.001133 0.001242 0.600000 0.001682
2.090000 0.300000 0.002643 0.000455 0.600000 0.002682
2.216667 0.300000 0.004172 -0.001017 0.600000 0.004294
2.343333 0.300000 0.004627 0.000126 0.600000 0.004629
2.470000 0.300000 0.005380 0.001854 0.600000 0.005690
2.596667 0.300000 0.008562 -0.001535 0.600000 0.008698
2.723333 0.300000 0.008092 -0.002687 0.600000 0.008526
2.850000 0.300000 -0.001314 -0.000982 0.600000 0.001640
2.976667 0.300000 -0.005134 0.000152 0.600000 0.005136
3.103333 0.300000 -0.004159 0.004198 0.600000 0.005909
3.230000 0.300000 -0.007613 0.000730 0.600000 0.007648
3.356667 0.300000 -0.012214 0.004080 0.600000 0.012877
3.483333 0.300000 -0.008635 -0.004914 0.600000 0.009935
3.610000 0.300000 -0.001625 -0.002455 0.600000 0.002944
3.736667 0.300000 0.000000 0.000000 0.000000 0.000000
0.063333 0.314634 0.000000 0.000000 0.000000 0.000000
0.190000 0.314634 0.000124 0.003810 0.600000 0.003812
0.316667 0.314634 0.002950 -0.000137 0.600000 0.002953
0.443333 0.314634 0.004937 -0.001619 0.600000 0.005196
0.570000 0.314634 0.006791 -0.001447 0.600000 0.006944
0.696667 0.314634 0.006494 0.001612 0.600000 0.006691
0.823333 0.314634 0.005826 -0.001737 0.600000 0.006080
0.950000 0.314634 0.005247 -0.000388 0.600000 0.005261
1.076667 0.314634 0.001528 -0.002048 0.600000 0.002555
1.203333 0.314634 -0.001492 -0.006109 0.600000 0.006288
1.330000 0.314634 -0.001812 -0.006774 0.600000 0.007012
1.456667 0.314634 -0.004952 -0.004346 0.600000 0.006589
1.583333 0.314634 -0.003114 -0.002775 0.600000 0.004171
1.710000 0.314634 0.004092 0.000339 0.600000 0.004106
1.836667 0.314634 0.001244 0.001017 0.600000 0.001607
1.963333 0.314634 -0.000464 0.001440 0.600000 0.001513
2.090000 0.314634 0.003347 0.000656 0.600000 0.003411
2.216667 0.314634 0.004836 -0.001087 0.600000 0.004957
2.343333 0.314634 0.005240 0.000141 0.600000 0.005242
2.470000 0.314634 0.005951 0.002094 0.600000 0.006309
2.596667 0.314634 0.009289 -0.001443 0.600000 0.009401
2.723333 0.314634 0.007239 -0.002448 0.600000 0.007641
2.850000 0.314634 -0.001800 -0.001325 0.600000 0.002235
2.976667 0.314634 -0.004014 0.000091 0.600000 0.004015
3.103333 0.314634 -0.004388 0.004577 0.600000 0.006341
3.230000 0.314634 -0.008256 0.001372 0.600000 0.008369
3.356667 0.314634 -0.012248 0.004981 0.600000 0.013222
3.483333 0.314634 -0.008535 -0.005721 0.600000 0.010275
3.610000 0.314634 -0.001644 -0.002536 0.600000 0.003022
3.736667 0.314634 0.000000 0.000000 0.000000 0.000000
0.063333 0.329268 0.000000 0.000000 0.000000 0.000000
0.190000 0.329268 0.000540 0.003685 0.600000 0.003724
0.316667 0.329268 0.003592 -0.000573 0.600000 0.003637
0.443333 0.329268 0.005599 -0.002031 0.600000 0.005956
0.570000 0.329268 0.006615 -0.001323 0.600000 0.006746
0.696667 0.329268 0.006116 0.001424 0.600000 0.006279
0.823333 0.329268 0.006927 -0.001825 0.600000 0.007164
0.950000 0.329268 0.005731 0.000017 0.600000 0.005731
1.076667 0.329268 0.000926 -0.001772 0.600000 0.001999
1.203333 0.329268 -0.001865 -0.005912 0.600000 0.006199
1.330000 0.329268 -0.001957 -0.007002 0.600000 0.007270
1.456667 0.329268 -0.005419 -0.003778 0.600000 0.006606
1.583333 0.329268 -0.003489 -0.002681 0.600000 0.004400
1.710000 0.329268 0.003403 0.000858 0.600000 0.003510
1.836667 0.329268 0.000922 0.001215 0.600000 0.001526
1.963333 0.329268 0.000194 0.001675 0.600000 0.001686
2.090000 0.329268 0.003726 0.000903 0.600000 0.003834
2.216667 0.329268 0.005209 -0.001067 0.600000 0.005317
2.343333 0.329268 0.005652 0.000216 0.600000 0.005657
2.470000 0.329268 0.006323 0.002421 0.600000 0.006770
2.596667 0.329268 0.009701 -0.001189 0.600000 0.009773
2.723333 0.329268 0.008204 -0.001996 0.600000 0.008443
2.850000 0.329268 -0.000236 -0.001917 0.600000 0.001931
2.976667 0.329268 -0.002891 0.000190 0.600000 0.002897
3.103333 0.329268 -0.004655 0.003373 0.600000 0.005748
3.230000 0.329268 -0.008593 0.001978 0.600000 0.008817
3.356667 0.329268 -0.011902 0.005900 0.600000 0.013284
3.483333 0.329268 -0.008360 -0.006507 0.600000 0.010594
3.610000 0.329268 -0.001632 -0.002614 0.600000 0.003082
3.736667 0.329268 0.000000 0.000000 0.000000 0.000000
0.063333 0.343902 0.000000 0.000000 0.000000 0.000000
0.190000 0.343902 0.000413 0.003469 0.600000 0.003493
0.316667 0.343902 0.003160 -0.001048 0.600000 0.003329
0.443333 0.343902 0.005032 -0.002455 0.600000 0.005599
0.570000 0.343902 0.006298 -0.001054 0.600000 0.006385
0.696667 0.343902 0.006215 0.001197 0.600000 0.006330
0.823333 0.343902 0.006809 -0.001832 0.600000 0.007051
0.950000 0.343902 0.006240 0.000554 0.600000 0.006265
1.076667 0.343902 0.001577 -0.001429 0.600000 0.002128
1.203333 0.343902 -0.002276 -0.005355 0.600000 0.005819
1.330000 0.343902 -0.002193 -0.007086 0.600000 0.007418
1.456667 0.343902 -0.005090 -0.003112 0.600000 0.005966
1.583333 0.343902 -0.003681 -0.002702 0.600000 0.004567
1.710000 0.343902 0.003728 0.001355 0.600000 0.003967
1.836667 0.343902 0.001040 0.001456 0.600000 0.001789
1.963333 0.343902 -0.001431 0.001972 0.600000 0.002437
2.090000 0.343902 0.001655 0.001236 0.600000 0.002066
2.216667 0.343902 0.002586 -0.000902 0.600000 0.002739
2.343333 0.343902 0.003820 0.000246 0.600000 0.003828
2.470000 0.343902 0.004915 0.002947 0.600000 0.005731
2.596667 0.343902 0.007376 -0.000821 0.600000 0.007422
2.723333 0.343902 0.007581 -0.001779 0.600000 0.007787
2.850000 0.343902 0.001009 -0.002532 0.600000 0.002726
2.976667 0.343902 -0.001721 0.000395 0.600000 0.001766
3.103333 0.343902 -0.004555 0.001740 0.600000 0.004876
3.230000 0.343902 -0.008753 0.002563 0.600000 0.009120
3.356667 0.343902 -0.011317 0.006837 0.600000 0.013222
3.483333 0.343902 -0.008125 -0.007257 0.600000 0.010894
3.610000 0.343902 -0.001683 -0.002695 0.600000 0.003177
3.736667 0.343902 0.000000 0.000000 0.000000 0.000000
0.063333 0.358537 0.000000 0.000000 0.000000 0.000000
0.190000 0.358537 0.000233 0.003316 0.600000 0.003324
0.316667 0.358537 0.002685 -0.001467 0.600000 0.003060
0.443333 0.358537 0.004482 -0.002858 0.600000 0.005316
0.570000 0.358537 0.005681 -0.000724 0.600000 0.005727
0.696667 0.358537 0.005082 0.001081 0.600000 0.005196
0.823333 0.358537 0.005764 -0.001726 0.600000 0.006017
0.950000 0.358537 0.006625 0.001026 0.600000 0.006704
1.076667 0.358537 0.002197 -0.000898 0.600000 0.002373
1.203333 0.358537 -0.002679 -0.004493 0.600000 0.005231
1.330000 0.358537 -0.002500 -0.007014 0.599999 0.007446
1.456667 0.358537 -0.004811 -0.002335 0.600000 0.005348
1.583333 0.358537 -0.004016 -0.002544 0.599998 0.004753
1.710000 0.358537 0.002189 0.001776 0.600000 0.002818
1.836667 0.358537 -0.000733 0.001862 0.600000 0.002001
1.963333 0.358537 -0.003178 0.002320 0.600000 0.003934
2.090000 0.358537 -0.000315 0.001688 0.600000 0.001717
2.216667 0.358537 -0.000035 -0.000483 0.600000 0.000484
2.343333 0.358537 0.001889 0.000122 0.600000 0.001893
2.470000 0.358537 0.003486 0.003779 0.600000 0.005141
2.596667 0.358537 0.005097 -0.000427 0.600000 0.005115
2.723333 0.358537 0.006955 -0.001940 0.600000 0.007220
2.850000 0.358537 -0.000014 -0.002930 0.600000 0.002930
2.976667 0.358537 -0.002525 0.000363 0.600000 0.002551
3.103333 0.358537 -0.004206 0.000610 0.600000 0.004250
3.230000 0.358537 -0.009217 0.003167 0.600000 0.009745
3.356667 0.358537 -0.010918 0.007325 0.600000 0.013148
3.483333 0.358537 -0.007698 -0.007918 0.600000 0.011043
3.610000 0.358537 -0.001704 -0.002780 0.600000 0.003261
3.736667 0.358537 0.000000 0.000000 0.000000 0.000000
0.063333 0.373171 0.000000 0.000000 0.000000 0.000000
0.190000 0.373171 0.000074 0.003229 0.600000 0.003230
0.316667 0.373171 0.002342 -0.001853 0.600000 0.002986
0.443333 0.373171 0.004108 -0.003225 0.600000 0.005223
0.570000 0.373171 0.004921 -0.000222 0.600000 0.004926
0.696667 0.373171 0.003663 0.001151 0.600000 0.003839
0.823333 0.373171 0.004750 -0.001590 0.600000 0.005009
0.950000 0.373171 0.006097 0.001630 0.600000 0.006311
1.076667 0.373171 0.001841 -0.000276 0.600000 0.001862
1.203333 0.373171 -0.003352 -0.003330 0.600000 0.004725
1.330000 0.373171 -0.003078 -0.006800 0.599982 0.007464
1.456667 0.373171 -0.002629 -0.001433 0.600000 0.002994
1.583333 0.373171 -0.001789 -0.002878 0.599980 0.003389
1.710000 0.373171 0.001204 0.002399 0.600000 0.002684
1.836667 0.373171 -0.001745 0.002119 0.600000 0.002745
1.963333 0.373171 -0.002957 0.002688 0.600000 0.003997
2.090000 0.373171 0.000204 0.002236 0.600000 0.002246
2.216667 0.373171 0.000390 0.000251 0.600000 0.000464
2.343333 0.373171 0.002138 -0.000014 0.600000 0.002138
2.470000 0.373171 0.003852 0.004753 0.600000 0.006118
2.596667 0.373171 0.005321 -0.000020 0.600000 0.005321
2.723333 0.373171 0.007607 -0.002312 0.599998 0.007951
2.850000 0.373171 -0.001186 -0.002835 0.599999 0.003073
2.976667 0.373171 -0.005548 0.000060 0.599999 0.005548
3.103333 0.373171 -0.005987 -0.000326 0.600000 0.005996
3.230000 0.373171 -0.009111 0.003779 0.600000 0.009864
3.356667 0.373171 -0.009507 0.007019 0.600000 0.011818
3.483333 0.373171 -0.006522 -0.008402 0.600000 0.010636
3.610000 0.373171 -0.001349 -0.002826 0.600000 0.003132
3.736667 0.373171 0.000000 0.000000 0.000000 0.000000
0.063333 0.387805 0.000000 0.000000 0.000000 0.000000
0.190000 0.387805 0.000032 0.003190 0.600000 0.003190
0.316667 0.387805 0.002203 -0.002215 0.600000 0.003124
0.443333 0.387805 0.003970 -0.003553 0.599994 0.005327
0.570000 0.387805 0.004255 0.000560 0.600000 0.004292
0.696667 0.387805 0.002212 0.001413 0.600000 0.002625
0.823333 0.387805 0.003898 -0.001395 0.599977 0.004140
0.950000 0.387805 0.005719 0.002593 0.599996 0.006279
1.076667 0.387805 0.001569 0.000365 0.600000 0.001611
1.203333 0.387805 -0.003666 -0.001759 0.599990 0.004066
1.330000 0.387805 -0.003352 -0.006388 0.599669 0.007214
1.456667 0.387805 -0.000388 -0.000457 0.599999 0.000600
1.583333 0.387805 0.000466 -0.004495 0.599827 0.004519
1.710000 0.387805 0.001733 0.003085 0.600000 0.003539
1.836667 0.387805 -0.001197 0.002279 0.600000 0.002574
1.963333 0.387805 -0.002659 0.003055 0.600000 0.004049
2.090000 0.387805 0.000919 0.002858 0.600000 0.003002
2.216667 0.387805 0.000935 0.001358 0.600000 0.001649
2.343333 0.387805 0.002515 -0.000026 0.599987 0.002515
2.470000 0.387805 0.004419 0.005687 0.600000 0.007202
2.596667 0.387805 0.005552 0.000468 0.599997 0.005571
2.723333 0.387805 0.008164 -0.002744 0.599963 0.008613
2.850000 0.387805 -0.000269 -0.002470 0.599979 0.002485
2.976667 0.387805 -0.006464 0.000013 0.599983 0.006464
3.103333 0.387805 -0.007855 -0.001248 0.600000 0.007954
3.230000 0.387805 -0.009050 0.004372 0.600000 0.010050
3.356667 0.387805 -0.007930 0.006359 0.600000 0.010165
3.483333 0.387805 -0.005196 -0.008647 0.600000 0.010089
3.610000 0.387805 -0.001011 -0.002794 0.600000 0.002971
3.736667 0.387805 0.000000 0.000000 0.000000 0.000000
0.063333 0.402439 0.000000 0.000000 0.000000 0.000000
0.190000 0.402439 0.000438 0.003130 0.600000 0.003160
0.316667 0.402439 0.002882 -0.002541 0.600000 0.003843
0.443333 0.402439 0.005184 -0.003910 0.599856 0.006493
0.570000 0.402439 0.005609 0.001732 0.599998 0.005870
0.696667 0.402439 0.001888 0.002049 0.599979 0.002786
0.823333 0.402439 0.003973 -0.001161 0.598721 0.004139
0.950000 0.402439 0.006072 0.004175 0.599686 0.007369
1.076667 0.402439 0.000948 0.001059 0.599948 0.001421
1.203333 0.402439 -0.004324 0.000331 0.599690 0.004337
1.330000 0.402439 -0.003603 -0.005776 0.594969 0.006808
1.456667 0.402439 -0.000635 0.000865 0.599972 0.001073
1.583333 0.402439 0.000871 -0.006797 0.598282 0.006853
1.710000 0.402439 0.003041 0.003729 0.599979 0.004812
1.836667 0.402439 -0.000600 0.002509 0.600000 0.002579
1.963333 0.402439 -0.002189 0.003398 0.599999 0.004042
2.090000 0.402439 0.002028 0.003589 0.600000 0.004122
2.216667 0.402439 0.001591 0.003006 0.599999 0.003401
2.343333 0.402439 0.003315 0.000011 0.599419 0.003315
2.470000 0.402439 0.005654 0.006796 0.599950 0.008840
2.596667 0.402439 0.006238 0.001061 0.599773 0.006327
2.723333 0.402439 0.008011 -0.003053 0.599560 0.008573
2.850000 0.402439 0.000091 -0.002260 0.599763 0.002262
2.976667 0.402439 -0.004924 0.000360 0.599573 0.004937
3.103333 0.402439 -0.007671 -0.001943 0.599987 0.007913
3.230000 0.402439 -0.007266 0.004877 0.600000 0.008751
3.356667 0.402439 -0.004993 0.005866 0.600000 0.007703
3.483333 0.402439 -0.004368 -0.008709 0.600000 0.009742
3.610000 0.402439 -0.000916 -0.002712 0.600000 0.002862
3.736667 0.402439 0.000000 0.000000 0.000000 0.000000
0.063333 0.417073 0.000000 0.000000 0.000000 0.000000
0.190000 0.417073 0.000799 0.003001 0.600000 0.003106
0.316667 0.417073 0.003399 -0.002814 0.600000 0.004413
0.443333 0.417073 0.000938 -0.003747 0.598065 0.003862
0.570000 0.417073 0.003206 0.001589 0.558847 0.003579
0.696667 0.417073 0.011972 0.001970 0.556886 0.012133
0.823333 0.417073 0.011278 -0.000886 0.550808 0.011313
0.950000 0.417073 0.008203 0.004517 0.553914 0.009364
1.076667 0.417073 0.010422 0.001116 0.555045 0.010481
1.203333 0.417073 0.012460 0.001268 0.550339 0.012524
1.330000 0.417073 0.004263 -0.004839 0.549999 0.006449
1.456667 0.417073 -0.000078 0.000764 0.554218 0.000768
1.583333 0.417073 -0.007660 -0.007804 0.550977 0.010936
1.710000 0.417073 -0.009162 0.002728 0.559319 0.009559
1.836667 0.417073 -0.001318 0.002680 0.598274 0.002987
1.963333 0.417073 -0.009390 0.004559 0.596089 0.010438
2.090000 0.417073 -0.011375 0.003262 0.556688 0.011833
2.216667 0.417073 -0.006547 0.003178 0.554124 0.007278
2.343333 0.417073 -0.010619 -0.000149 0.551164 0.010620
2.470000 0.417073 -0.010436 0.006156 0.558830 0.012116
2.596667 0.417073 -0.007279 0.000940 0.552913 0.007340
2.723333 0.417073 -0.012870 -0.003616 0.555240 0.013368
2.850000 0.417073 -0.016301 -0.003220 0.559689 0.016616
2.976667 0.417073 -0.017909 -0.000099 0.556837 0.017909
3.103333 0.417073 -0.020592 -0.003069 0.560500 0.020820
3.230000 0.417073 -0.011404 0.003426 0.564482 0.011907
3.356667 0.417073 -0.003523 0.005590 0.597927 0.006608
3.483333 0.417073 -0.003482 -0.008635 0.600000 0.009310
3.610000 0.417073 -0.000807 -0.002605 0.600000 0.002727
3.736667 0.417073 0.000000 0.000000 0.000000 0.000000
0.063333 0.431707 0.000000 0.000000 0.000000 0.000000
0.190000 0.431707 0.000780 0.002852 0.600000 0.002956
0.316667 0.431707 0.003073 -0.003016 0.600000 0.004306
0.443333 0.431707 0.002965 -0.003301 0.599999 0.004437
0.570000 0.431707 0.005453 0.000890 0.299952 0.005526
0.696667 0.431707 0.012042 0.002151 0.299908 0.012233
0.823333 0.431707 0.011425 -0.001740 0.299994 0.011557
0.950000 0.431707 0.008273 0.004389 0.298866 0.009365
1.076667 0.431707 0.010777 0.001236 0.299702 0.010848
1.203333 0.431707 0.012887 0.000204 0.299570 0.012889
1.330000 0.431707 0.004421 -0.007300 0.299991 0.008534
1.456667 0.431707 0.000611 -0.001575 0.299908 0.001689
1.583333 0.431707 -0.007060 -0.012267 0.299992 0.014154
1.710000 0.431707 -0.011989 0.000876 0.299683 0.012021
1.836667 0.431707 -0.004749 0.002537 0.599975 0.005384
1.963333 0.431707 -0.004530 0.005495 0.599688 0.007122
2.090000 0.431707 -0.006018 0.003120 0.299551 0.006779
2.216667 0.431707 -0.007736 0.002016 0.299374 0.007994
2.343333 0.431707 -0.012428 -0.001712 0.299978 0.012546
2.470000 0.431707 -0.012351 0.006216 0.299189 0.013827
2.596667 0.431707 -0.009055 -0.000406 0.299866 0.009064
2.723333 0.431707 -0.014122 -0.006670 0.300000 0.015618
2.850000 0.431707 -0.017234 -0.006422 0.300000 0.018392
2.976667 0.431707 -0.018755 -0.001690 0.300000 0.018831
3.103333 0.431707 -0.021548 -0.005733 0.299988 0.022297
3.230000 0.431707 -0.014543 0.002635 0.299952 0.014780
3.356667 0.431707 -0.005365 0.005013 0.599835 0.007342
3.483333 0.431707 -0.002610 -0.008401 0.600000 0.008797
3.610000 0.431707 -0.000769 -0.002479 0.600000 0.002595
3.736667 0.431707 0.000000 0.000000 0.000000 0.000000
0.063333 0.446341 0.000000 0.000000 0.000000 0.000000
0.190000 0.446341 0.000754 0.002726 0.600000 0.002828
0.316667 0.446341 0.002758 -0.003140 0.600000 0.004179
0.443333 0.446341 0.002577 -0.003140 0.600000 0.004062
0.570000 0.446341 0.005331 0.000840 0.299999 0.005397
0.696667 0.446341 0.009409 0.002831 0.299996 0.009826
0.823333 0.446341 0.009724 -0.003196 0.300000 0.010235
0.950000 0.446341 0.009129 0.003807 0.299929 0.009890
1.076667 0.446341 0.008523 0.001558 0.299988 0.008665
1.203333 0.446341 0.008395 -0.001541 0.299999 0.008535
1.330000 0.446341 0.004874 -0.010926 0.300000 0.011964
1.456667 0.446341 0.000614 -0.003944 0.300000 0.003991
1.583333 0.446341 -0.008442 -0.016955 0.300000 0.018940
1.710000 0.446341 -0.011078 -0.000080 0.299993 0.011078
1.836667 0.446341 -0.005952 0.002224 0.600000 0.006354
1.963333 0.446341 -0.006215 0.005103 0.599982 0.008042
2.090000 0.446341 -0.007806 0.002995 0.299977 0.008361
2.216667 0.446341 -0.011548 0.000577 0.299987 0.011562
2.343333 0.446341 -0.014417 -0.004022 0.299999 0.014967
2.470000 0.446341 -0.013301 0.006707 0.299923 0.014896
2.596667 0.446341 -0.010060 -0.002240 0.300000 0.010306
2.723333 0.446341 -0.012484 -0.009531 0.300000 0.015707
2.850000 0.446341 -0.021313 -0.008423 0.300000 0.022917
2.976667 0.446341 -0.024895 -0.003084 0.300000 0.025086
3.103333 0.446341 -0.023074 -0.007296 0.299998 0.024200
3.230000 0.446341 -0.014311 0.003530 0.299994 0.014740
3.356667 0.446341 -0.004460 0.004363 0.599991 0.006239
3.483333 0.446341 -0.002108 -0.008038 0.600000 0.008310
3.610000 0.446341 -0.000750 -0.002344 0.600000 0.002461
3.736667 0.446341 0.000000 0.000000 0.000000 0.000000
0.063333 0.460976 0.000000 0.000000 0.000000 0.000000
0.190000 0.460976 0.000761 0.002620 0.600000 0.002729
0.316667 0.460976 0.002548 -0.003194 0.600000 0.004086
0.443333 0.460976 0.002257 -0.002965 0.600000 0.003726
0.570000 0.460976 0.005108 0.000486 0.300000 0.005131
0.696667 0.460976 0.009913 0.002744 0.300000 0.010285
0.823333 0.460976 0.010690 -0.003932 0.300000 0.011390
0.950000 0.460976 0.009806 0.001844 0.299998 0.009978
1.076667 0.460976 0.009988 0.001417 0.300000 0.010088
1.203333 0.460976 0.010181 -0.003102 0.300000 0.010643
1.330000 0.460976 0.005617 -0.011748 0.300000 0.013022
1.456667 0.460976 0.000371 -0.005558 0.300000 0.005571
1.583333 0.460976 -0.009267 -0.016682 0.300000 0.019083
1.710000 0.460976 -0.012024 -0.000844 0.300000 0.012054
1.836667 0.460976 -0.006740 0.001979 0.600000 0.007024
1.963333 0.460976 -0.006767 0.004475 0.599999 0.008113
2.090000 0.460976 -0.008491 0.001725 0.299999 0.008665
2.216667 0.460976 -0.012429 -0.001297 0.300000 0.012496
2.343333 0.460976 -0.015900 -0.005517 0.300000 0.016830
2.470000 0.460976 -0.015180 0.005129 0.299996 0.016023
2.596667 0.460976 -0.012429 -0.003765 0.300000 0.012987
2.723333 0.460976 -0.015261 -0.009921 0.300000 0.018202
2.850000 0.460976 -0.024578 -0.007751 0.300000 0.025771
2.976667 0.460976 -0.027969 -0.004031 0.300000 0.028258
3.103333 0.460976 -0.024804 -0.006865 0.300000 0.025736
3.230000 0.460976 -0.014454 0.003523 0.299999 0.014877
3.356667 0.460976 -0.003584 0.004302 0.599999 0.005599
3.483333 0.460976 -0.001555 -0.007638 0.600000 0.007794
3.610000 0.460976 -0.000507 -0.002177 0.600000 0.002235
3.736667 0.460976 0.000000 0.000000 0.000000 0.000000
0.063333 0.475610 0.000000 0.000000 0.000000 0.000000
0.190000 0.475610 0.000862 0.002522 0.600000 0.002665
0.316667 0.475610 0.002509 -0.003179 0.600000 0.004050
0.443333 0.475610 0.002046 -0.002761 0.600000 0.003436
0.570000 0.475610 0.004969 0.000183 0.300000 0.004972
0.696667 0.475610 0.010466 0.002613 0.300000 0.010787
0.823333 0.475610 0.011751 -0.004389 0.300000 0.012544
0.950000 0.475610 0.010654 0.000372 0.300000 0.010660
1.076667 0.475610 0.011395 0.001404 0.300000 0.011482
1.203333 0.475610 0.011823 -0.004088 0.300000 0.012510
1.330000 0.475610 0.006344 -0.011982 0.300000 0.013558
1.456667 0.475610 0.000203 -0.006639 0.300000 0.006642
1.583333 0.475610 -0.010016 -0.015933 0.300000 0.018820
1.710000 0.475610 -0.012942 -0.001374 0.300000 0.013015
1.836667 0.475610 -0.007481 0.001759 0.600000 0.007685
1.963333 0.475610 -0.007240 0.003893 0.600000 0.008220
2.090000 0.475610 -0.009116 0.000751 0.300000 0.009147
2.216667 0.475610 -0.013368 -0.002591 0.300000 0.013617
2.343333 0.475610 -0.017245 -0.006415 0.300000 0.018399
2.470000 0.475610 -0.016854 0.003834 0.300000 0.017285
2.596667 0.475610 -0.014651 -0.004710 0.300000 0.015389
2.723333 0.475610 -0.018024 -0.009918 0.300000 0.020573
2.850000 0.475610 -0.026242 -0.006841 0.300000 0.027119
2.976667 0.475610 -0.029299 -0.004713 0.300000 0.029676
3.103333 0.475610 -0.026498 -0.006429 0.300000 0.027267
3.230000 0.475610 -0.015255 0.003430 0.300000 0.015636
3.356667 0.475610 -0.003291 0.004494 0.600000 0.005570
3.483333 0.475610 -0.000936 -0.007256 0.600000 0.007316
3.610000 0.475610 -0.000294 -0.001954 0.600000 0.001976
3.736667 0.475610 0.000000 0.000000 0.000000 0.000000
0.063333 0.490244 0.000000 0.000000 0.000000 0.000000
0.190000 0.490244 0.001246 0.002385 0.600000 0.002691
0.316667 0.490244 0.002949 -0.003134 0.600000 0.004304
0.443333 0.490244 0.002276 -0.002527 0.600000 0.003401
0.570000 0.490244 0.005158 -0.000038 0.300000 0.005158
0.696667 0.490244 0.011092 0.002417 0.300000 0.011352
0.823333 0.490244 0.012775 -0.004620 0.300000 0.013585
0.950000 0.490244 0.011463 -0.000665 0.300000 0.011482
1.076667 0.490244 0.012693 0.001392 0.300000 0.012770
1.203333 0.490244 0.013400 -0.004615 0.300000 0.014172
1.330000 0.490244 0.007100 -0.011701 0.300000 0.013687
1.456667 0.490244 0.000107 -0.007248 0.300000 0.007249
1.583333 0.490244 -0.010685 -0.014938 0.300000 0.018366
1.710000 0.490244 -0.013831 -0.001714 0.300000 0.013936
1.836667 0.490244 -0.008112 0.001553 0.600000 0.008260
1.963333 0.490244 -0.007640 0.003349 0.600000 0.008342
2.090000 0.490244 -0.009785 0.000041 0.300000 0.009785
2.216667 0.490244 -0.014390 -0.003389 0.300000 0.014784
2.343333 0.490244 -0.018630 -0.006839 0.300000 0.019846
2.470000 0.490244 -0.018555 0.002821 0.300000 0.018768
2.596667 0.490244 -0.016732 -0.005209 0.300000 0.017524
2.723333 0.490244 -0.021434 -0.009437 0.300000 0.023419
2.850000 0.490244 -0.028774 -0.006045 0.300000 0.029402
2.976667 0.490244 -0.030610 -0.004990 0.300000 0.031014
3.103333 0.490244 -0.028126 -0.005942 0.300000 0.028747
3.230000 0.490244 -0.016029 0.003276 0.300000 0.016360
3.356667 0.490244 -0.002875 0.004550 0.600000 0.005382
3.483333 0.490244 -0.000416 -0.006857 0.600000 0.006870
3.610000 0.490244 -0.000277 -0.001703 0.600000 0.001725
3.736667 0.490244 0.000000 0.000000 0.000000 0.000000
0.063333 0.504878 0.000000 0.000000 0.000000 0.000000
0.190000 0.504878 0.001665 0.002172 0.600000 0.002737
0.316667 0.504878 0.003307 -0.003061 0.600000 0.004506
0.443333 0.504878 0.002288 -0.002275 0.600000 0.003226
0.570000 0.504878 0.005303 -0.000169 0.300000 0.005306
0.696667 0.504878 0.011729 0.002146 0.300000 0.011923
0.823333 0.504878 0.013726 -0.004652 0.300000 0.014493
0.950000 0.504878 0.012329 -0.001331 0.300000 0.012400
1.076667 0.504878 0.014034 0.001269 0.300000 0.014092
1.203333 0.504878 0.014939 -0.004766 0.300000 0.015681
1.330000 0.504878 0.007837 -0.010993 0.300000 0.013501
1.456667 0.504878 0.000054 -0.007453 0.300000 0.007453
1.583333 0.504878 -0.011297 -0.013638 0.300000 0.017709
1.710000 0.504878 -0.014705 -0.001899 0.300000 0.014827
1.836667 0.504878 -0.008724 0.001351 0.600000 0.008828
1.963333 0.504878 -0.008069 0.002848 0.600000 0.008557
2.090000 0.504878 -0.010526 -0.000441 0.300000 0.010535
2.216667 0.504878 -0.015472 -0.003772 0.300000 0.015925
2.343333 0.504878 -0.020111 -0.006852 0.300000 0.021246
2.470000 0.504878 -0.020332 0.002057 0.300000 0.020435
2.596667 0.504878 -0.018825 -0.005346 0.300000 0.019570
2.723333 0.504878 -0.024476 -0.008495 0.300000 0.025908
2.850000 0.504878 -0.031067 -0.005420 0.300000 0.031536
2.976667 0.504878 -0.032012 -0.004931 0.300000 0.032390
3.103333 0.504878 -0.029711 -0.005367 0.300000 0.030192
3.230000 0.504878 -0.016790 0.003047 0.300000 0.017064
3.356667 0.504878 -0.002351 0.004443 0.600000 0.005027
3.483333 0.504878 0.000192 -0.006364 0.600000 0.006367
3.610000 0.504878 -0.000254 -0.001443 0.600000 0.001465
3.736667 0.504878 0.000000 0.000000 0.000000 0.000000
0.063333 0.519512 0.000000 0.000000 0.000000 0.000000
0.190000 0.519512 0.001892 0.001902 0.600000 0.002683
0.316667 0.519512 0.003314 -0.002882 0.600000 0.004392
0.443333 0.519512 0.001900 -0.001992 0.600000 0.002753
0.570000 0.519512 0.005175 -0.000262 0.300000 0.005181
0.696667 0.519512 0.012773 0.001794 0.300000 0.012898
0.823333 0.519512 0.015094 -0.004418 0.300000 0.015727
0.950000 0.519512 0.013751 -0.001718 0.300000 0.013858
1.076667 0.519512 0.015953 0.001122 0.300000 0.015992
1.203333 0.519512 0.016461 -0.004587 0.300000 0.017088
1.330000 0.519512 0.008342 -0.009891 0.300000 0.012939
1.456667 0.519512 -0.000142 -0.007006 0.300000 0.007007
1.583333 0.519512 -0.011869 -0.012028 0.300000 0.016898
1.710000 0.519512 -0.015632 -0.001947 0.300000 0.015752
1.836667 0.519512 -0.009336 0.001149 0.600000 0.009406
1.963333 0.519512 -0.008489 0.002386 0.600000 0.008818
2.090000 0.519512 -0.011152 -0.000740 0.300000 0.011176
2.216667 0.519512 -0.016431 -0.003785 0.300000 0.016862
2.343333 0.519512 -0.021950 -0.006454 0.300000 0.022879
2.470000 0.519512 -0.022441 0.001446 0.300000 0.022488
2.596667 0.519512 -0.021504 -0.005089 0.300000 0.022098
2.723333 0.519512 -0.027352 -0.007350 0.300000 0.028323
2.850000 0.519512 -0.032734 -0.004786 0.300000 0.033083
2.976667 0.519512 -0.033462 -0.004612 0.300000 0.033779
3.103333 0.519512 -0.031237 -0.004676 0.300000 0.031585
3.230000 0.519512 -0.017585 0.002719 0.300000 0.017794
3.356667 0.519512 -0.001727 0.004161 0.600000 0.004505
3.483333 0.519512 0.000867 -0.005730 0.600000 0.005796
3.610000 0.519512 -0.000258 -0.001176 0.600000 0.001204
3.736667 0.519512 0.000000 0.000000 0.000000 0.000000
0.063333 0.534146 0.000000 0.000000 0.000000 0.000000
0.190000 0.534146 0.002159 0.001595 0.600000 0.002685
0.316667 0.534146 0.003390 -0.002548 0.600000 0.004241
0.443333 0.534146 0.001555 -0.001662 0.600000 0.002276
0.570000 0.534146 0.004981 -0.000329 0.300000 0.004991
0.696667 0.534146 0.013510 0.001359 0.300000 0.013578
0.823333 0.534146 0.016195 -0.003868 0.300000 0.016651
0.950000 0.534146 0.014940 -0.001883 0.300000 0.015058
1.076667 0.534146 0.017701 0.001005 0.300000 0.017729
1.203333 0.534146 0.018010 -0.004102 0.300000 0.018471
1.330000 0.534146 0.009051 -0.008372 0.300000 0.012330
1.456667 0.534146 -0.000138 -0.005791 0.300000 0.005793
1.583333 0.534146 -0.012530 -0.010083 0.300000 0.016083
1.710000 0.534146 -0.016746 -0.001851 0.300000 0.016848
1.836667 0.534146 -0.010152 0.000939 0.600000 0.010195
1.963333 0.534146 -0.008998 0.001942 0.600000 0.009205
2.090000 0.534146 -0.011815 -0.000880 0.300000 0.011848
2.216667 0.534146 -0.017427 -0.003455 0.300000 0.017766
2.343333 0.534146 -0.023659 -0.005644 0.300000 0.024323
2.470000 0.534146 -0.024382 0.000922 0.300000 0.024399
2.596667 0.534146 -0.023727 -0.004431 0.300000 0.024137
2.723333 0.534146 -0.029860 -0.006125 0.300000 0.030481
2.850000 0.534146 -0.034478 -0.004020 0.300000 0.034712
2.976667 0.534146 -0.035031 -0.004076 0.300000 0.035267
3.103333 0.534146 -0.032855 -0.003855 0.300000 0.033081
3.230000 0.534146 -0.018393 0.002284 0.300000 0.018535
3.356667 0.534146 -0.000937 0.003676 0.600000 0.003793
3.483333 0.534146 0.001660 -0.004915 0.600000 0.005188
3.610000 0.534146 -0.000304 -0.000910 0.600000 0.000959
3.736667 0.534146 0.000000 0.000000 0.000000 0.000000
0.063333 0.548780 0.000000 0.000000 0.000000 0.000000
0.190000 0.548780 0.002503 0.001238 0.600000 0.002793
0.316667 0.548780 0.003580 -0.002053 0.600000 0.004127
0.443333 0.548780 0.001256 -0.001275 0.600000 0.001790
0.570000 0.548780 0.004767 -0.000335 0.300000 0.004778
0.696667 0.548780 0.013804 0.000914 0.300000 0.013834
0.823333 0.548780 0.016869 -0.003063 0.300000 0.017145
0.950000 0.548780 0.015657 -0.001771 0.300000 0.015757
1.076667 0.548780 0.019056 0.000845 0.300000 0.019074
1.203333 0.548780 0.019686 -0.003317 0.300000 0.019964
1.330000 0.548780 0.010078 -0.006459 0.300000 0.011970
1.456667 0.548780 0.000155 -0.004255 0.300000 0.004258
1.583333 0.548780 -0.013246 -0.007760 0.300000 0.015352
1.710000 0.548780 -0.018227 -0.001567 0.300000 0.018294
1.836667 0.548780 -0.011411 0.000697 0.600000 0.011432
1.963333 0.548780 -0.009674 0.001473 0.600000 0.009785
2.090000 0.548780 -0.012567 -0.000845 0.300000 0.012595
2.216667 0.548780 -0.018476 -0.002824 0.300000 0.018690
2.343333 0.548780 -0.025078 -0.004475 0.300000 0.025474
2.470000 0.548780 -0.025986 0.000513 0.300000 0.025991
2.596667 0.548780 -0.025251 -0.003480 0.300000 0.025489
2.723333 0.548780 -0.031670 -0.004711 0.300000 0.032018
2.850000 0.548780 -0.036171 -0.003104 0.300000 0.036303
2.976667 0.548780 -0.037103 -0.003267 0.300000 0.037246
3.103333 0.548780 -0.035060 -0.002939 0.300000 0.035183
3.230000 0.548780 -0.019321 0.001743 0.300000 0.019399
3.356667 0.548780 -0.000005 0.002960 0.600000 0.002960
3.483333 0.548780 0.002663 -0.003874 0.600000 0.004701
3.610000 0.548780 -0.000294 -0.000641 0.600000 0.000705
3.736667 0.548780 0.000000 0.000000 0.000000 0.000000
0.063333 0.563415 0.000000 0.000000 0.000000 0.000000
0.190000 0.563415 0.002948 0.000810 0.600000 0.003057
0.316667 0.563415 0.003882 -0.001377 0.600000 0.004119
0.443333 0.563415 0.000963 -0.000821 0.600000 0.001265
0.570000 0.563415 0.004570 -0.000260 0.300000 0.004577
0.696667 0.563415 0.014213 0.000510 0.300000 0.014222
0.823333 0.563415 0.017640 -0.002025 0.300000 0.017755
0.950000 0.563415 0.016357 -0.001327 0.300000 0.016410
1.076667 0.563415 0.020473 0.000586 0.300000 0.020481
1.203333 0.563415 0.021518 -0.002226 0.300000 0.021633
1.330000 0.563415 0.011288 -0.004169 0.300000 0.012034
1.456667 0.563415 0.000612 -0.002641 0.300000 0.002711
1.583333 0.563415 -0.013962 -0.005008 0.300000 0.014833
1.710000 0.563415 -0.019638 -0.001072 0.300000 0.019668
1.836667 0.563415 -0.012584 0.000422 0.600000 0.012591
1.963333 0.563415 -0.010400 0.000943 0.600000 0.010443
2.090000 0.563415 -0.013290 -0.000633 0.300000 0.013305
2.216667 0.563415 -0.019460 -0.001906 0.300000 0.019553
2.343333 0.563415 -0.026569 -0.002959 0.300000 0.026733
2.470000 0.563415 -0.027611 0.000235 0.300000 0.027612
2.596667 0.563415 -0.026703 -0.002286 0.300000 0.026800
2.723333 0.563415 -0.033456 -0.003036 0.300000 0.033594
2.850000 0.563415 -0.037846 -0.002007 0.300000 0.037900
2.976667 0.563415 -0.038868 -0.002146 0.300000 0.038927
3.103333 0.563415 -0.036905 -0.001917 0.300000 0.036955
3.230000 0.563415 -0.020232 0.001098 0.300000 0.020262
3.356667 0.563415 0.001103 0.001985 0.600000 0.002271
3.483333 0.563415 0.003804 -0.002562 0.600000 0.004586
3.610000 0.563415 -0.000349 -0.000370 0.600000 0.000509
3.736667 0.563415 0.000000 0.000000 0.000000 0.000000
0.063333 0.578049 0.000000 0.000000 0.000000 0.000000
0.190000 0.578049 0.003500 0.000288 0.600000 0.003512
0.316667 0.578049 0.004304 -0.000496 0.600000 0.004333
0.443333 0.578049 0.000671 -0.000288 0.600000 0.000730
0.570000 0.578049 0.004502 -0.000101 0.300000 0.004503
0.696667 0.578049 0.014895 0.000159 0.300000 0.014896
0.823333 0.578049 0.018671 -0.000722 0.300000 0.018685
0.950000 0.578049 0.017170 -0.000511 0.300000 0.017177
1.076667 0.578049 0.022002 0.000215 0.300000 0.022003
1.203333 0.578049 0.023529 -0.000801 0.300000 0.023543
1.330000 0.578049 0.012369 -0.001465 0.300000 0.012456
1.456667 0.578049 0.000966 -0.000901 0.300000 0.001321
1.583333 0.578049 -0.014687 -0.001759 0.300000 0.014792
1.710000 0.578049 -0.020995 -0.000387 0.300000 0.020999
1.836667 0.578049 -0.013624 0.000140 0.600000 0.013625
1.963333 0.578049 -0.011143 0.000330 0.600000 0.011148
2.090000 0.578049 -0.014018 -0.000242 0.300000 0.014020
2.216667 0.578049 -0.020426 -0.000687 0.300000 0.020438
2.343333 0.578049 -0.028189 -0.001055 0.300000 0.028209
2.470000 0.578049 -0.029319 0.000063 0.300000 0.029319
2.596667 0.578049 -0.028085 -0.000812 0.300000 0.028097
2.723333 0.578049 -0.035301 -0.001066 0.300000 0.035317
2.850000 0.578049 -0.039599 -0.000705 0.300000 0.039606
2.976667 0.578049 -0.040302 -0.000756 0.300000 0.040309
3.103333 0.578049 -0.038330 -0.000685 0.300000 0.038336
3.230000 0.578049 -0.021107 0.000376 0.300000 0.021111
3.356667 0.578049 0.002330 0.000714 0.600000 0.002437
3.483333 0.578049 0.004977 -0.000915 0.600000 0.005060
3.610000 0.578049 -0.000532 -0.000118 0.600000 0.000545
3.736667 0.578049 0.000000 0.000000 0.000000 0.000000
0.063333 0.592683 0.000000 0.000000 0.000000 0.000000
0.190000 0.592683 0.000000 0.000000 0.000000 0.000000
0.316667 0.592683 0.000000 0.000000 0.000000 0.000000
0.443333 0.592683 0.000000 0.000000 0.000000 0.000000
0.570000 0.592683 0.000000 0.000000 0.000000 0.000000
0.696667 0.592683 0.000000 0.000000 0.000000 0.000000
0.823333 0.592683 0.000000 0.000000 0.000000 0.000000
0.950000 0.592683 0.000000 0.000000 0.000000 0.000000
1.076667 0.592683 0.000000 0.000000 0.000000 0.000000
1.203333 0.592683 0.000000 0.000000 0.000000 0.000000
1.330000 0.592683 0.000000 0.000000 0.000000 0.000000
1.456667 0.592683 0.000000 0.000000 0.000000 0.000000
1.583333 0.592683 0.000000 0.000000 0.000000 0.000000
1.710000 0.592683 0.000000 0.000000 0.000000 0.000000
1.836667 0.592683 0.000000 0.000000 0.000000 0.000000
1.963333 0.592683 0.000000 0.000000 0.000000 0.000000
2.090000 0.592683 0.000000 0.000000 0.000000 0.000000
2.216667 0.592683 0.000000 0.000000 0.000000 0.000000
2.343333 0.592683 0.000000 0.000000 0.000000 0.000000
2.470000 0.592683 0.000000 0.000000 0.000000 0.000000
2.596667 0.592683 0.000000 0.000000 0.000000 0.000000
2.723333 0.592683 0.000000 0.000000 0.000000 0.000000
2.850000 0.592683 0.000000 0.000000 0.000000 0.000000
2.976667 0.592683 0.000000 0.000000 0.000000 0.000000
3.103333 0.592683 0.000000 0.000000 0.000000 0.000000
3.230000 0.592683 0.000000 0.000000 0.000000 0.000000
3.356667 0.592683 0.000000 0.000000 0.000000 0.000000
3.483333 0.592683 0.000000 0.000000 0.000000 0.000000
3.610000 0.592683 0.000000 0.000000 0.000000 0.000000
3.736667 0.592683 0.000000 0.000000 0.000000 0.000000
