TITLE="(Vx,Vy)"
VARIABLES=X,Y,Vx,Vy,Vm,V
ZONE T="T-Dummy" I=30, J=41, F=POINT
0.063333 0.007317 0.000000 0.000000 0.000000 0.000000
0.190000 0.007317 0.000000 0.000000 0.000000 0.000000
0.316667 0.007317 0.000000 0.000000 0.000000 0.000000
0.443333 0.007317 0.000000 0.000000 0.000000 0.000000
0.570000 0.007317 0.000000 0.000000 0.000000 0.000000
0.696667 0.007317 0.000000 0.000000 0.000000 0.000000
0.823333 0.007317 0.000000 0.000000 0.000000 0.000000
0.950000 0.007317 0.000000 0.000000 0.000000 0.000000
1.076667 0.007317 0.000000 0.000000 0.000000 0.000000
1.203333 0.007317 0.000000 0.000000 0.000000 0.000000
1.330000 0.007317 0.000000 0.000000 0.000000 0.000000
1.456667 0.007317 0.000000 0.000000 0.000000 0.000000
1.583333 0.007317 0.000000 0.000000 0.000000 0.000000
1.710000 0.007317 0.000000 0.000000 0.000000 0.000000
1.836667 0.007317 0.000000 0.000000 0.000000 0.000000
1.963333 0.007317 0.000000 0.000000 0.000000 0.000000
2.090000 0.007317 0.000000 0.000000 0.000000 0.000000
2.216667 0.007317 0.000000 0.000000 0.000000 0.000000
2.343333 0.007317 0.000000 0.000000 0.000000 0.000000
2.470000 0.007317 0.000000 0.000000 0.000000 0.000000
2.596667 0.007317 0.000000 0.000000 0.000000 0.000000
2.723333 0.007317 0.000000 0.000000 0.000000 0.000000
2.850000 0.007317 0.000000 0.000000 0.000000 0.000000
2.976667 0.007317 0.000000 0.000000 0.000000 0.000000
3.103333 0.007317 0.000000 0.000000 0.000000 0.000000
3.230000 0.007317 0.000000 0.000000 0.000000 0.000000
3.356667 0.007317 0.000000 0.000000 0.000000 0.000000
3.483333 0.007317 0.000000 0.000000 0.000000 0.000000
3.610000 0.007317 0.000000 0.000000 0.000000 0.000000
3.736667 0.007317 0.000000 0.000000 0.000000 0.000000
0.063333 0.021951 0.000000 0.000000 0.000000 0.000000
0.190000 0.021951 0.004437 -0.000632 0.900000 0.004481
0.316667 0.021951 0.006530 0.000006 0.900000 0.006530
0.443333 0.021951 0.015995 -0.001886 0.900000 0.016106
0.570000 0.021951 -0.005835 0.003521 0.900000 0.006815
0.696667 0.021951 -0.029846 -0.001119 0.900000 0.029867
0.823333 0.021951 -0.020684 -0.000693 0.900000 0.020696
0.950000 0.021951 -0.015574 -0.000038 0.900000 0.015574
1.076667 0.021951 0.001232 -0.001592 0.900000 0.002013
1.203333 0.021951 0.009356 0.000158 0.900000 0.009358
1.330000 0.021951 0.011117 -0.000632 0.900000 0.011135
1.456667 0.021951 0.017550 -0.000474 0.900000 0.017557
1.583333 0.021951 0.029568 -0.001981 0.900000 0.029634
1.710000 0.021951 0.018215 0.002084 0.900000 0.018334
1.836667 0.021951 -0.005426 -0.000279 0.900000 0.005433
1.963333 0.021951 -0.006912 -0.000389 0.900000 0.006923
2.090000 0.021951 -0.002966 -0.000751 0.900000 0.003060
2.216667 0.021951 0.004709 -0.000887 0.900000 0.004792
2.343333 0.021951 0.008599 -0.000113 0.900000 0.008600
2.470000 0.021951 -0.006769 0.001454 0.900000 0.006924
2.596667 0.021951 -0.012344 -0.001166 0.900000 0.012399
2.723333 0.021951 -0.003070 -0.000076 0.900000 0.003071
2.850000 0.021951 0.003437 -0.000777 0.900000 0.003524
2.976667 0.021951 -0.020112 0.003080 0.900000 0.020346
3.103333 0.021951 -0.021809 -0.002828 0.900000 0.021992
3.230000 0.021951 0.025440 -0.002372 0.900000 0.025550
3.356667 0.021951 0.043028 0.000158 0.900000 0.043028
3.483333 0.021951 0.028757 0.001651 0.900000 0.028804
3.610000 0.021951 0.007728 0.000858 0.900000 0.007776
3.736667 0.021951 0.000000 0.000000 0.000000 0.000000
0.063333 0.036585 0.000000 0.000000 0.000000 0.000000
0.190000 0.036585 0.003291 -0.001770 0.900000 0.003737
0.316667 0.036585 0.004339 0.000095 0.900000 0.004340
0.443333 0.036585 0.009104 -0.005086 0.900000 0.010428
0.570000 0.036585 -0.010978 0.009819 0.900000 0.014728
0.696667 0.036585 -0.072269 0.001877 0.900000 0.072293
0.823333 0.036585 -0.077182 -0.006968 0.900000 0.077496
0.950000 0.036585 -0.035875 0.000428 0.900000 0.035877
1.076667 0.036585 -0.016626 -0.003660 0.900000 0.017025
1.203333 0.036585 -0.004889 0.000043 0.900000 0.004889
1.330000 0.036585 0.006084 -0.001582 0.900000 0.006286
1.456667 0.036585 0.016006 -0.000274 0.900000 0.016008
1.583333 0.036585 0.018866 -0.003756 0.900000 0.019236
1.710000 0.036585 0.024401 0.004011 0.900000 0.024728
1.836667 0.036585 0.023964 -0.000185 0.900000 0.023965
1.963333 0.036585 0.017797 -0.000809 0.900000 0.017815
2.090000 0.036585 0.019657 -0.001560 0.900000 0.019719
2.216667 0.036585 0.019677 -0.001629 0.900000 0.019744
2.343333 0.036585 0.020090 -0.000228 0.900000 0.020091
2.470000 0.036585 0.019924 0.002637 0.900000 0.020098
2.596667 0.036585 0.017682 -0.002165 0.900000 0.017814
2.723333 0.036585 0.023592 -0.000193 0.900000 0.023593
2.850000 0.036585 0.027157 -0.001153 0.900000 0.027181
2.976667 0.036585 0.004072 0.007036 0.900000 0.008129
3.103333 0.036585 -0.003161 -0.006416 0.900000 0.007152
3.230000 0.036585 0.023935 -0.006505 0.900000 0.024803
3.356667 0.036585 0.037867 0.000271 0.900000 0.037868
3.483333 0.036585 0.026510 0.004691 0.900000 0.026922
3.610000 0.036585 0.007518 0.002533 0.900000 0.007934
3.736667 0.036585 0.000000 0.000000 0.000000 0.000000
0.063333 0.051220 0.000000 0.000000 0.000000 0.000000
0.190000 0.051220 0.002387 -0.002682 0.900000 0.003590
0.316667 0.051220 0.002367 0.000368 0.900000 0.002396
0.443333 0.051220 0.003461 -0.007305 0.900000 0.008083
0.570000 0.051220 -0.012021 0.014477 0.900000 0.018817
0.696667 0.051220 -0.049532 0.008374 0.900000 0.050235
0.823333 0.051220 -0.062869 -0.015171 0.900000 0.064674
0.950000 0.051220 -0.039232 0.000627 0.900000 0.039237
1.076667 0.051220 -0.015066 -0.004437 0.900000 0.015706
1.203333 0.051220 -0.005296 -0.000451 0.900000 0.005315
1.330000 0.051220 0.004622 -0.002159 0.900000 0.005102
1.456667 0.051220 0.014656 0.000211 0.900000 0.014657
1.583333 0.051220 0.018380 -0.003385 0.900000 0.018689
1.710000 0.051220 0.024786 0.003660 0.900000 0.025055
1.836667 0.051220 0.025157 0.000518 0.900000 0.025163
1.963333 0.051220 0.019094 -0.000878 0.900000 0.019115
2.090000 0.051220 0.020791 -0.001654 0.900000 0.020856
2.216667 0.051220 0.021027 -0.001403 0.900000 0.021074
2.343333 0.051220 0.021965 -0.000249 0.900000 0.021967
2.470000 0.051220 0.020664 0.002250 0.900000 0.020786
2.596667 0.051220 0.018128 -0.001967 0.900000 0.018235
2.723333 0.051220 0.024785 -0.000298 0.900000 0.024787
2.850000 0.051220 0.026746 -0.000201 0.900000 0.026747
2.976667 0.051220 0.006918 0.008235 0.900000 0.010755
3.103333 0.051220 0.001061 -0.007624 0.900000 0.007697
3.230000 0.051220 0.021548 -0.009563 0.900000 0.023575
3.356667 0.051220 0.032976 0.000018 0.900000 0.032976
3.483333 0.051220 0.024223 0.007216 0.900000 0.025275
3.610000 0.051220 0.007251 0.004121 0.900000 0.008340
3.736667 0.051220 0.000000 0.000000 0.000000 0.000000
0.063333 0.065854 0.000000 0.000000 0.000000 0.000000
0.190000 0.065854 0.001175 -0.003358 0.900000 0.003558
0.316667 0.065854 0.000525 0.000691 0.900000 0.000868
0.443333 0.065854 -0.000730 -0.008780 0.900000 0.008811
0.570000 0.065854 -0.012196 0.017484 0.900000 0.021317
0.696667 0.065854 -0.031001 0.011687 0.900000 0.033131
0.823333 0.065854 -0.052138 -0.018149 0.900000 0.055207
0.950000 0.065854 -0.042391 -0.000750 0.900000 0.042398
1.076667 0.065854 -0.014028 -0.004854 0.900000 0.014844
1.203333 0.065854 -0.004447 -0.001043 0.900000 0.004568
1.330000 0.065854 0.004800 -0.002443 0.900000 0.005386
1.456667 0.065854 0.013451 -0.000851 0.900000 0.013478
1.583333 0.065854 0.017969 -0.003073 0.900000 0.018229
1.710000 0.065854 0.022824 0.003439 0.900000 0.023082
1.836667 0.065854 0.024063 0.000822 0.900000 0.024077
1.963333 0.065854 0.020341 -0.000935 0.900000 0.020363
2.090000 0.065854 0.021566 -0.001713 0.900000 0.021634
2.216667 0.065854 0.021882 -0.001284 0.900000 0.021920
2.343333 0.065854 0.023273 -0.000312 0.900000 0.023275
2.470000 0.065854 0.021073 0.002145 0.900000 0.021181
2.596667 0.065854 0.018406 -0.002037 0.900000 0.018518
2.723333 0.065854 0.024098 -0.000254 0.900000 0.024099
2.850000 0.065854 0.023923 0.000912 0.900000 0.023940
2.976667 0.065854 0.008063 0.008444 0.900000 0.011675
3.103333 0.065854 0.004332 -0.008314 0.900000 0.009375
3.230000 0.065854 0.019421 -0.011680 0.900000 0.022663
3.356667 0.065854 0.028299 -0.000425 0.900000 0.028302
3.483333 0.065854 0.021974 0.009268 0.900000 0.023849
3.610000 0.065854 0.006939 0.005609 0.900000 0.008923
3.736667 0.065854 0.000000 0.000000 0.000000 0.000000
0.063333 0.080488 0.000000 0.000000 0.000000 0.000000
0.190000 0.080488 -0.000150 -0.003748 0.900000 0.003751
0.316667 0.080488 -0.001728 0.000924 0.900000 0.001960
0.443333 0.080488 -0.005045 -0.009646 0.900000 0.010886
0.570000 0.080488 -0.014553 0.019265 0.900000 0.024144
0.696667 0.080488 -0.027641 0.013284 0.900000 0.030668
0.823333 0.080488 -0.048407 -0.018706 0.900000 0.051896
0.950000 0.080488 -0.041800 -0.002700 0.900000 0.041888
1.076667 0.080488 -0.015528 -0.005072 0.900000 0.016335
1.203333 0.080488 -0.004226 -0.001970 0.900000 0.004663
1.330000 0.080488 0.007340 -0.002564 0.900000 0.007775
1.456667 0.080488 0.014883 -0.002293 0.900000 0.015059
1.583333 0.080488 0.017722 -0.002762 0.900000 0.017936
1.710000 0.080488 0.020809 0.003562 0.900000 0.021112
1.836667 0.080488 0.020664 0.000666 0.900000 0.020675
1.963333 0.080488 0.017354 -0.000949 0.900000 0.017380
2.090000 0.080488 0.018552 -0.001780 0.900000 0.018637
2.216667 0.080488 0.018948 -0.001216 0.900000 0.018987
2.343333 0.080488 0.020476 -0.000390 0.900000 0.020480
2.470000 0.080488 0.019447 0.002058 0.900000 0.019556
2.596667 0.080488 0.016609 -0.002044 0.900000 0.016735
2.723333 0.080488 0.021274 -0.000068 0.900000 0.021274
2.850000 0.080488 0.023279 0.001793 0.900000 0.023348
2.976667 0.080488 0.009458 0.008256 0.900000 0.012554
3.103333 0.080488 0.006208 -0.008881 0.900000 0.010836
3.230000 0.080488 0.018766 -0.012876 0.900000 0.022759
3.356667 0.080488 0.024642 -0.000843 0.900000 0.024656
3.483333 0.080488 0.019786 0.010897 0.900000 0.022588
3.610000 0.080488 0.006586 0.006988 0.900000 0.009602
3.736667 0.080488 0.000000 0.000000 0.000000 0.000000
0.063333 0.095122 0.000000 0.000000 0.000000 0.000000
0.190000 0.095122 -0.001431 -0.003842 0.900000 0.004100
0.316667 0.095122 -0.004044 0.001105 0.900000 0.004192
0.443333 0.095122 -0.009069 -0.010025 0.900000 0.013518
0.570000 0.095122 -0.017132 0.020227 0.900000 0.026507
0.696667 0.095122 -0.026009 0.014436 0.900000 0.029746
0.823333 0.095122 -0.046878 -0.018933 0.900000 0.050557
0.950000 0.095122 -0.042245 -0.004427 0.900000 0.042476
1.076667 0.095122 -0.017083 -0.005243 0.900000 0.017870
1.203333 0.095122 -0.005918 -0.003067 0.900000 0.006666
1.330000 0.095122 0.008597 -0.003102 0.900000 0.009139
1.456667 0.095122 0.016903 -0.003127 0.900000 0.017190
1.583333 0.095122 0.017450 -0.002418 0.900000 0.017616
1.710000 0.095122 0.020775 0.003748 0.900000 0.021110
1.836667 0.095122 0.019252 0.000586 0.900000 0.019261
1.963333 0.095122 0.014413 -0.000932 0.900000 0.014443
2.090000 0.095122 0.015774 -0.001882 0.900000 0.015886
2.216667 0.095122 0.016271 -0.001167 0.900000 0.016313
2.343333 0.095122 0.017707 -0.000425 0.900000 0.017712
2.470000 0.095122 0.017822 0.001725 0.900000 0.017905
2.596667 0.095122 0.015048 -0.001652 0.900000 0.015138
2.723333 0.095122 0.020256 -0.000120 0.900000 0.020257
2.850000 0.095122 0.024786 0.002338 0.900000 0.024896
2.976667 0.095122 0.011355 0.008193 0.900000 0.014002
3.103333 0.095122 0.007760 -0.009485 0.900000 0.012255
3.230000 0.095122 0.018236 -0.013345 0.900000 0.022597
3.356667 0.095122 0.021534 -0.001104 0.900000 0.021563
3.483333 0.095122 0.017788 0.012110 0.900000 0.021519
3.610000 0.095122 0.006376 0.008267 0.900000 0.010441
3.736667 0.095122 0.000000 0.000000 0.000000 0.000000
0.063333 0.109756 0.000000 0.000000 0.000000 0.000000
0.190000 0.109756 -0.002727 -0.003643 0.900000 0.004551
0.316667 0.109756 -0.006429 0.001254 0.900000 0.006550
0.443333 0.109756 -0.012664 -0.010040 0.900000 0.016161
0.570000 0.109756 -0.019372 0.020559 0.900000 0.028248
0.696667 0.109756 -0.024781 0.015262 0.900000 0.029104
0.823333 0.109756 -0.045326 -0.018785 0.900000 0.049064
0.950000 0.109756 -0.042221 -0.006067 0.900000 0.042654
1.076667 0.109756 -0.016609 -0.005537 0.900000 0.017507
1.203333 0.109756 -0.005705 -0.003922 0.900000 0.006923
1.330000 0.109756 0.008038 -0.004105 0.900000 0.009026
1.456667 0.109756 0.017000 -0.003622 0.900000 0.017381
1.583333 0.109756 0.016994 -0.002011 0.900000 0.017112
1.710000 0.109756 0.019447 0.003410 0.900000 0.019743
1.836667 0.109756 0.018553 0.000511 0.900000 0.018560
1.963333 0.109756 0.015346 -0.000952 0.900000 0.015376
2.090000 0.109756 0.016831 -0.001983 0.900000 0.016947
2.216667 0.109756 0.017658 -0.001194 0.900000 0.017699
2.343333 0.109756 0.019118 -0.000373 0.900000 0.019122
2.470000 0.109756 0.018270 0.001316 0.900000 0.018318
2.596667 0.109756 0.015711 -0.001153 0.900000 0.015753
2.723333 0.109756 0.021461 -0.000371 0.900000 0.021464
2.850000 0.109756 0.026568 0.002693 0.900000 0.026704
2.976667 0.109756 0.015092 0.008127 0.900000 0.017141
3.103333 0.109756 0.010291 -0.009758 0.900000 0.014181
3.230000 0.109756 0.016378 -0.013307 0.900000 0.021103
3.356667 0.109756 0.017797 -0.001235 0.900000 0.017840
3.483333 0.109756 0.015865 0.012882 0.900000 0.020436
3.610000 0.109756 0.006254 0.009474 0.900000 0.011352
3.736667 0.109756 0.000000 0.000000 0.000000 0.000000
0.063333 0.124390 0.000000 0.000000 0.000000 0.000000
0.190000 0.124390 -0.004009 -0.003152 0.900000 0.005100
0.316667 0.124390 -0.008712 0.001366 0.900000 0.008818
0.443333 0.124390 -0.015863 -0.009779 0.900000 0.018635
0.570000 0.124390 -0.021593 0.020391 0.900000 0.029699
0.696667 0.124390 -0.023522 0.015760 0.900000 0.028314
0.823333 0.124390 -0.042618 -0.018372 0.900000 0.046409
0.950000 0.124390 -0.040924 -0.007480 0.900000 0.041602
1.076667 0.124390 -0.015675 -0.006104 0.900000 0.016822
1.203333 0.124390 -0.005124 -0.004355 0.900000 0.006725
1.330000 0.124390 0.007315 -0.005252 0.900000 0.009006
1.456667 0.124390 0.016443 -0.004072 0.900000 0.016939
1.583333 0.124390 0.017472 -0.001686 0.900000 0.017553
1.710000 0.124390 0.019167 0.002423 0.900000 0.019319
1.836667 0.124390 0.017955 0.000048 0.900000 0.017955
1.963333 0.124390 0.016561 -0.001061 0.900000 0.016595
2.090000 0.124390 0.018242 -0.002064 0.900000 0.018359
2.216667 0.124390 0.018993 -0.001294 0.900000 0.019037
2.343333 0.124390 0.020463 -0.000278 0.900000 0.020465
2.470000 0.124390 0.018882 0.001036 0.900000 0.018911
2.596667 0.124390 0.016398 -0.000862 0.900000 0.016420
2.723333 0.124390 0.022690 -0.000628 0.900000 0.022699
2.850000 0.124390 0.028306 0.002851 0.900000 0.028450
2.976667 0.124390 0.019132 0.007838 0.900000 0.020675
3.103333 0.124390 0.012835 -0.009423 0.899997 0.015923
3.230000 0.124390 0.014440 -0.012887 0.899998 0.019354
3.356667 0.124390 0.014628 -0.001326 0.900000 0.014688
3.483333 0.124390 0.014138 0.013270 0.900000 0.019390
3.610000 0.124390 0.005985 0.010602 0.900000 0.012174
3.736667 0.124390 0.000000 0.000000 0.000000 0.000000
0.063333 0.139024 0.000000 0.000000 0.000000 0.000000
0.190000 0.139024 -0.004986 -0.002404 0.900000 0.005535
0.316667 0.139024 -0.010078 0.001389 0.900000 0.010174
0.443333 0.139024 -0.017542 -0.009287 0.900000 0.019848
0.570000 0.139024 -0.021258 0.019730 0.900000 0.029003
0.696667 0.139024 -0.016189 0.015563 0.900000 0.022457
0.823333 0.139024 -0.033251 -0.017672 0.900000 0.037655
0.950000 0.139024 -0.035572 -0.008514 0.900000 0.036576
1.076667 0.139024 -0.014383 -0.006552 0.900000 0.015805
1.203333 0.139024 -0.005821 -0.004592 0.900000 0.007415
1.330000 0.139024 0.006116 -0.006351 0.900000 0.008817
1.456667 0.139024 0.015240 -0.004554 0.900000 0.015905
1.583333 0.139024 0.017866 -0.001605 0.900000 0.017938
1.710000 0.139024 0.020137 0.001213 0.900000 0.020173
1.836667 0.139024 0.018923 -0.000708 0.900000 0.018936
1.963333 0.139024 0.017983 -0.001242 0.900000 0.018026
2.090000 0.139024 0.019519 -0.002119 0.900000 0.019633
2.216667 0.139024 0.019554 -0.001347 0.900000 0.019601
2.343333 0.139024 0.021171 -0.000271 0.900000 0.021173
2.470000 0.139024 0.019401 0.000898 0.900000 0.019422
2.596667 0.139024 0.016933 -0.000799 0.900000 0.016952
2.723333 0.139024 0.023723 -0.000897 0.900000 0.023740
2.850000 0.139024 0.027576 0.003048 0.900000 0.027744
2.976667 0.139024 0.020684 0.007020 0.900000 0.021842
3.103333 0.139024 0.015977 -0.008537 0.899971 0.018115
3.230000 0.139024 0.013389 -0.012048 0.899974 0.018012
3.356667 0.139024 0.011683 -0.001403 0.899999 0.011766
3.483333 0.139024 0.012645 0.013343 0.900000 0.018383
3.610000 0.139024 0.005852 0.011650 0.900000 0.013038
3.736667 0.139024 0.000000 0.000000 0.000000 0.000000
0.063333 0.153659 0.000000 0.000000 0.000000 0.000000
0.190000 0.153659 -0.005900 -0.001442 0.900000 0.006073
0.316667 0.153659 -0.011410 0.001289 0.900000 0.011483
0.443333 0.153659 -0.018983 -0.008622 0.899999 0.020850
0.570000 0.153659 -0.020132 0.018519 0.900000 0.027354
0.696667 0.153659 -0.008605 0.014445 0.900000 0.016814
0.823333 0.153659 -0.025110 -0.016412 0.899998 0.029997
0.950000 0.153659 -0.031621 -0.009178 0.899999 0.032926
1.076667 0.153659 -0.013598 -0.006560 0.900000 0.015098
1.203333 0.153659 -0.005011 -0.005006 0.900000 0.007083
1.330000 0.153659 0.006277 -0.007102 0.900000 0.009478
1.456667 0.153659 0.013876 -0.005137 0.900000 0.014797
1.583333 0.153659 0.017231 -0.001652 0.900000 0.017310
1.710000 0.153659 0.019990 -0.000056 0.900000 0.019990
1.836667 0.153659 0.019758 -0.001618 0.900000 0.019824
1.963333 0.153659 0.018992 -0.001446 0.900000 0.019047
2.090000 0.153659 0.020111 -0.002122 0.900000 0.020223
2.216667 0.153659 0.019771 -0.001331 0.900000 0.019816
2.343333 0.153659 0.021693 -0.000403 0.900000 0.021697
2.470000 0.153659 0.019619 0.000862 0.900000 0.019638
2.596667 0.153659 0.017151 -0.000953 0.900000 0.017177
2.723333 0.153659 0.022546 -0.000965 0.900000 0.022567
2.850000 0.153659 0.024286 0.003365 0.900000 0.024518
2.976667 0.153659 0.020974 0.005328 0.900000 0.021640
3.103333 0.153659 0.018526 -0.007260 0.899739 0.019898
3.230000 0.153659 0.012516 -0.010581 0.899754 0.016389
3.356667 0.153659 0.008402 -0.001361 0.899987 0.008512
3.483333 0.153659 0.010855 0.013029 0.900000 0.016958
3.610000 0.153659 0.005833 0.012651 0.900000 0.013931
3.736667 0.153659 0.000000 0.000000 0.000000 0.000000
0.063333 0.168293 0.000000 0.000000 0.000000 0.000000
0.190000 0.168293 -0.007070 -0.000241 0.900000 0.007074
0.316667 0.168293 -0.013589 0.001125 0.900000 0.013635
0.443333 0.168293 -0.021847 -0.007799 0.899993 0.023197
0.570000 0.168293 -0.021619 0.016832 0.900000 0.027399
0.696667 0.168293 -0.007652 0.012880 0.900000 0.014982
0.823333 0.168293 -0.024373 -0.014692 0.899983 0.028459
0.950000 0.168293 -0.032018 -0.009613 0.899988 0.033430
1.076667 0.168293 -0.014949 -0.006317 0.899999 0.016229
1.203333 0.168293 -0.004908 -0.005776 0.899999 0.007579
1.330000 0.168293 0.005308 -0.007260 0.900000 0.008994
1.456667 0.168293 0.011790 -0.005941 0.899999 0.013203
1.583333 0.168293 0.015877 -0.002225 0.900000 0.016033
1.710000 0.168293 0.019022 -0.001553 0.899999 0.019085
1.836667 0.168293 0.018980 -0.002304 0.900000 0.019120
1.963333 0.168293 0.016349 -0.001575 0.900000 0.016424
2.090000 0.168293 0.016997 -0.002113 0.900000 0.017128
2.216667 0.168293 0.016961 -0.001313 0.900000 0.017012
2.343333 0.168293 0.018938 -0.000600 0.900000 0.018948
2.470000 0.168293 0.017878 0.000744 0.900000 0.017893
2.596667 0.168293 0.015534 -0.001120 0.900000 0.015574
2.723333 0.168293 0.019489 -0.000755 0.899997 0.019504
2.850000 0.168293 0.022953 0.003386 0.900000 0.023202
2.976667 0.168293 0.020037 0.003293 0.899999 0.020305
3.103333 0.168293 0.017406 -0.005952 0.898190 0.018396
3.230000 0.168293 0.011412 -0.008510 0.897948 0.014236
3.356667 0.168293 0.005449 -0.001103 0.899754 0.005559
3.483333 0.168293 0.009129 0.012294 0.899998 0.015312
3.610000 0.168293 0.005657 0.013582 0.900000 0.014712
3.736667 0.168293 0.000000 0.000000 0.000000 0.000000
0.063333 0.182927 0.000000 0.000000 0.000000 0.000000
0.190000 0.182927 -0.008299 0.001236 0.900000 0.008391
0.316667 0.182927 -0.015791 0.000936 0.899999 0.015819
0.443333 0.182927 -0.024756 -0.006770 0.899935 0.025665
0.570000 0.182927 -0.023720 0.014793 0.900000 0.027955
0.696667 0.182927 -0.007922 0.011277 0.899999 0.013782
0.823333 0.182927 -0.024406 -0.012702 0.899867 0.027514
0.950000 0.182927 -0.032332 -0.009931 0.899852 0.033823
1.076667 0.182927 -0.015900 -0.005994 0.899985 0.016992
1.203333 0.182927 -0.006457 -0.006636 0.899972 0.009259
1.330000 0.182927 0.002755 -0.007029 0.899989 0.007550
1.456667 0.182927 0.010027 -0.007040 0.899969 0.012251
1.583333 0.182927 0.014444 -0.003784 0.899997 0.014932
1.710000 0.182927 0.017899 -0.003365 0.899981 0.018213
1.836667 0.182927 0.018151 -0.002420 0.899999 0.018311
1.963333 0.182927 0.013876 -0.001582 0.899998 0.013966
2.090000 0.182927 0.014149 -0.002123 0.899995 0.014308
2.216667 0.182927 0.014320 -0.001310 0.899999 0.014380
2.343333 0.182927 0.016203 -0.000796 0.899997 0.016223
2.470000 0.182927 0.016087 0.000436 0.899996 0.016093
2.596667 0.182927 0.014111 -0.001131 0.899986 0.014156
2.723333 0.182927 0.018517 -0.000583 0.899909 0.018527
2.850000 0.182927 0.023873 0.003023 0.899998 0.024064
2.976667 0.182927 0.019396 0.001760 0.899968 0.019476
3.103333 0.182927 0.018935 -0.004974 0.891152 0.019577
3.230000 0.182927 0.013100 -0.006617 0.884761 0.014676
3.356667 0.182927 0.003035 -0.000733 0.896281 0.003122
3.483333 0.182927 0.008879 0.011115 0.899975 0.014226
3.610000 0.182927 0.006496 0.014654 0.899536 0.016029
3.736667 0.182927 0.000000 0.000000 0.000000 0.000000
0.063333 0.197561 0.000000 0.000000 0.000000 0.000000
0.190000 0.197561 -0.009632 0.003010 0.899999 0.010091
0.316667 0.197561 -0.018023 0.000692 0.899975 0.018036
0.443333 0.197561 -0.027411 -0.005512 0.899459 0.027960
0.570000 0.197561 -0.025717 0.012485 0.900000 0.028588
0.696667 0.197561 -0.008045 0.009646 0.899993 0.012560
0.823333 0.197561 -0.024159 -0.010410 0.898999 0.026306
0.950000 0.197561 -0.032398 -0.009927 0.898610 0.033885
1.076667 0.197561 -0.014022 -0.005873 0.899719 0.015203
1.203333 0.197561 -0.005213 -0.007016 0.899589 0.008741
1.330000 0.197561 0.001049 -0.006719 0.899800 0.006800
1.456667 0.197561 0.008784 -0.007482 0.899617 0.011539
1.583333 0.197561 0.013612 -0.004996 0.899913 0.014500
1.710000 0.197561 0.017599 -0.004675 0.899715 0.018209
1.836667 0.197561 0.018644 -0.002310 0.899950 0.018787
1.963333 0.197561 0.014736 -0.001584 0.899914 0.014821
2.090000 0.197561 0.015013 -0.002083 0.899761 0.015157
2.216667 0.197561 0.015190 -0.001337 0.899937 0.015249
2.343333 0.197561 0.017018 -0.000955 0.899842 0.017045
2.470000 0.197561 0.016016 0.000102 0.899772 0.016017
2.596667 0.197561 0.014314 -0.001183 0.899454 0.014363
2.723333 0.197561 0.019460 -0.000515 0.897703 0.019467
2.850000 0.197561 0.025091 0.002474 0.899833 0.025213
2.976667 0.197561 0.019076 0.000930 0.898575 0.019099
3.103333 0.197561 0.018136 -0.004332 0.862178 0.018646
3.230000 0.197561 0.010028 -0.005436 0.814026 0.011406
3.356667 0.197561 -0.007168 0.000043 0.819568 0.007168
3.483333 0.197561 -0.002459 0.009362 0.792456 0.009680
3.610000 0.197561 0.001942 0.015350 0.765722 0.015472
3.736667 0.197561 0.000000 0.000000 0.000000 0.000000
0.063333 0.212195 0.000000 0.000000 0.000000 0.000000
0.190000 0.212195 -0.011191 0.005131 0.899964 0.012311
0.316667 0.212195 -0.020408 0.000330 0.899314 0.020411
0.443333 0.212195 -0.029876 -0.004026 0.895591 0.030146
0.570000 0.212195 -0.027640 0.009982 0.899999 0.029387
0.696667 0.212195 -0.007687 0.007913 0.899943 0.011032
0.823333 0.212195 -0.022381 -0.007957 0.892901 0.023753
0.950000 0.212195 -0.030900 -0.009423 0.889894 0.032305
1.076667 0.212195 -0.011790 -0.006118 0.896033 0.013282
1.203333 0.212195 -0.003777 -0.006682 0.895419 0.007675
1.330000 0.212195 -0.000460 -0.006314 0.897083 0.006330
1.456667 0.212195 0.007417 -0.006408 0.896543 0.009802
1.583333 0.212195 0.013884 -0.004701 0.898358 0.014658
1.710000 0.212195 0.018325 -0.004604 0.896800 0.018894
1.836667 0.212195 0.019022 -0.002300 0.898670 0.019161
1.963333 0.212195 0.015380 -0.001682 0.896761 0.015472
2.090000 0.212195 0.016035 -0.001987 0.892668 0.016157
2.216667 0.212195 0.016467 -0.001400 0.895354 0.016527
2.343333 0.212195 0.018054 -0.001050 0.892536 0.018084
2.470000 0.212195 0.015358 -0.000031 0.892305 0.015358
2.596667 0.212195 0.008854 -0.000826 0.886211 0.008893
2.723333 0.212195 0.011795 -0.000537 0.826926 0.011807
2.850000 0.212195 0.018446 0.001893 0.790328 0.018542
2.976667 0.212195 0.010266 0.000632 0.730212 0.010286
3.103333 0.212195 0.006888 -0.003730 0.656575 0.007833
3.230000 0.212195 0.001446 -0.004984 0.606521 0.005189
3.356667 0.212195 -0.015291 0.001529 0.604324 0.015367
3.483333 0.212195 -0.014124 0.007311 0.643715 0.015904
3.610000 0.212195 -0.004313 0.014677 0.654159 0.015297
3.736667 0.212195 0.000000 0.000000 0.000000 0.000000
0.063333 0.226829 0.000000 0.000000 0.000000 0.000000
0.190000 0.226829 -0.007316 0.006868 0.854045 0.010035
0.316667 0.226829 -0.017453 0.000413 0.885878 0.017458
0.443333 0.226829 -0.029949 -0.002694 0.864483 0.030070
0.570000 0.226829 -0.025768 0.007492 0.899907 0.026835
0.696667 0.226829 -0.003425 0.005918 0.899759 0.006837
0.823333 0.226829 -0.011890 -0.005940 0.856460 0.013291
0.950000 0.226829 -0.021157 -0.008459 0.845266 0.022785
1.076667 0.226829 -0.009947 -0.006214 0.863892 0.011728
1.203333 0.226829 -0.004491 -0.006119 0.860932 0.007590
1.330000 0.226829 -0.001801 -0.005702 0.868524 0.005980
1.456667 0.226829 0.005962 -0.004890 0.869606 0.007711
1.583333 0.226829 0.014746 -0.003930 0.874404 0.015260
1.710000 0.226829 0.018673 -0.003800 0.865219 0.019056
1.836667 0.226829 0.015028 -0.002065 0.870360 0.015170
1.963333 0.226829 0.008702 -0.001773 0.826773 0.008881
2.090000 0.226829 0.010335 -0.001963 0.780054 0.010520
2.216667 0.226829 0.011972 -0.001454 0.741818 0.012060
2.343333 0.226829 0.014509 -0.001194 0.692090 0.014558
2.470000 0.226829 0.011710 -0.000031 0.650587 0.011710
2.596667 0.226829 0.004283 0.000069 0.604955 0.004284
2.723333 0.226829 0.008166 -0.000676 0.600142 0.008194
2.850000 0.226829 0.011310 0.001876 0.613796 0.011464
2.976667 0.226829 -0.000070 0.000346 0.604250 0.000353
3.103333 0.226829 -0.002814 -0.002938 0.600374 0.004068
3.230000 0.226829 -0.003761 -0.005650 0.600007 0.006788
3.356667 0.226829 -0.014369 0.003143 0.600220 0.014709
3.483333 0.226829 -0.013556 0.005676 0.604663 0.014696
3.610000 0.226829 -0.004709 0.013137 0.611015 0.013955
3.736667 0.226829 0.000000 0.000000 0.000000 0.000000
0.063333 0.241463 0.000000 0.000000 0.000000 0.000000
0.190000 0.241463 -0.002226 0.007408 0.669502 0.007735
0.316667 0.241463 -0.008493 0.001014 0.638144 0.008553
0.443333 0.241463 -0.022385 -0.001846 0.688032 0.022461
0.570000 0.241463 -0.019959 0.005333 0.760467 0.020659
0.696667 0.241463 -0.000743 0.003984 0.772493 0.004052
0.823333 0.241463 -0.007485 -0.004849 0.714932 0.008918
0.950000 0.241463 -0.016671 -0.007245 0.705540 0.018177
1.076667 0.241463 -0.012676 -0.005771 0.713242 0.013928
1.203333 0.241463 -0.009553 -0.005906 0.699670 0.011232
1.330000 0.241463 -0.007400 -0.004749 0.689691 0.008793
1.456667 0.241463 -0.000665 -0.004600 0.669983 0.004648
1.583333 0.241463 0.009461 -0.003543 0.647275 0.010103
1.710000 0.241463 0.016080 -0.003310 0.615139 0.016417
1.836667 0.241463 0.013198 -0.001352 0.605056 0.013268
1.963333 0.241463 0.004649 -0.001698 0.600548 0.004949
2.090000 0.241463 0.006047 -0.001983 0.600254 0.006364
2.216667 0.241463 0.007017 -0.001355 0.600827 0.007147
2.343333 0.241463 0.008684 -0.001437 0.600093 0.008802
2.470000 0.241463 0.005072 -0.000033 0.601578 0.005072
2.596667 0.241463 0.000741 0.000452 0.600141 0.000868
2.723333 0.241463 0.006547 -0.000629 0.600002 0.006577
2.850000 0.241463 0.007434 0.002361 0.600949 0.007800
2.976667 0.241463 -0.001572 -0.000440 0.600040 0.001632
3.103333 0.241463 -0.002673 -0.002017 0.600001 0.003349
3.230000 0.241463 -0.003822 -0.007058 0.600000 0.008026
3.356667 0.241463 -0.013863 0.004571 0.600011 0.014597
3.483333 0.241463 -0.012989 0.004709 0.600300 0.013816
3.610000 0.241463 -0.004278 0.011570 0.601485 0.012336
3.736667 0.241463 0.000000 0.000000 0.000000 0.000000
0.063333 0.256098 0.000000 0.000000 0.000000 0.000000
0.190000 0.256098 -0.001745 0.007252 0.610547 0.007459
0.316667 0.256098 -0.003619 0.001158 0.600392 0.003800
0.443333 0.256098 -0.014768 -0.001170 0.601490 0.014814
0.570000 0.256098 -0.015888 0.003621 0.626245 0.016295
0.696667 0.256098 -0.004043 0.002781 0.624994 0.004907
0.823333 0.256098 -0.013967 -0.004489 0.600165 0.014671
0.950000 0.256098 -0.020691 -0.006352 0.600012 0.021645
1.076667 0.256098 -0.017635 -0.005060 0.600241 0.018346
1.203333 0.256098 -0.014003 -0.006290 0.600077 0.015350
1.330000 0.256098 -0.007132 -0.003928 0.600477 0.008142
1.456667 0.256098 -0.001873 -0.005549 0.600625 0.005857
1.583333 0.256098 0.002853 -0.003288 0.600373 0.004353
1.710000 0.256098 0.009415 -0.003299 0.600055 0.009976
1.836667 0.256098 0.008871 -0.000612 0.600058 0.008892
1.963333 0.256098 0.001617 -0.001525 0.600001 0.002223
2.090000 0.256098 0.003114 -0.001978 0.600001 0.003689
2.216667 0.256098 0.003951 -0.001120 0.600015 0.004107
2.343333 0.256098 0.005829 -0.001715 0.600000 0.006075
2.470000 0.256098 0.003943 -0.000211 0.600062 0.003948
2.596667 0.256098 -0.000882 0.000534 0.600004 0.001031
2.723333 0.256098 0.002367 -0.000216 0.600000 0.002377
2.850000 0.256098 0.005122 0.002527 0.600073 0.005711
2.976667 0.256098 -0.004107 -0.001213 0.600001 0.004282
3.103333 0.256098 -0.005666 -0.001385 0.600000 0.005833
3.230000 0.256098 -0.003780 -0.008553 0.600000 0.009351
3.356667 0.256098 -0.013350 0.006021 0.600001 0.014645
3.483333 0.256098 -0.012545 0.003985 0.600014 0.013163
3.610000 0.256098 -0.003909 0.010088 0.600139 0.010819
3.736667 0.256098 0.000000 0.000000 0.000000 0.000000
0.063333 0.270732 0.000000 0.000000 0.000000 0.000000
0.190000 0.270732 -0.002452 0.007084 0.601050 0.007497
0.316667 0.270732 -0.004936 0.000823 0.600002 0.005004
0.443333 0.270732 -0.014844 -0.000587 0.600074 0.014856
0.570000 0.270732 -0.016040 0.002217 0.601813 0.016193
0.696667 0.270732 -0.008100 0.002278 0.601741 0.008414
0.823333 0.270732 -0.017244 -0.004691 0.600000 0.017871
0.950000 0.270732 -0.021206 -0.005815 0.600001 0.021989
1.076667 0.270732 -0.019217 -0.004319 0.600016 0.019697
1.203333 0.270732 -0.015537 -0.007065 0.600000 0.017068
1.330000 0.270732 -0.003730 -0.003985 0.600002 0.005458
1.456667 0.270732 0.001965 -0.006229 0.600001 0.006532
1.583333 0.270732 0.001591 -0.002852 0.600003 0.003266
1.710000 0.270732 0.006645 -0.003391 0.600000 0.007460
1.836667 0.270732 0.005750 -0.000104 0.600001 0.005751
1.963333 0.270732 -0.001162 -0.001371 0.600000 0.001797
2.090000 0.270732 0.000300 -0.001958 0.600000 0.001981
2.216667 0.270732 0.001141 -0.000896 0.600000 0.001451
2.343333 0.270732 0.003025 -0.001965 0.600000 0.003607
2.470000 0.270732 0.002598 -0.000756 0.600002 0.002706
2.596667 0.270732 -0.002397 0.001068 0.600000 0.002624
2.723333 0.270732 0.001342 0.000200 0.600000 0.001357
2.850000 0.270732 0.006282 0.002393 0.600004 0.006723
2.976667 0.270732 -0.005978 -0.001303 0.600000 0.006118
3.103333 0.270732 -0.008077 -0.001382 0.600000 0.008194
3.230000 0.270732 -0.003655 -0.009078 0.600000 0.009786
3.356667 0.270732 -0.013047 0.007452 0.600000 0.015025
3.483333 0.270732 -0.012091 0.003183 0.600000 0.012503
3.610000 0.270732 -0.003596 0.008679 0.600009 0.009395
3.736667 0.270732 0.000000 0.000000 0.000000 0.000000
0.063333 0.285366 0.000000 0.000000 0.000000 0.000000
0.190000 0.285366 -0.003053 0.007032 0.600077 0.007666
0.316667 0.285366 -0.006022 0.000431 0.600000 0.006037
0.443333 0.285366 -0.015376 -0.000197 0.600002 0.015378
0.570000 0.285366 -0.016867 0.001027 0.600056 0.016898
0.696667 0.285366 -0.011418 0.002180 0.600087 0.011624
0.823333 0.285366 -0.019921 -0.005498 0.600000 0.020666
0.950000 0.285366 -0.021971 -0.005353 0.600000 0.022614
1.076667 0.285366 -0.018045 -0.003862 0.600002 0.018454
1.203333 0.285366 -0.014478 -0.007565 0.600000 0.016335
1.330000 0.285366 -0.004944 -0.004601 0.600000 0.006753
1.456667 0.285366 0.001310 -0.006305 0.600000 0.006439
1.583333 0.285366 0.002563 -0.002334 0.600000 0.003466
1.710000 0.285366 0.008319 -0.003331 0.600000 0.008961
1.836667 0.285366 0.006659 0.000359 0.600000 0.006669
1.963333 0.285366 -0.000177 -0.001257 0.600000 0.001269
2.090000 0.285366 0.001465 -0.001890 0.600000 0.002392
2.216667 0.285366 0.002720 -0.000748 0.600000 0.002821
2.343333 0.285366 0.004641 -0.002134 0.600000 0.005108
2.470000 0.285366 0.003322 -0.001443 0.600000 0.003622
2.596667 0.285366 -0.001779 0.001800 0.600000 0.002531
2.723333 0.285366 0.002703 0.000430 0.600000 0.002737
2.850000 0.285366 0.007843 0.002275 0.600000 0.008167
2.976667 0.285366 -0.004476 -0.001040 0.600000 0.004596
3.103333 0.285366 -0.006781 -0.001681 0.600000 0.006986
3.230000 0.285366 -0.001472 -0.007796 0.600000 0.007934
3.356667 0.285366 -0.011144 0.008969 0.600000 0.014305
3.483333 0.285366 -0.011307 0.002278 0.600000 0.011534
3.610000 0.285366 -0.003022 0.007368 0.600000 0.007964
3.736667 0.285366 0.000000 0.000000 0.000000 0.000000
0.063333 0.300000 0.000000 0.000000 0.000000 0.000000
0.190000 0.300000 -0.003575 0.007047 0.600004 0.007902
0.316667 0.300000 -0.006812 -0.000070 0.600000 0.006812
0.443333 0.300000 -0.015573 0.000102 0.600000 0.015573
0.570000 0.300000 -0.017428 0.000101 0.600001 0.017429
0.696667 0.300000 -0.014060 0.002460 0.600004 0.014273
0.823333 0.300000 -0.021827 -0.006829 0.600000 0.022870
0.950000 0.300000 -0.022174 -0.004987 0.600000 0.022728
1.076667 0.300000 -0.016774 -0.003947 0.600000 0.017232
1.203333 0.300000 -0.013271 -0.007454 0.600000 0.015221
1.330000 0.300000 -0.006153 -0.005191 0.600000 0.008050
1.456667 0.300000 0.000343 -0.006324 0.600000 0.006334
1.583333 0.300000 0.003730 -0.001920 0.600000 0.004196
1.710000 0.300000 0.008934 -0.002947 0.600000 0.009407
1.836667 0.300000 0.006462 0.000699 0.600000 0.006500
1.963333 0.300000 0.001026 -0.001216 0.600000 0.001591
2.090000 0.300000 0.002994 -0.001782 0.600000 0.003484
2.216667 0.300000 0.004191 -0.000662 0.600000 0.004243
2.343333 0.300000 0.006045 -0.002297 0.600000 0.006467
2.470000 0.300000 0.004257 -0.002052 0.600000 0.004725
2.596667 0.300000 -0.000992 0.002459 0.600000 0.002651
2.723333 0.300000 0.004148 0.000598 0.600000 0.004191
2.850000 0.300000 0.009306 0.002172 0.600000 0.009556
2.976667 0.300000 -0.002812 -0.000807 0.600000 0.002926
3.103333 0.300000 -0.005506 -0.001877 0.600000 0.005817
3.230000 0.300000 0.000744 -0.005994 0.600000 0.006040
3.356667 0.300000 -0.008965 0.010786 0.600000 0.014025
3.483333 0.300000 -0.010540 0.001247 0.600000 0.010614
3.610000 0.300000 -0.002444 0.006186 0.600000 0.006651
3.736667 0.300000 0.000000 0.000000 0.000000 0.000000
0.063333 0.314634 0.000000 0.000000 0.000000 0.000000
0.190000 0.314634 -0.003331 0.007197 0.600000 0.007931
0.316667 0.314634 -0.005710 -0.000341 0.600000 0.005721
0.443333 0.314634 -0.013659 0.000347 0.600000 0.013663
0.570000 0.314634 -0.014955 -0.000658 0.600000 0.014969
0.696667 0.314634 -0.010414 0.002885 0.600000 0.010806
0.823333 0.314634 -0.019721 -0.007965 0.600000 0.021268
0.950000 0.314634 -0.020915 -0.004857 0.600000 0.021471
1.076667 0.314634 -0.016497 -0.004034 0.600000 0.016983
1.203333 0.314634 -0.014578 -0.007120 0.600000 0.016224
1.330000 0.314634 -0.007349 -0.005621 0.600000 0.009252
1.456667 0.314634 -0.000786 -0.006357 0.600000 0.006405
1.583333 0.314634 0.002682 -0.001345 0.600000 0.003000
1.710000 0.314634 0.007368 -0.002875 0.600000 0.007909
1.836667 0.314634 0.006412 0.000736 0.600000 0.006454
1.963333 0.314634 0.002310 -0.001244 0.600000 0.002624
2.090000 0.314634 0.004353 -0.001617 0.600000 0.004644
2.216667 0.314634 0.004756 -0.000519 0.600000 0.004784
2.343333 0.314634 0.006601 -0.002601 0.600000 0.007095
2.470000 0.314634 0.005174 -0.002603 0.600000 0.005792
2.596667 0.314634 -0.000170 0.003025 0.600000 0.003029
2.723333 0.314634 0.005394 0.000723 0.600000 0.005442
2.850000 0.314634 0.008240 0.002320 0.600000 0.008560
2.976667 0.314634 -0.003603 -0.000898 0.600000 0.003713
3.103333 0.314634 -0.004929 -0.001805 0.600000 0.005249
3.230000 0.314634 0.000803 -0.004478 0.600000 0.004549
3.356667 0.314634 -0.007561 0.012692 0.600000 0.014773
3.483333 0.314634 -0.009350 0.000244 0.600000 0.009353
3.610000 0.314634 -0.002227 0.005094 0.600000 0.005559
3.736667 0.314634 0.000000 0.000000 0.000000 0.000000
0.063333 0.329268 0.000000 0.000000 0.000000 0.000000
0.190000 0.329268 -0.002982 0.007608 0.600000 0.008172
0.316667 0.329268 -0.004464 0.000004 0.600000 0.004464
0.443333 0.329268 -0.011863 0.000591 0.600000 0.011878
0.570000 0.329268 -0.012639 -0.001359 0.600000 0.012712
0.696667 0.329268 -0.006789 0.003244 0.600000 0.007525
0.823333 0.329268 -0.017780 -0.008110 0.600000 0.019542
0.950000 0.329268 -0.020203 -0.005057 0.600000 0.020827
1.076667 0.329268 -0.016582 -0.003653 0.600000 0.016980
1.203333 0.329268 -0.014164 -0.007077 0.600000 0.015833
1.330000 0.329268 -0.006832 -0.005645 0.600000 0.008862
1.456667 0.329268 -0.001928 -0.006413 0.600000 0.006696
1.583333 0.329268 0.004211 -0.000659 0.600000 0.004263
1.710000 0.329268 0.009780 -0.003651 0.600000 0.010440
1.836667 0.329268 0.007628 0.000598 0.600000 0.007652
1.963333 0.329268 0.003161 -0.001300 0.600000 0.003418
2.090000 0.329268 0.004964 -0.001345 0.600000 0.005143
2.216667 0.329268 0.004939 -0.000322 0.600000 0.004950
2.343333 0.329268 0.006786 -0.003079 0.600000 0.007451
2.470000 0.329268 0.005857 -0.003193 0.600000 0.006671
2.596667 0.329268 0.000622 0.003540 0.600000 0.003594
2.723333 0.329268 0.004270 0.001063 0.600000 0.004401
2.850000 0.329268 0.004655 0.002753 0.600000 0.005408
2.976667 0.329268 -0.005242 -0.001558 0.600000 0.005469
3.103333 0.329268 -0.004751 -0.001440 0.600000 0.004964
3.230000 0.329268 0.001061 -0.002994 0.600000 0.003176
3.356667 0.329268 -0.005928 0.014426 0.600000 0.015596
3.483333 0.329268 -0.007857 -0.000580 0.600000 0.007879
3.610000 0.329268 -0.001851 0.004071 0.600000 0.004472
3.736667 0.329268 0.000000 0.000000 0.000000 0.000000
0.063333 0.343902 0.000000 0.000000 0.000000 0.000000
0.190000 0.343902 -0.003097 0.008160 0.600000 0.008728
0.316667 0.343902 -0.004672 0.000606 0.600000 0.004711
0.443333 0.343902 -0.012254 0.000879 0.600000 0.012286
0.570000 0.343902 -0.013586 -0.001809 0.600000 0.013706
0.696667 0.343902 -0.009702 0.003873 0.600000 0.010446
0.823333 0.343902 -0.020109 -0.007768 0.600000 0.021557
0.950000 0.343902 -0.021063 -0.005253 0.600000 0.021708
1.076667 0.343902 -0.018854 -0.002888 0.600000 0.019074
1.203333 0.343902 -0.014375 -0.007512 0.600000 0.016220
1.330000 0.343902 -0.005530 -0.005193 0.600000 0.007586
1.456667 0.343902 -0.002157 -0.006333 0.600000 0.006690
1.583333 0.343902 0.005403 -0.000154 0.600000 0.005405
1.710000 0.343902 0.011873 -0.004534 0.600000 0.012709
1.836667 0.343902 0.007316 0.000611 0.600000 0.007342
1.963333 0.343902 0.000243 -0.001261 0.600000 0.001284
2.090000 0.343902 0.001729 -0.000998 0.600000 0.001996
2.216667 0.343902 0.001790 -0.000088 0.600000 0.001793
2.343333 0.343902 0.003353 -0.003638 0.600000 0.004948
2.470000 0.343902 0.004819 -0.004086 0.600000 0.006318
2.596667 0.343902 -0.000598 0.004209 0.600000 0.004251
2.723333 0.343902 0.000953 0.001694 0.600000 0.001944
2.850000 0.343902 0.003161 0.003017 0.600000 0.004370
2.976667 0.343902 -0.006681 -0.002399 0.600000 0.007098
3.103333 0.343902 -0.006481 -0.001048 0.600000 0.006565
3.230000 0.343902 0.001384 -0.001551 0.600000 0.002079
3.356667 0.343902 -0.005045 0.016085 0.600000 0.016857
3.483333 0.343902 -0.007114 -0.001335 0.600000 0.007238
3.610000 0.343902 -0.001469 0.003141 0.600000 0.003467
3.736667 0.343902 0.000000 0.000000 0.000000 0.000000
0.063333 0.358537 0.000000 0.000000 0.000000 0.000000
0.190000 0.358537 -0.003180 0.008690 0.600000 0.009254
0.316667 0.358537 -0.004894 0.001090 0.600000 0.005014
0.443333 0.358537 -0.012571 0.001220 0.600000 0.012630
0.570000 0.358537 -0.014536 -0.001733 0.600000 0.014639
0.696667 0.358537 -0.013496 0.005209 0.600000 0.014466
0.823333 0.358537 -0.023334 -0.007704 0.599992 0.024573
0.950000 0.358537 -0.021953 -0.005180 0.600000 0.022556
1.076667 0.358537 -0.021014 -0.001789 0.600000 0.021090
1.203333 0.358537 -0.016605 -0.008171 0.600000 0.018507
1.330000 0.358537 -0.005719 -0.004669 0.600000 0.007382
1.456667 0.358537 -0.001864 -0.005912 0.600000 0.006199
1.583333 0.358537 0.003732 0.000491 0.600000 0.003764
1.710000 0.358537 0.011016 -0.005267 0.600000 0.012210
1.836667 0.358537 0.006920 0.001071 0.600000 0.007002
1.963333 0.358537 -0.002601 -0.001038 0.600000 0.002801
2.090000 0.358537 -0.001277 -0.000601 0.600000 0.001411
2.216667 0.358537 -0.001270 0.000281 0.600000 0.001301
2.343333 0.358537 0.000044 -0.004262 0.600000 0.004263
2.470000 0.358537 0.004033 -0.005443 0.600000 0.006774
2.596667 0.358537 -0.001582 0.005206 0.600000 0.005441
2.723333 0.358537 -0.000027 0.002289 0.600000 0.002289
2.850000 0.358537 0.004130 0.003050 0.600000 0.005134
2.976667 0.358537 -0.007290 -0.002950 0.600000 0.007865
3.103333 0.358537 -0.007697 -0.000763 0.600000 0.007735
3.230000 0.358537 0.001574 -0.000122 0.600000 0.001579
3.356667 0.358537 -0.003927 0.017699 0.600000 0.018129
3.483333 0.358537 -0.006214 -0.002061 0.600000 0.006547
3.610000 0.358537 -0.001297 0.002283 0.600000 0.002625
3.736667 0.358537 0.000000 0.000000 0.000000 0.000000
0.063333 0.373171 0.000000 0.000000 0.000000 0.000000
0.190000 0.373171 -0.003240 0.009180 0.600000 0.009735
0.316667 0.373171 -0.004975 0.001433 0.600000 0.005177
0.443333 0.373171 -0.012325 0.001566 0.600000 0.012424
0.570000 0.373171 -0.014976 -0.000911 0.600000 0.015003
0.696667 0.373171 -0.017381 0.007465 0.599995 0.018916
0.823333 0.373171 -0.026752 -0.008027 0.599880 0.027930
0.950000 0.373171 -0.022699 -0.004858 0.599998 0.023213
1.076667 0.373171 -0.019878 -0.000612 0.600000 0.019888
1.203333 0.373171 -0.015754 -0.008368 0.599999 0.017838
1.330000 0.373171 -0.006333 -0.004279 0.600000 0.007643
1.456667 0.373171 -0.001959 -0.005140 0.600000 0.005500
1.583333 0.373171 0.001995 0.000908 0.600000 0.002192
1.710000 0.373171 0.010063 -0.006105 0.599999 0.011770
1.836667 0.373171 0.007684 0.001968 0.600000 0.007932
1.963333 0.373171 -0.002079 -0.000770 0.600000 0.002217
2.090000 0.373171 -0.000493 -0.000014 0.600000 0.000493
2.216667 0.373171 -0.000522 0.000745 0.600000 0.000909
2.343333 0.373171 0.000411 -0.004949 0.599999 0.004966
2.470000 0.373171 0.004826 -0.007124 0.599999 0.008605
2.596667 0.373171 -0.000293 0.006413 0.600000 0.006420
2.723333 0.373171 0.001326 0.002850 0.600000 0.003144
2.850000 0.373171 0.005287 0.003035 0.600000 0.006096
2.976667 0.373171 -0.005786 -0.003241 0.599997 0.006632
3.103333 0.373171 -0.006830 -0.000236 0.600000 0.006834
3.230000 0.373171 0.001703 0.001371 0.600000 0.002186
3.356667 0.373171 -0.002716 0.019190 0.600000 0.019382
3.483333 0.373171 -0.005139 -0.002672 0.600000 0.005792
3.610000 0.373171 -0.001097 0.001475 0.600000 0.001839
3.736667 0.373171 0.000000 0.000000 0.000000 0.000000
0.063333 0.387805 0.000000 0.000000 0.000000 0.000000
0.190000 0.387805 -0.003204 0.009624 0.600000 0.010144
0.316667 0.387805 -0.004714 0.001601 0.600000 0.004979
0.443333 0.387805 -0.011630 0.001893 0.600000 0.011783
0.570000 0.387805 -0.015157 0.000914 0.599999 0.015184
0.696667 0.387805 -0.021009 0.010782 0.599912 0.023614
0.823333 0.387805 -0.029719 -0.008684 0.598764 0.030962
0.950000 0.387805 -0.023008 -0.004521 0.599978 0.023448
1.076667 0.387805 -0.018267 0.000450 0.599999 0.018273
1.203333 0.387805 -0.014370 -0.007623 0.599992 0.016267
1.330000 0.387805 -0.007177 -0.003841 0.600000 0.008140
1.456667 0.387805 -0.004054 -0.003934 0.599999 0.005649
1.583333 0.387805 -0.001572 0.000361 0.600000 0.001613
1.710000 0.387805 0.008900 -0.007025 0.599993 0.011338
1.836667 0.387805 0.008531 0.003024 0.600000 0.009051
1.963333 0.387805 -0.001467 -0.000620 0.599999 0.001593
2.090000 0.387805 0.000583 0.000907 0.599996 0.001078
2.216667 0.387805 0.000780 0.001196 0.600000 0.001428
2.343333 0.387805 0.001009 -0.005636 0.599989 0.005725
2.470000 0.387805 0.005472 -0.009059 0.599995 0.010583
2.596667 0.387805 0.001114 0.007720 0.599998 0.007800
2.723333 0.387805 0.002743 0.003530 0.599999 0.004470
2.850000 0.387805 0.006177 0.002961 0.600000 0.006850
2.976667 0.387805 -0.004300 -0.003524 0.599955 0.005559
3.103333 0.387805 -0.005494 0.000820 0.599986 0.005555
3.230000 0.387805 0.002074 0.003037 0.600000 0.003678
3.356667 0.387805 -0.001797 0.020566 0.600000 0.020644
3.483333 0.387805 -0.004267 -0.003183 0.600000 0.005324
3.610000 0.387805 -0.000855 0.000728 0.600000 0.001123
3.736667 0.387805 0.000000 0.000000 0.000000 0.000000
0.063333 0.402439 0.000000 0.000000 0.000000 0.000000
0.190000 0.402439 -0.002517 0.009947 0.600000 0.010261
0.316667 0.402439 -0.003039 0.001560 0.599999 0.003417
0.443333 0.402439 -0.008329 0.002075 0.599986 0.008584
0.570000 0.402439 -0.012224 0.004116 0.599977 0.012899
0.696667 0.402439 -0.019427 0.015346 0.599227 0.024757
0.823333 0.402439 -0.028072 -0.009079 0.592508 0.029504
0.950000 0.402439 -0.021155 -0.004448 0.599755 0.021618
1.076667 0.402439 -0.018163 0.002220 0.599925 0.018298
1.203333 0.402439 -0.015752 -0.006158 0.599928 0.016913
1.330000 0.402439 -0.008448 -0.003020 0.599999 0.008972
1.456667 0.402439 -0.007564 -0.001924 0.599975 0.007805
1.583333 0.402439 -0.006479 -0.000374 0.599992 0.006489
1.710000 0.402439 0.007717 -0.008033 0.599834 0.011139
1.836667 0.402439 0.010165 0.004134 0.599996 0.010973
1.963333 0.402439 -0.000602 -0.000619 0.599933 0.000863
2.090000 0.402439 0.002308 0.002243 0.599704 0.003218
2.216667 0.402439 0.002857 0.001750 0.599975 0.003350
2.343333 0.402439 0.001909 -0.006281 0.599905 0.006565
2.470000 0.402439 0.007571 -0.011423 0.599967 0.013704
2.596667 0.402439 0.004818 0.009376 0.599944 0.010541
2.723333 0.402439 0.005751 0.004430 0.599975 0.007259
2.850000 0.402439 0.006338 0.003013 0.599999 0.007017
2.976667 0.402439 -0.003237 -0.004168 0.599603 0.005277
3.103333 0.402439 -0.002904 0.002655 0.599609 0.003935
3.230000 0.402439 0.002741 0.005132 0.599996 0.005818
3.356667 0.402439 -0.000812 0.021811 0.600000 0.021826
3.483333 0.402439 -0.003235 -0.003615 0.600000 0.004851
3.610000 0.402439 -0.000577 0.000057 0.600000 0.000580
3.736667 0.402439 0.000000 0.000000 0.000000 0.000000
0.063333 0.417073 0.000000 0.000000 0.000000 0.000000
0.190000 0.417073 -0.001703 0.010066 0.600000 0.010209
0.316667 0.417073 -0.001418 0.001372 0.599972 0.001973
0.443333 0.417073 -0.009315 0.002395 0.596692 0.009618
0.570000 0.417073 -0.013303 0.004636 0.555246 0.014088
0.696667 0.417073 0.006375 0.015269 0.565882 0.016546
0.823333 0.417073 0.009358 -0.008186 0.558434 0.012434
0.950000 0.417073 -0.001659 -0.005552 0.559855 0.005794
1.076667 0.417073 -0.000135 0.001546 0.562122 0.001552
1.203333 0.417073 -0.000986 -0.006267 0.556901 0.006344
1.330000 0.417073 -0.002417 -0.003906 0.563042 0.004594
1.456667 0.417073 0.001462 -0.002482 0.563460 0.002880
1.583333 0.417073 0.008576 -0.002622 0.565556 0.008968
1.710000 0.417073 0.011185 -0.009759 0.562812 0.014844
1.836667 0.417073 0.006020 0.004559 0.598621 0.007552
1.963333 0.417073 -0.011348 0.000630 0.595737 0.011366
2.090000 0.417073 -0.020950 0.001034 0.564195 0.020976
2.216667 0.417073 -0.012801 0.000093 0.567738 0.012801
2.343333 0.417073 -0.008704 -0.007455 0.563473 0.011460
2.470000 0.417073 -0.019641 -0.013412 0.561761 0.023783
2.596667 0.417073 -0.026152 0.008030 0.563206 0.027357
2.723333 0.417073 -0.018475 0.003579 0.559157 0.018819
2.850000 0.417073 -0.012098 0.001923 0.562986 0.012250
2.976667 0.417073 -0.017727 -0.005041 0.555984 0.018430
3.103333 0.417073 -0.017717 0.001913 0.561769 0.017820
3.230000 0.417073 -0.001653 0.005213 0.559053 0.005469
3.356667 0.417073 0.001119 0.022785 0.597974 0.022812
3.483333 0.417073 -0.001808 -0.003924 0.599997 0.004321
3.610000 0.417073 -0.000274 -0.000525 0.600000 0.000592
3.736667 0.417073 0.000000 0.000000 0.000000 0.000000
0.063333 0.431707 0.000000 0.000000 0.000000 0.000000
0.190000 0.431707 -0.001295 0.010018 0.600000 0.010101
0.316667 0.431707 -0.000806 0.001123 0.599998 0.001382
0.443333 0.431707 -0.003552 0.002382 0.599492 0.004276
0.570000 0.431707 -0.007591 0.002299 0.299128 0.007932
0.696667 0.431707 0.006718 0.016950 0.297228 0.018232
0.823333 0.431707 0.010388 -0.010468 0.299961 0.014748
0.950000 0.431707 -0.000424 -0.009639 0.299991 0.009649
1.076667 0.431707 0.000519 -0.001210 0.299998 0.001316
1.203333 0.431707 0.000065 -0.011626 0.300000 0.011626
1.330000 0.431707 -0.001445 -0.007792 0.300000 0.007925
1.456667 0.431707 0.001168 -0.006956 0.300000 0.007053
1.583333 0.431707 0.008133 -0.007391 0.299993 0.010989
1.710000 0.431707 0.009243 -0.009620 0.300000 0.013340
1.836667 0.431707 0.002763 0.004118 0.599781 0.004959
1.963333 0.431707 -0.005594 0.002168 0.599696 0.006000
2.090000 0.431707 -0.014828 -0.002390 0.299999 0.015020
2.216667 0.431707 -0.014748 -0.002237 0.299940 0.014917
2.343333 0.431707 -0.010607 -0.011395 0.299955 0.015567
2.470000 0.431707 -0.020910 -0.019616 0.299969 0.028671
2.596667 0.431707 -0.027004 0.006745 0.299277 0.027834
2.723333 0.431707 -0.020684 0.002376 0.299737 0.020820
2.850000 0.431707 -0.014160 0.001386 0.299947 0.014228
2.976667 0.431707 -0.018064 -0.008344 0.299999 0.019898
3.103333 0.431707 -0.017975 -0.000752 0.299974 0.017990
3.230000 0.431707 -0.006105 0.009422 0.299211 0.011226
3.356667 0.431707 -0.002199 0.022853 0.599066 0.022958
3.483333 0.431707 -0.000613 -0.004105 0.599997 0.004151
3.610000 0.431707 0.000019 -0.001012 0.600000 0.001013
3.736667 0.431707 0.000000 0.000000 0.000000 0.000000
0.063333 0.446341 0.000000 0.000000 0.000000 0.000000
0.190000 0.446341 -0.000871 0.009854 0.600000 0.009892
0.316667 0.446341 -0.000199 0.000840 0.600000 0.000863
0.443333 0.446341 -0.002951 0.001775 0.599955 0.003444
0.570000 0.446341 -0.003285 -0.000391 0.299982 0.003308
0.696667 0.446341 0.004994 0.019771 0.299269 0.020392
0.823333 0.446341 0.003342 -0.013195 0.299993 0.013611
0.950000 0.446341 -0.001496 -0.012314 0.300000 0.012404
1.076667 0.446341 -0.001526 -0.002466 0.300000 0.002900
1.203333 0.446341 -0.000844 -0.016483 0.300000 0.016505
1.330000 0.446341 -0.000641 -0.009993 0.300000 0.010014
1.456667 0.446341 -0.000691 -0.009980 0.300000 0.010003
1.583333 0.446341 0.006032 -0.010661 0.300000 0.012250
1.710000 0.446341 0.007926 -0.008434 0.300000 0.011573
1.836667 0.446341 0.000630 0.003623 0.599985 0.003677
1.963333 0.446341 -0.008895 0.002582 0.599983 0.009262
2.090000 0.446341 -0.016588 -0.004703 0.300000 0.017241
2.216667 0.446341 -0.017851 -0.002087 0.299993 0.017973
2.343333 0.446341 -0.016181 -0.013578 0.299998 0.021123
2.470000 0.446341 -0.018794 -0.023238 0.299998 0.029887
2.596667 0.446341 -0.022494 0.006308 0.299942 0.023361
2.723333 0.446341 -0.021385 0.001813 0.299993 0.021462
2.850000 0.446341 -0.014696 0.002178 0.299995 0.014857
2.976667 0.446341 -0.015647 -0.011259 0.300000 0.019277
3.103333 0.446341 -0.022273 -0.002026 0.299999 0.022365
3.230000 0.446341 -0.013383 0.013807 0.299940 0.019229
3.356667 0.446341 -0.002173 0.022066 0.599734 0.022172
3.483333 0.446341 0.000149 -0.004219 0.599999 0.004222
3.610000 0.446341 0.000309 -0.001406 0.600000 0.001440
3.736667 0.446341 0.000000 0.000000 0.000000 0.000000
0.063333 0.460976 0.000000 0.000000 0.000000 0.000000
0.190000 0.460976 -0.000455 0.009576 0.600000 0.009586
0.316667 0.460976 0.000421 0.000528 0.600000 0.000676
0.443333 0.460976 -0.002266 0.001202 0.599997 0.002566
0.570000 0.460976 -0.003180 -0.003570 0.300000 0.004781
0.696667 0.460976 0.004663 0.016904 0.299875 0.017536
0.823333 0.460976 0.005001 -0.012349 0.299999 0.013324
0.950000 0.460976 0.001138 -0.011525 0.300000 0.011581
1.076667 0.460976 0.002868 -0.003386 0.300000 0.004438
1.203333 0.460976 0.002571 -0.016835 0.300000 0.017030
1.330000 0.460976 -0.000279 -0.009497 0.300000 0.009501
1.456667 0.460976 0.000055 -0.009916 0.300000 0.009916
1.583333 0.460976 0.006589 -0.010981 0.300000 0.012806
1.710000 0.460976 0.007674 -0.008751 0.300000 0.011639
1.836667 0.460976 -0.000400 0.003201 0.600000 0.003226
1.963333 0.460976 -0.009993 0.002834 0.599999 0.010387
2.090000 0.460976 -0.018567 -0.006129 0.300000 0.019552
2.216667 0.460976 -0.020223 -0.001227 0.299999 0.020260
2.343333 0.460976 -0.018368 -0.011851 0.300000 0.021860
2.470000 0.460976 -0.020972 -0.019792 0.300000 0.028836
2.596667 0.460976 -0.024353 0.003738 0.299998 0.024638
2.723333 0.460976 -0.023598 0.000522 0.300000 0.023604
2.850000 0.460976 -0.016853 0.002347 0.300000 0.017016
2.976667 0.460976 -0.016835 -0.011167 0.300000 0.020202
3.103333 0.460976 -0.022738 -0.002890 0.300000 0.022921
3.230000 0.460976 -0.014017 0.012014 0.299997 0.018461
3.356667 0.460976 -0.002042 0.021018 0.599949 0.021117
3.483333 0.460976 0.000956 -0.004301 0.600000 0.004406
3.610000 0.460976 0.000601 -0.001711 0.600000 0.001813
3.736667 0.460976 0.000000 0.000000 0.000000 0.000000
0.063333 0.475610 0.000000 0.000000 0.000000 0.000000
0.190000 0.475610 -0.000006 0.009183 0.600000 0.009183
0.316667 0.475610 0.001172 0.000183 0.600000 0.001186
0.443333 0.475610 -0.001569 0.000694 0.600000 0.001716
0.570000 0.475610 -0.002992 -0.005852 0.300000 0.006572
0.696667 0.475610 0.004807 0.014502 0.299985 0.015278
0.823333 0.475610 0.006924 -0.011560 0.300000 0.013475
0.950000 0.475610 0.003856 -0.010623 0.300000 0.011301
1.076667 0.475610 0.006389 -0.004341 0.300000 0.007724
1.203333 0.475610 0.005184 -0.016256 0.300000 0.017063
1.330000 0.475610 0.000205 -0.008924 0.300000 0.008926
1.456667 0.475610 0.001580 -0.008575 0.300000 0.008720
1.583333 0.475610 0.007779 -0.009836 0.300000 0.012541
1.710000 0.475610 0.007218 -0.009025 0.300000 0.011557
1.836667 0.475610 -0.001288 0.002765 0.600000 0.003050
1.963333 0.475610 -0.010969 0.002956 0.600000 0.011360
2.090000 0.475610 -0.020440 -0.006944 0.300000 0.021587
2.216667 0.475610 -0.022375 -0.000585 0.300000 0.022383
2.343333 0.475610 -0.020185 -0.010250 0.300000 0.022639
2.470000 0.475610 -0.023171 -0.016902 0.300000 0.028680
2.596667 0.475610 -0.026478 0.001843 0.300000 0.026542
2.723333 0.475610 -0.025704 -0.000391 0.300000 0.025707
2.850000 0.475610 -0.019001 0.002352 0.300000 0.019146
2.976667 0.475610 -0.018221 -0.010873 0.300000 0.021218
3.103333 0.475610 -0.023402 -0.003387 0.300000 0.023646
3.230000 0.475610 -0.014846 0.010445 0.300000 0.018152
3.356667 0.475610 -0.001900 0.019747 0.599993 0.019838
3.483333 0.475610 0.002015 -0.004339 0.600000 0.004784
3.610000 0.475610 0.001015 -0.001908 0.600000 0.002161
3.736667 0.475610 0.000000 0.000000 0.000000 0.000000
0.063333 0.490244 0.000000 0.000000 0.000000 0.000000
0.190000 0.490244 0.000823 0.008632 0.600000 0.008671
0.316667 0.490244 0.002881 -0.000206 0.600000 0.002888
0.443333 0.490244 -0.000020 0.000583 0.600000 0.000583
0.570000 0.490244 -0.002443 -0.007353 0.300000 0.007748
0.696667 0.490244 0.006440 0.012303 0.299999 0.013886
0.823333 0.490244 0.010039 -0.010647 0.300000 0.014633
0.950000 0.490244 0.007376 -0.009772 0.300000 0.012243
1.076667 0.490244 0.009020 -0.004931 0.300000 0.010280
1.203333 0.490244 0.006116 -0.015174 0.300000 0.016360
1.330000 0.490244 0.000958 -0.008208 0.300000 0.008264
1.456667 0.490244 0.002718 -0.007015 0.300000 0.007523
1.583333 0.490244 0.008451 -0.008094 0.300000 0.011702
1.710000 0.490244 0.006135 -0.008985 0.300000 0.010880
1.836667 0.490244 -0.002667 0.002265 0.600000 0.003499
1.963333 0.490244 -0.011963 0.002982 0.600000 0.012329
2.090000 0.490244 -0.022346 -0.007256 0.300000 0.023495
2.216667 0.490244 -0.024547 -0.000119 0.300000 0.024547
2.343333 0.490244 -0.021943 -0.008778 0.300000 0.023634
2.470000 0.490244 -0.025378 -0.014294 0.300000 0.029127
2.596667 0.490244 -0.028684 0.000485 0.300000 0.028688
2.723333 0.490244 -0.027770 -0.000974 0.300000 0.027787
2.850000 0.490244 -0.021270 0.002248 0.300000 0.021388
2.976667 0.490244 -0.019789 -0.010435 0.300000 0.022372
3.103333 0.490244 -0.023871 -0.003562 0.300000 0.024135
3.230000 0.490244 -0.015261 0.008855 0.300000 0.017644
3.356667 0.490244 -0.001470 0.018037 0.599999 0.018096
3.483333 0.490244 0.003158 -0.004308 0.600000 0.005342
3.610000 0.490244 0.001384 -0.001975 0.600000 0.002412
3.736667 0.490244 0.000000 0.000000 0.000000 0.000000
0.063333 0.504878 0.000000 0.000000 0.000000 0.000000
0.190000 0.504878 0.001714 0.007872 0.600000 0.008056
0.316667 0.504878 0.004062 -0.000577 0.600000 0.004102
0.443333 0.504878 0.001119 0.000956 0.600000 0.001472
0.570000 0.504878 -0.001690 -0.008070 0.300000 0.008245
0.696667 0.504878 0.007941 0.010088 0.300000 0.012838
0.823333 0.504878 0.012912 -0.009441 0.300000 0.015995
0.950000 0.504878 0.010185 -0.008990 0.300000 0.013585
1.076667 0.504878 0.011226 -0.004985 0.300000 0.012283
1.203333 0.504878 0.007260 -0.013833 0.300000 0.015622
1.330000 0.504878 0.001931 -0.007334 0.300000 0.007584
1.456667 0.504878 0.003221 -0.005792 0.300000 0.006628
1.583333 0.504878 0.008186 -0.006581 0.300000 0.010504
1.710000 0.504878 0.005231 -0.008524 0.300000 0.010001
1.836667 0.504878 -0.003837 0.001670 0.600000 0.004184
1.963333 0.504878 -0.013092 0.002933 0.600000 0.013416
2.090000 0.504878 -0.024327 -0.007161 0.300000 0.025359
2.216667 0.504878 -0.026848 0.000220 0.300000 0.026849
2.343333 0.504878 -0.023954 -0.007422 0.300000 0.025077
2.470000 0.504878 -0.027759 -0.011890 0.300000 0.030198
2.596667 0.504878 -0.030990 -0.000444 0.300000 0.030993
2.723333 0.504878 -0.029885 -0.001274 0.300000 0.029913
2.850000 0.504878 -0.023619 0.002053 0.300000 0.023708
2.976667 0.504878 -0.021654 -0.009886 0.300000 0.023804
3.103333 0.504878 -0.024676 -0.003491 0.300000 0.024922
3.230000 0.504878 -0.015605 0.006981 0.300000 0.017095
3.356667 0.504878 -0.000783 0.015693 0.600000 0.015713
3.483333 0.504878 0.004211 -0.004157 0.600000 0.005917
3.610000 0.504878 0.001598 -0.001932 0.600000 0.002507
3.736667 0.504878 0.000000 0.000000 0.000000 0.000000
0.063333 0.519512 0.000000 0.000000 0.000000 0.000000
0.190000 0.519512 0.002413 0.006915 0.600000 0.007324
0.316667 0.519512 0.004595 -0.000833 0.600000 0.004670
0.443333 0.519512 0.001381 0.001331 0.600000 0.001918
0.570000 0.519512 -0.001435 -0.008088 0.300000 0.008214
0.696667 0.519512 0.008296 0.007977 0.300000 0.011509
0.823333 0.519512 0.014726 -0.008067 0.300000 0.016791
0.950000 0.519512 0.011890 -0.008037 0.300000 0.014352
1.076667 0.519512 0.012399 -0.004679 0.300000 0.013253
1.203333 0.519512 0.008471 -0.012201 0.300000 0.014853
1.330000 0.519512 0.003585 -0.006392 0.300000 0.007329
1.456667 0.519512 0.004547 -0.004646 0.300000 0.006500
1.583333 0.519512 0.008045 -0.005279 0.300000 0.009622
1.710000 0.519512 0.004826 -0.007774 0.300000 0.009150
1.836667 0.519512 -0.005568 0.001189 0.600000 0.005693
1.963333 0.519512 -0.015298 0.002694 0.600000 0.015534
2.090000 0.519512 -0.026972 -0.006651 0.300000 0.027780
2.216667 0.519512 -0.029783 0.000389 0.300000 0.029785
2.343333 0.519512 -0.026617 -0.006072 0.300000 0.027300
2.470000 0.519512 -0.030946 -0.009727 0.300000 0.032438
2.596667 0.519512 -0.033892 -0.000972 0.300000 0.033906
2.723333 0.519512 -0.032368 -0.001441 0.300000 0.032400
2.850000 0.519512 -0.025822 0.001781 0.300000 0.025884
2.976667 0.519512 -0.024334 -0.009124 0.300000 0.025988
3.103333 0.519512 -0.026658 -0.003267 0.300000 0.026857
3.230000 0.519512 -0.016283 0.005064 0.300000 0.017052
3.356667 0.519512 0.000043 0.012987 0.600000 0.012987
3.483333 0.519512 0.005488 -0.003840 0.600000 0.006698
3.610000 0.519512 0.001870 -0.001790 0.600000 0.002588
3.736667 0.519512 0.000000 0.000000 0.000000 0.000000
0.063333 0.534146 0.000000 0.000000 0.000000 0.000000
0.190000 0.534146 0.003166 0.005774 0.600000 0.006585
0.316667 0.534146 0.005233 -0.000945 0.600000 0.005317
0.443333 0.534146 0.001690 0.001456 0.600000 0.002231
0.570000 0.534146 -0.001321 -0.007495 0.300000 0.007610
0.696667 0.534146 0.008568 0.006069 0.300000 0.010500
0.823333 0.534146 0.016510 -0.006623 0.300000 0.017789
0.950000 0.534146 0.013540 -0.006785 0.300000 0.015145
1.076667 0.534146 0.013735 -0.004091 0.300000 0.014331
1.203333 0.534146 0.009796 -0.010233 0.300000 0.014166
1.330000 0.534146 0.004840 -0.005405 0.300000 0.007256
1.456667 0.534146 0.005559 -0.003494 0.300000 0.006566
1.583333 0.534146 0.008138 -0.004112 0.300000 0.009118
1.710000 0.534146 0.004430 -0.006738 0.300000 0.008064
1.836667 0.534146 -0.007079 0.000947 0.600000 0.007142
1.963333 0.534146 -0.017126 0.002198 0.600000 0.017266
2.090000 0.534146 -0.029241 -0.005719 0.300000 0.029795
2.216667 0.534146 -0.032260 0.000363 0.300000 0.032262
2.343333 0.534146 -0.028705 -0.004664 0.300000 0.029082
2.470000 0.534146 -0.033779 -0.007757 0.300000 0.034658
2.596667 0.534146 -0.036675 -0.001145 0.300000 0.036693
2.723333 0.534146 -0.034588 -0.001555 0.300000 0.034623
2.850000 0.534146 -0.027831 0.001484 0.300000 0.027871
2.976667 0.534146 -0.026376 -0.007744 0.300000 0.027489
3.103333 0.534146 -0.028249 -0.002907 0.300000 0.028398
3.230000 0.534146 -0.017074 0.003467 0.300000 0.017423
3.356667 0.534146 0.000968 0.010096 0.600000 0.010143
3.483333 0.534146 0.006897 -0.003332 0.600000 0.007659
3.610000 0.534146 0.002120 -0.001547 0.600000 0.002624
3.736667 0.534146 0.000000 0.000000 0.000000 0.000000
0.063333 0.548780 0.000000 0.000000 0.000000 0.000000
0.190000 0.548780 0.004017 0.004430 0.600000 0.005981
0.316667 0.548780 0.006014 -0.000903 0.600000 0.006082
0.443333 0.548780 0.002096 0.001349 0.600000 0.002493
0.570000 0.548780 -0.001270 -0.006259 0.300000 0.006387
0.696667 0.548780 0.008993 0.004297 0.300000 0.009967
0.823333 0.548780 0.018525 -0.005051 0.300000 0.019201
0.950000 0.548780 0.015174 -0.005239 0.300000 0.016052
1.076667 0.548780 0.015194 -0.003232 0.300000 0.015534
1.203333 0.548780 0.011298 -0.007891 0.300000 0.013781
1.330000 0.548780 0.005555 -0.004229 0.300000 0.006982
1.456667 0.548780 0.006587 -0.002456 0.300000 0.007030
1.583333 0.548780 0.008929 -0.002950 0.300000 0.009404
1.710000 0.548780 0.003980 -0.005306 0.300000 0.006632
1.836667 0.548780 -0.007796 0.000789 0.600000 0.007836
1.963333 0.548780 -0.018024 0.001599 0.600000 0.018095
2.090000 0.548780 -0.030868 -0.004471 0.300000 0.031190
2.216667 0.548780 -0.034043 0.000257 0.300000 0.034044
2.343333 0.548780 -0.030048 -0.003279 0.300000 0.030227
2.470000 0.548780 -0.035964 -0.005755 0.300000 0.036421
2.596667 0.548780 -0.039025 -0.001075 0.300000 0.039040
2.723333 0.548780 -0.036413 -0.001480 0.300000 0.036443
2.850000 0.548780 -0.029675 0.001161 0.300000 0.029698
2.976667 0.548780 -0.027783 -0.005670 0.300000 0.028355
3.103333 0.548780 -0.029252 -0.002357 0.300000 0.029346
3.230000 0.548780 -0.017326 0.002278 0.300000 0.017476
3.356667 0.548780 0.001961 0.007135 0.600000 0.007400
3.483333 0.548780 0.007957 -0.002636 0.600000 0.008382
3.610000 0.548780 0.002303 -0.001212 0.600000 0.002603
3.736667 0.548780 0.000000 0.000000 0.000000 0.000000
0.063333 0.563415 0.000000 0.000000 0.000000 0.000000
0.190000 0.563415 0.005006 0.002853 0.600000 0.005762
0.316667 0.563415 0.006971 -0.000689 0.600000 0.007005
0.443333 0.563415 0.002629 0.000999 0.600000 0.002813
0.570000 0.563415 -0.001234 -0.004317 0.300000 0.004490
0.696667 0.563415 0.009636 0.002581 0.300000 0.009976
0.823333 0.563415 0.020854 -0.003263 0.300000 0.021108
0.950000 0.563415 0.016821 -0.003384 0.300000 0.017158
1.076667 0.563415 0.016778 -0.002123 0.300000 0.016912
1.203333 0.563415 0.012902 -0.005118 0.300000 0.013880
1.330000 0.563415 0.006349 -0.002759 0.300000 0.006922
1.456667 0.563415 0.007238 -0.001540 0.300000 0.007400
1.583333 0.563415 0.009472 -0.001740 0.300000 0.009631
1.710000 0.563415 0.003548 -0.003444 0.300000 0.004944
1.836667 0.563415 -0.008740 0.000572 0.600000 0.008758
1.963333 0.563415 -0.018955 0.000988 0.600000 0.018981
2.090000 0.563415 -0.032587 -0.002938 0.300000 0.032720
2.216667 0.563415 -0.036013 0.000154 0.300000 0.036014
2.343333 0.563415 -0.031547 -0.001954 0.300000 0.031607
2.470000 0.563415 -0.038228 -0.003591 0.300000 0.038396
2.596667 0.563415 -0.041397 -0.000808 0.300000 0.041405
2.723333 0.563415 -0.038312 -0.001110 0.300000 0.038328
2.850000 0.563415 -0.031507 0.000766 0.300000 0.031517
2.976667 0.563415 -0.029252 -0.003394 0.300000 0.029448
3.103333 0.563415 -0.030470 -0.001596 0.300000 0.030511
3.230000 0.563415 -0.017707 0.001303 0.300000 0.017755
3.356667 0.563415 0.003082 0.004251 0.600000 0.005250
3.483333 0.563415 0.009207 -0.001750 0.600000 0.009372
3.610000 0.563415 0.002498 -0.000790 0.600000 0.002620
3.736667 0.563415 0.000000 0.000000 0.000000 0.000000
0.063333 0.578049 0.000000 0.000000 0.000000 0.000000
0.190000 0.578049 0.006176 0.001001 0.600000 0.006256
0.316667 0.578049 0.008126 -0.000268 0.600000 0.008131
0.443333 0.578049 0.003269 0.000381 0.600000 0.003291
0.570000 0.578049 -0.001209 -0.001579 0.300000 0.001989
0.696667 0.578049 0.010553 0.000865 0.300000 0.010588
0.823333 0.578049 0.023513 -0.001151 0.300000 0.023541
0.950000 0.578049 0.018415 -0.001188 0.300000 0.018453
1.076667 0.578049 0.018454 -0.000753 0.300000 0.018469
1.203333 0.578049 0.014501 -0.001807 0.300000 0.014614
1.330000 0.578049 0.007058 -0.000974 0.300000 0.007125
1.456667 0.578049 0.007358 -0.000544 0.300000 0.007378
1.583333 0.578049 0.009576 -0.000568 0.300000 0.009593
1.710000 0.578049 0.003096 -0.001207 0.300000 0.003323
1.836667 0.578049 -0.009904 0.000219 0.600000 0.009906
1.963333 0.578049 -0.019961 0.000338 0.600000 0.019964
2.090000 0.578049 -0.034469 -0.001047 0.300000 0.034485
2.216667 0.578049 -0.038115 0.000053 0.300000 0.038115
2.343333 0.578049 -0.033019 -0.000651 0.300000 0.033026
2.470000 0.578049 -0.040581 -0.001233 0.300000 0.040600
2.596667 0.578049 -0.043880 -0.000311 0.300000 0.043882
2.723333 0.578049 -0.040348 -0.000424 0.300000 0.040350
2.850000 0.578049 -0.033411 0.000272 0.300000 0.033412
2.976667 0.578049 -0.030815 -0.001137 0.300000 0.030836
3.103333 0.578049 -0.031888 -0.000579 0.300000 0.031894
3.230000 0.578049 -0.018265 0.000418 0.300000 0.018270
3.356667 0.578049 0.004289 0.001412 0.600000 0.004515
3.483333 0.578049 0.010633 -0.000627 0.600000 0.010651
3.610000 0.578049 0.002680 -0.000278 0.600000 0.002695
3.736667 0.578049 0.000000 0.000000 0.000000 0.000000
0.063333 0.592683 0.000000 0.000000 0.000000 0.000000
0.190000 0.592683 0.000000 0.000000 0.000000 0.000000
0.316667 0.592683 0.000000 0.000000 0.000000 0.000000
0.443333 0.592683 0.000000 0.000000 0.000000 0.000000
0.570000 0.592683 0.000000 0.000000 0.000000 0.000000
0.696667 0.592683 0.000000 0.000000 0.000000 0.000000
0.823333 0.592683 0.000000 0.000000 0.000000 0.000000
0.950000 0.592683 0.000000 0.000000 0.000000 0.000000
1.076667 0.592683 0.000000 0.000000 0.000000 0.000000
1.203333 0.592683 0.000000 0.000000 0.000000 0.000000
1.330000 0.592683 0.000000 0.000000 0.000000 0.000000
1.456667 0.592683 0.000000 0.000000 0.000000 0.000000
1.583333 0.592683 0.000000 0.000000 0.000000 0.000000
1.710000 0.592683 0.000000 0.000000 0.000000 0.000000
1.836667 0.592683 0.000000 0.000000 0.000000 0.000000
1.963333 0.592683 0.000000 0.000000 0.000000 0.000000
2.090000 0.592683 0.000000 0.000000 0.000000 0.000000
2.216667 0.592683 0.000000 0.000000 0.000000 0.000000
2.343333 0.592683 0.000000 0.000000 0.000000 0.000000
2.470000 0.592683 0.000000 0.000000 0.000000 0.000000
2.596667 0.592683 0.000000 0.000000 0.000000 0.000000
2.723333 0.592683 0.000000 0.000000 0.000000 0.000000
2.850000 0.592683 0.000000 0.000000 0.000000 0.000000
2.976667 0.592683 0.000000 0.000000 0.000000 0.000000
3.103333 0.592683 0.000000 0.000000 0.000000 0.000000
3.230000 0.592683 0.000000 0.000000 0.000000 0.000000
3.356667 0.592683 0.000000 0.000000 0.000000 0.000000
3.483333 0.592683 0.000000 0.000000 0.000000 0.000000
3.610000 0.592683 0.000000 0.000000 0.000000 0.000000
3.736667 0.592683 0.000000 0.000000 0.000000 0.000000
