TITLE="(Vx,Vy)"
VARIABLES=X,Y,Vx,Vy,Vm,V
ZONE T="T-Dummy" I=30, J=41, F=POINT
0.063333 0.007317 0.000000 0.000000 0.000000 0.000000
0.190000 0.007317 0.000000 0.000000 0.000000 0.000000
0.316667 0.007317 0.000000 0.000000 0.000000 0.000000
0.443333 0.007317 0.000000 0.000000 0.000000 0.000000
0.570000 0.007317 0.000000 0.000000 0.000000 0.000000
0.696667 0.007317 0.000000 0.000000 0.000000 0.000000
0.823333 0.007317 0.000000 0.000000 0.000000 0.000000
0.950000 0.007317 0.000000 0.000000 0.000000 0.000000
1.076667 0.007317 0.000000 0.000000 0.000000 0.000000
1.203333 0.007317 0.000000 0.000000 0.000000 0.000000
1.330000 0.007317 0.000000 0.000000 0.000000 0.000000
1.456667 0.007317 0.000000 0.000000 0.000000 0.000000
1.583333 0.007317 0.000000 0.000000 0.000000 0.000000
1.710000 0.007317 0.000000 0.000000 0.000000 0.000000
1.836667 0.007317 0.000000 0.000000 0.000000 0.000000
1.963333 0.007317 0.000000 0.000000 0.000000 0.000000
2.090000 0.007317 0.000000 0.000000 0.000000 0.000000
2.216667 0.007317 0.000000 0.000000 0.000000 0.000000
2.343333 0.007317 0.000000 0.000000 0.000000 0.000000
2.470000 0.007317 0.000000 0.000000 0.000000 0.000000
2.596667 0.007317 0.000000 0.000000 0.000000 0.000000
2.723333 0.007317 0.000000 0.000000 0.000000 0.000000
2.850000 0.007317 0.000000 0.000000 0.000000 0.000000
2.976667 0.007317 0.000000 0.000000 0.000000 0.000000
3.103333 0.007317 0.000000 0.000000 0.000000 0.000000
3.230000 0.007317 0.000000 0.000000 0.000000 0.000000
3.356667 0.007317 0.000000 0.000000 0.000000 0.000000
3.483333 0.007317 0.000000 0.000000 0.000000 0.000000
3.610000 0.007317 0.000000 0.000000 0.000000 0.000000
3.736667 0.007317 0.000000 0.000000 0.000000 0.000000
0.063333 0.021951 0.000000 0.000000 0.000000 0.000000
0.190000 0.021951 0.001718 -0.000494 0.900000 0.001788
0.316667 0.021951 0.009055 -0.000885 0.900000 0.009098
0.443333 0.021951 0.011286 0.000238 0.900000 0.011289
0.570000 0.021951 -0.002888 0.000835 0.900000 0.003006
0.696667 0.021951 -0.006267 -0.000594 0.900000 0.006295
0.823333 0.021951 -0.004389 0.000635 0.900000 0.004435
0.950000 0.021951 -0.002521 -0.001189 0.900000 0.002787
1.076667 0.021951 0.013051 -0.000345 0.900000 0.013056
1.203333 0.021951 0.013423 0.000368 0.900000 0.013428
1.330000 0.021951 0.011890 -0.000634 0.900000 0.011907
1.456667 0.021951 0.017770 0.000055 0.900000 0.017770
1.583333 0.021951 0.022118 -0.000543 0.900000 0.022125
1.710000 0.021951 0.011694 0.002067 0.900000 0.011875
1.836667 0.021951 -0.002012 -0.000043 0.900000 0.002012
1.963333 0.021951 0.004871 -0.000516 0.900000 0.004898
2.090000 0.021951 0.012221 -0.000318 0.900000 0.012225
2.216667 0.021951 0.014620 -0.000045 0.900000 0.014620
2.343333 0.021951 0.020273 -0.000617 0.900000 0.020283
2.470000 0.021951 0.014888 0.001076 0.900000 0.014927
2.596667 0.021951 0.006464 -0.000608 0.900000 0.006492
2.723333 0.021951 0.010598 0.000021 0.900000 0.010598
2.850000 0.021951 0.016919 -0.000795 0.900000 0.016937
2.976667 0.021951 0.011654 0.001149 0.900000 0.011711
3.103333 0.021951 0.019954 -0.002233 0.900000 0.020078
3.230000 0.021951 0.032332 0.000807 0.900000 0.032342
3.356667 0.021951 0.033455 -0.000856 0.900000 0.033466
3.483333 0.021951 0.031915 0.000654 0.900000 0.031922
3.610000 0.021951 0.011872 0.001110 0.900000 0.011924
3.736667 0.021951 0.000000 0.000000 0.000000 0.000000
0.063333 0.036585 0.000000 0.000000 0.000000 0.000000
0.190000 0.036585 0.001158 -0.001383 0.900000 0.001804
0.316667 0.036585 0.006414 -0.002463 0.900000 0.006871
0.443333 0.036585 0.007238 0.000711 0.900000 0.007273
0.570000 0.036585 -0.004320 0.002330 0.900000 0.004908
0.696667 0.036585 -0.022260 0.000802 0.900000 0.022275
0.823333 0.036585 -0.019235 -0.000225 0.900000 0.019237
0.950000 0.036585 -0.008659 -0.002893 0.900000 0.009129
1.076667 0.036585 0.000245 -0.001081 0.900000 0.001108
1.203333 0.036585 0.000594 0.000545 0.900000 0.000807
1.330000 0.036585 -0.005543 -0.001449 0.900000 0.005730
1.456667 0.036585 0.006976 -0.000186 0.900000 0.006978
1.583333 0.036585 0.011441 -0.000835 0.900000 0.011471
1.710000 0.036585 0.012405 0.003079 0.900000 0.012781
1.836667 0.036585 0.018094 -0.000165 0.900000 0.018094
1.963333 0.036585 0.022906 -0.001050 0.900000 0.022930
2.090000 0.036585 0.026938 -0.001076 0.900000 0.026959
2.216667 0.036585 0.026008 -0.000261 0.900000 0.026009
2.343333 0.036585 0.026150 -0.001126 0.900000 0.026174
2.470000 0.036585 0.030643 0.001844 0.900000 0.030699
2.596667 0.036585 0.029617 -0.001148 0.900000 0.029639
2.723333 0.036585 0.032789 0.000223 0.900000 0.032790
2.850000 0.036585 0.035178 -0.001294 0.900000 0.035201
2.976667 0.036585 0.038017 0.001762 0.900000 0.038058
3.103333 0.036585 0.049330 -0.003601 0.900000 0.049461
3.230000 0.036585 0.041791 0.002841 0.900000 0.041887
3.356667 0.036585 0.034273 -0.002280 0.900000 0.034349
3.483333 0.036585 0.030182 0.001923 0.900000 0.030243
3.610000 0.036585 0.011209 0.003258 0.900000 0.011673
3.736667 0.036585 0.000000 0.000000 0.000000 0.000000
0.063333 0.051220 0.000000 0.000000 0.000000 0.000000
0.190000 0.051220 0.000619 -0.002077 0.900000 0.002167
0.316667 0.051220 0.004033 -0.003682 0.900000 0.005461
0.443333 0.051220 0.003974 0.001147 0.900000 0.004136
0.570000 0.051220 -0.004775 0.003477 0.900000 0.005907
0.696667 0.051220 -0.016492 0.004245 0.900000 0.017030
0.823333 0.051220 -0.013100 -0.002803 0.900000 0.013397
0.950000 0.051220 -0.005714 -0.003668 0.900000 0.006791
1.076667 0.051220 0.001823 -0.001671 0.900000 0.002473
1.203333 0.051220 -0.000048 0.000229 0.900000 0.000234
1.330000 0.051220 -0.006642 -0.001834 0.900000 0.006891
1.456667 0.051220 0.006136 -0.000805 0.900000 0.006189
1.583333 0.051220 0.011675 -0.000437 0.900000 0.011683
1.710000 0.051220 0.011933 0.001194 0.900000 0.011992
1.836667 0.051220 0.017228 -0.000479 0.900000 0.017235
1.963333 0.051220 0.023440 -0.001120 0.900000 0.023467
2.090000 0.051220 0.027787 -0.002000 0.900000 0.027859
2.216667 0.051220 0.026789 -0.000571 0.900000 0.026796
2.343333 0.051220 0.027046 -0.000957 0.900000 0.027063
2.470000 0.051220 0.031019 0.001335 0.900000 0.031048
2.596667 0.051220 0.030037 -0.001111 0.900000 0.030058
2.723333 0.051220 0.033350 0.000705 0.900000 0.033357
2.850000 0.051220 0.034409 -0.000633 0.900000 0.034415
2.976667 0.051220 0.036020 0.000814 0.900000 0.036029
3.103333 0.051220 0.046792 -0.002001 0.900000 0.046834
3.230000 0.051220 0.041726 0.004811 0.900000 0.042002
3.356667 0.051220 0.034384 -0.003212 0.900000 0.034534
3.483333 0.051220 0.028500 0.003115 0.900000 0.028670
3.610000 0.051220 0.010555 0.005267 0.900000 0.011797
3.736667 0.051220 0.000000 0.000000 0.000000 0.000000
0.063333 0.065854 0.000000 0.000000 0.000000 0.000000
0.190000 0.065854 0.000088 -0.002585 0.900000 0.002586
0.316667 0.065854 0.001855 -0.004593 0.900000 0.004953
0.443333 0.065854 0.001240 0.001499 0.900000 0.001945
0.570000 0.065854 -0.004925 0.004288 0.900000 0.006530
0.696667 0.065854 -0.011355 0.006631 0.900000 0.013150
0.823333 0.065854 -0.007542 -0.004646 0.900000 0.008858
0.950000 0.065854 -0.002933 -0.003937 0.900000 0.004909
1.076667 0.065854 0.003192 -0.001891 0.900000 0.003710
1.203333 0.065854 0.001092 -0.000151 0.900000 0.001102
1.330000 0.065854 -0.006205 -0.002026 0.900000 0.006528
1.456667 0.065854 0.005076 -0.001509 0.900000 0.005296
1.583333 0.065854 0.013029 -0.000318 0.900000 0.013033
1.710000 0.065854 0.013724 -0.000550 0.900000 0.013735
1.836667 0.065854 0.017734 -0.000972 0.900000 0.017760
1.963333 0.065854 0.023964 -0.001211 0.900000 0.023995
2.090000 0.065854 0.028272 -0.003028 0.900000 0.028434
2.216667 0.065854 0.027290 -0.000829 0.900000 0.027303
2.343333 0.065854 0.027713 -0.000881 0.900000 0.027727
2.470000 0.065854 0.031130 0.001034 0.900000 0.031147
2.596667 0.065854 0.030307 -0.001185 0.900000 0.030330
2.723333 0.065854 0.033769 0.001442 0.900000 0.033800
2.850000 0.065854 0.033523 0.000150 0.900000 0.033523
2.976667 0.065854 0.034140 0.000073 0.900000 0.034140
3.103333 0.065854 0.044551 -0.000631 0.900000 0.044555
3.230000 0.065854 0.041600 0.005928 0.900000 0.042021
3.356667 0.065854 0.034310 -0.003771 0.900000 0.034517
3.483333 0.065854 0.027113 0.004210 0.900000 0.027438
3.610000 0.065854 0.010126 0.007162 0.900000 0.012402
3.736667 0.065854 0.000000 0.000000 0.000000 0.000000
0.063333 0.080488 0.000000 0.000000 0.000000 0.000000
0.190000 0.080488 -0.000537 -0.002904 0.900000 0.002953
0.316667 0.080488 -0.000434 -0.005227 0.900000 0.005245
0.443333 0.080488 -0.001575 0.001760 0.900000 0.002362
0.570000 0.080488 -0.005832 0.004837 0.900000 0.007577
0.696667 0.080488 -0.008406 0.008151 0.900000 0.011709
0.823333 0.080488 -0.004934 -0.005865 0.900000 0.007664
0.950000 0.080488 -0.003249 -0.004003 0.900000 0.005155
1.076667 0.080488 0.002590 -0.001911 0.900000 0.003219
1.203333 0.080488 0.001876 -0.000822 0.900000 0.002048
1.330000 0.080488 -0.004068 -0.001998 0.900000 0.004532
1.456667 0.080488 0.005795 -0.002181 0.900000 0.006192
1.583333 0.080488 0.014342 -0.000498 0.900000 0.014350
1.710000 0.080488 0.014582 -0.002357 0.900000 0.014771
1.836667 0.080488 0.016301 -0.001469 0.900000 0.016367
1.963333 0.080488 0.022097 -0.001262 0.900000 0.022133
2.090000 0.080488 0.026305 -0.003665 0.900000 0.026559
2.216667 0.080488 0.025646 -0.001043 0.900000 0.025667
2.343333 0.080488 0.026515 -0.000900 0.900000 0.026530
2.470000 0.080488 0.030472 0.000735 0.900000 0.030481
2.596667 0.080488 0.029519 -0.001131 0.900000 0.029541
2.723333 0.080488 0.032618 0.001891 0.900000 0.032673
2.850000 0.080488 0.033536 0.000824 0.900000 0.033546
2.976667 0.080488 0.033843 -0.000386 0.900000 0.033845
3.103333 0.080488 0.042887 0.000483 0.900000 0.042890
3.230000 0.080488 0.041543 0.006418 0.900000 0.042036
3.356667 0.080488 0.034082 -0.004005 0.900000 0.034317
3.483333 0.080488 0.025949 0.005179 0.900000 0.026461
3.610000 0.080488 0.009845 0.008984 0.900000 0.013328
3.736667 0.080488 0.000000 0.000000 0.000000 0.000000
0.063333 0.095122 0.000000 0.000000 0.000000 0.000000
0.190000 0.095122 -0.001185 -0.003022 0.900000 0.003246
0.316667 0.095122 -0.002664 -0.005608 0.900000 0.006209
0.443333 0.095122 -0.004221 0.001935 0.900000 0.004644
0.570000 0.095122 -0.006758 0.005196 0.900000 0.008524
0.696667 0.095122 -0.006316 0.009065 0.900000 0.011048
0.823333 0.095122 -0.002980 -0.006582 0.900000 0.007225
0.950000 0.095122 -0.003510 -0.004162 0.900000 0.005444
1.076667 0.095122 0.001817 -0.001870 0.900000 0.002608
1.203333 0.095122 0.000808 -0.001635 0.900000 0.001824
1.330000 0.095122 -0.003576 -0.002151 0.900000 0.004173
1.456667 0.095122 0.006637 -0.002641 0.900000 0.007143
1.583333 0.095122 0.013813 -0.000768 0.900000 0.013835
1.710000 0.095122 0.013615 -0.003739 0.900000 0.014119
1.836667 0.095122 0.014872 -0.001903 0.900000 0.014994
1.963333 0.095122 0.020304 -0.001280 0.900000 0.020345
2.090000 0.095122 0.024538 -0.003402 0.900000 0.024773
2.216667 0.095122 0.024128 -0.001215 0.900000 0.024158
2.343333 0.095122 0.025356 -0.001009 0.900000 0.025376
2.470000 0.095122 0.029725 0.000258 0.900000 0.029727
2.596667 0.095122 0.028515 -0.000887 0.900000 0.028529
2.723333 0.095122 0.031384 0.001475 0.900000 0.031418
2.850000 0.095122 0.033729 0.001167 0.900000 0.033749
2.976667 0.095122 0.034151 -0.000512 0.900000 0.034154
3.103333 0.095122 0.041851 0.001338 0.900000 0.041872
3.230000 0.095122 0.041424 0.006456 0.900000 0.041924
3.356667 0.095122 0.034018 -0.003985 0.900000 0.034250
3.483333 0.095122 0.025007 0.006077 0.900000 0.025734
3.610000 0.095122 0.009418 0.010735 0.900000 0.014280
3.736667 0.095122 0.000000 0.000000 0.000000 0.000000
0.063333 0.109756 0.000000 0.000000 0.000000 0.000000
0.190000 0.109756 -0.001885 -0.002937 0.900000 0.003490
0.316667 0.109756 -0.004860 -0.005765 0.900000 0.007540
0.443333 0.109756 -0.006635 0.002012 0.900000 0.006933
0.570000 0.109756 -0.007558 0.005381 0.900000 0.009278
0.696667 0.109756 -0.004714 0.009521 0.900000 0.010624
0.823333 0.109756 -0.001371 -0.006960 0.900000 0.007094
0.950000 0.109756 -0.003777 -0.004374 0.900000 0.005779
1.076667 0.109756 0.002278 -0.001928 0.900000 0.002984
1.203333 0.109756 0.000933 -0.002228 0.900000 0.002415
1.330000 0.109756 -0.004669 -0.002539 0.900000 0.005315
1.456667 0.109756 0.005936 -0.002966 0.900000 0.006636
1.583333 0.109756 0.015105 -0.001235 0.900000 0.015155
1.710000 0.109756 0.015612 -0.004304 0.900000 0.016194
1.836667 0.109756 0.015384 -0.002245 0.900000 0.015547
1.963333 0.109756 0.020640 -0.001314 0.900000 0.020682
2.090000 0.109756 0.025124 -0.002757 0.900000 0.025275
2.216667 0.109756 0.024866 -0.001359 0.900000 0.024903
2.343333 0.109756 0.026083 -0.001173 0.900000 0.026110
2.470000 0.109756 0.029999 -0.000243 0.900000 0.030000
2.596667 0.109756 0.028706 -0.000678 0.900000 0.028714
2.723333 0.109756 0.031409 0.000720 0.900000 0.031417
2.850000 0.109756 0.034108 0.001249 0.900000 0.034131
2.976667 0.109756 0.035109 -0.000465 0.900000 0.035112
3.103333 0.109756 0.041538 0.002148 0.900000 0.041593
3.230000 0.109756 0.041108 0.006140 0.900000 0.041564
3.356667 0.109756 0.033964 -0.003789 0.900000 0.034175
3.483333 0.109756 0.024473 0.006959 0.900000 0.025443
3.610000 0.109756 0.009241 0.012423 0.900000 0.015483
3.736667 0.109756 0.000000 0.000000 0.000000 0.000000
0.063333 0.124390 0.000000 0.000000 0.000000 0.000000
0.190000 0.124390 -0.002604 -0.002646 0.900000 0.003712
0.316667 0.124390 -0.006946 -0.005731 0.900000 0.009005
0.443333 0.124390 -0.008763 0.001979 0.900000 0.008984
0.570000 0.124390 -0.008249 0.005420 0.900000 0.009870
0.696667 0.124390 -0.003260 0.009593 0.900000 0.010132
0.823333 0.124390 0.000396 -0.007095 0.900000 0.007106
0.950000 0.124390 -0.003626 -0.004551 0.900000 0.005819
1.076667 0.124390 0.003096 -0.002258 0.900000 0.003832
1.203333 0.124390 0.001329 -0.002401 0.900000 0.002745
1.330000 0.124390 -0.005724 -0.003005 0.900000 0.006465
1.456667 0.124390 0.005129 -0.003280 0.900000 0.006088
1.583333 0.124390 0.016358 -0.002151 0.900000 0.016499
1.710000 0.124390 0.017610 -0.004324 0.900000 0.018133
1.836667 0.124390 0.015884 -0.002517 0.900000 0.016082
1.963333 0.124390 0.021037 -0.001401 0.900000 0.021084
2.090000 0.124390 0.025879 -0.002253 0.900000 0.025977
2.216667 0.124390 0.025793 -0.001476 0.900000 0.025835
2.343333 0.124390 0.026915 -0.001358 0.900000 0.026950
2.470000 0.124390 0.030347 -0.000623 0.900000 0.030353
2.596667 0.124390 0.028996 -0.000630 0.900000 0.029003
2.723333 0.124390 0.031612 0.000150 0.900000 0.031612
2.850000 0.124390 0.034387 0.001186 0.900000 0.034407
2.976667 0.124390 0.036020 -0.000446 0.900000 0.036023
3.103333 0.124390 0.041458 0.003173 0.900000 0.041580
3.230000 0.124390 0.040818 0.005546 0.900000 0.041193
3.356667 0.124390 0.033432 -0.003368 0.900000 0.033601
3.483333 0.124390 0.023654 0.007748 0.900000 0.024891
3.610000 0.124390 0.009214 0.014095 0.900000 0.016840
3.736667 0.124390 0.000000 0.000000 0.000000 0.000000
0.063333 0.139024 0.000000 0.000000 0.000000 0.000000
0.190000 0.139024 -0.003091 -0.002182 0.900000 0.003784
0.316667 0.139024 -0.008215 -0.005566 0.900000 0.009923
0.443333 0.139024 -0.009691 0.001828 0.900000 0.009861
0.570000 0.139024 -0.007315 0.005273 0.900000 0.009018
0.696667 0.139024 -0.000130 0.009329 0.900000 0.009330
0.823333 0.139024 0.004136 -0.007080 0.900000 0.008200
0.950000 0.139024 -0.000401 -0.004610 0.900000 0.004627
1.076667 0.139024 0.004776 -0.002589 0.900000 0.005432
1.203333 0.139024 0.001189 -0.002285 0.900000 0.002576
1.330000 0.139024 -0.006662 -0.003471 0.900000 0.007512
1.456667 0.139024 0.004098 -0.003632 0.900000 0.005476
1.583333 0.139024 0.015886 -0.003303 0.900000 0.016226
1.710000 0.139024 0.017731 -0.004271 0.900000 0.018238
1.836667 0.139024 0.016414 -0.002751 0.900000 0.016643
1.963333 0.139024 0.021593 -0.001534 0.900000 0.021647
2.090000 0.139024 0.026569 -0.001872 0.900000 0.026635
2.216667 0.139024 0.026506 -0.001546 0.900000 0.026551
2.343333 0.139024 0.027575 -0.001575 0.900000 0.027620
2.470000 0.139024 0.030738 -0.000894 0.900000 0.030751
2.596667 0.139024 0.029475 -0.000731 0.900000 0.029485
2.723333 0.139024 0.031933 -0.000243 0.900000 0.031934
2.850000 0.139024 0.034490 0.001038 0.900000 0.034506
2.976667 0.139024 0.036642 -0.000516 0.900000 0.036645
3.103333 0.139024 0.041294 0.003659 0.899999 0.041456
3.230000 0.139024 0.040490 0.004722 0.900000 0.040764
3.356667 0.139024 0.033385 -0.002713 0.899989 0.033495
3.483333 0.139024 0.023220 0.008459 0.900000 0.024712
3.610000 0.139024 0.009018 0.015757 0.900000 0.018155
3.736667 0.139024 0.000000 0.000000 0.000000 0.000000
0.063333 0.153659 0.000000 0.000000 0.000000 0.000000
0.190000 0.153659 -0.003550 -0.001578 0.900000 0.003885
0.316667 0.153659 -0.009360 -0.005317 0.900000 0.010764
0.443333 0.153659 -0.010421 0.001550 0.900000 0.010535
0.570000 0.153659 -0.006241 0.004892 0.900000 0.007930
0.696667 0.153659 0.002894 0.008790 0.900000 0.009255
0.823333 0.153659 0.007423 -0.006969 0.900000 0.010181
0.950000 0.153659 0.002507 -0.004548 0.900000 0.005193
1.076667 0.153659 0.006469 -0.002646 0.900000 0.006989
1.203333 0.153659 0.003670 -0.002316 0.900000 0.004340
1.330000 0.153659 -0.005004 -0.003572 0.900000 0.006148
1.456667 0.153659 0.002958 -0.004085 0.900000 0.005044
1.583333 0.153659 0.015489 -0.004580 0.900000 0.016152
1.710000 0.153659 0.017936 -0.004282 0.900000 0.018440
1.836667 0.153659 0.016852 -0.002967 0.900000 0.017111
1.963333 0.153659 0.021965 -0.001678 0.900000 0.022029
2.090000 0.153659 0.026828 -0.001583 0.900000 0.026874
2.216667 0.153659 0.026771 -0.001562 0.900000 0.026817
2.343333 0.153659 0.027917 -0.001845 0.900000 0.027978
2.470000 0.153659 0.031041 -0.001079 0.900000 0.031059
2.596667 0.153659 0.029857 -0.001016 0.900000 0.029875
2.723333 0.153659 0.031957 -0.000445 0.900000 0.031960
2.850000 0.153659 0.034496 0.000795 0.900000 0.034505
2.976667 0.153659 0.037613 -0.000621 0.899998 0.037619
3.103333 0.153659 0.041032 0.002893 0.899989 0.041134
3.230000 0.153659 0.039734 0.003640 0.899999 0.039901
3.356667 0.153659 0.033410 -0.001910 0.899773 0.033464
3.483333 0.153659 0.022788 0.009188 0.899988 0.024570
3.610000 0.153659 0.008699 0.017335 0.900000 0.019395
3.736667 0.153659 0.000000 0.000000 0.000000 0.000000
0.063333 0.168293 0.000000 0.000000 0.000000 0.000000
0.190000 0.168293 -0.004203 -0.000820 0.900000 0.004283
0.316667 0.168293 -0.011183 -0.004960 0.900000 0.012233
0.443333 0.168293 -0.012179 0.001149 0.900000 0.012233
0.570000 0.168293 -0.006846 0.004353 0.900000 0.008112
0.696667 0.168293 0.003895 0.007980 0.900000 0.008880
0.823333 0.168293 0.008489 -0.006714 0.899999 0.010823
0.950000 0.168293 0.002535 -0.004451 0.900000 0.005122
1.076667 0.168293 0.006211 -0.002546 0.900000 0.006713
1.203333 0.168293 0.005421 -0.002788 0.900000 0.006096
1.330000 0.168293 -0.002202 -0.003229 0.900000 0.003909
1.456667 0.168293 0.002697 -0.004424 0.900000 0.005182
1.583333 0.168293 0.014531 -0.005416 0.900000 0.015508
1.710000 0.168293 0.018136 -0.004289 0.899999 0.018636
1.836667 0.168293 0.016300 -0.003099 0.900000 0.016592
1.963333 0.168293 0.020043 -0.001778 0.900000 0.020121
2.090000 0.168293 0.024658 -0.001396 0.900000 0.024697
2.216667 0.168293 0.024822 -0.001564 0.899998 0.024871
2.343333 0.168293 0.026100 -0.002195 0.899999 0.026192
2.470000 0.168293 0.030138 -0.001292 0.899990 0.030166
2.596667 0.168293 0.028447 -0.001358 0.899995 0.028479
2.723333 0.168293 0.029954 -0.000594 0.899998 0.029960
2.850000 0.168293 0.034435 0.000340 0.899997 0.034436
2.976667 0.168293 0.038473 -0.000691 0.899897 0.038479
3.103333 0.168293 0.040359 0.001789 0.899810 0.040398
3.230000 0.168293 0.038902 0.002356 0.899956 0.038973
3.356667 0.168293 0.033163 -0.000981 0.896289 0.033178
3.483333 0.168293 0.023445 0.009790 0.899715 0.025407
3.610000 0.168293 0.009618 0.019099 0.897891 0.021384
3.736667 0.168293 0.000000 0.000000 0.000000 0.000000
0.063333 0.182927 0.000000 0.000000 0.000000 0.000000
0.190000 0.182927 -0.004859 0.000109 0.900000 0.004860
0.316667 0.182927 -0.012998 -0.004467 0.899995 0.013744
0.443333 0.182927 -0.013998 0.000634 0.900000 0.014013
0.570000 0.182927 -0.007705 0.003736 0.900000 0.008563
0.696667 0.182927 0.004454 0.006889 0.900000 0.008203
0.823333 0.182927 0.009364 -0.006315 0.899986 0.011294
0.950000 0.182927 0.002562 -0.004368 0.899998 0.005064
1.076667 0.182927 0.005749 -0.002408 0.899999 0.006233
1.203333 0.182927 0.004440 -0.003416 0.899991 0.005602
1.330000 0.182927 -0.001855 -0.002964 0.900000 0.003497
1.456667 0.182927 0.002652 -0.004351 0.899999 0.005095
1.583333 0.182927 0.013572 -0.005130 0.900000 0.014509
1.710000 0.182927 0.018243 -0.004265 0.899981 0.018735
1.836667 0.182927 0.015689 -0.003059 0.899985 0.015984
1.963333 0.182927 0.018148 -0.001804 0.899997 0.018238
2.090000 0.182927 0.022470 -0.001311 0.900000 0.022509
2.216667 0.182927 0.022957 -0.001622 0.899969 0.023014
2.343333 0.182927 0.024545 -0.002632 0.899962 0.024686
2.470000 0.182927 0.029335 -0.001629 0.899575 0.029380
2.596667 0.182927 0.027097 -0.001501 0.899797 0.027139
2.723333 0.182927 0.028039 -0.000822 0.899822 0.028051
2.850000 0.182927 0.034124 -0.000377 0.899594 0.034126
2.976667 0.182927 0.038489 -0.000641 0.896671 0.038495
3.103333 0.182927 0.039695 0.001064 0.896283 0.039709
3.230000 0.182927 0.034609 0.001688 0.898740 0.034650
3.356667 0.182927 0.020119 0.000681 0.853815 0.020131
3.483333 0.182927 0.008280 0.009869 0.787959 0.012882
3.610000 0.182927 0.003482 0.020510 0.774866 0.020804
3.736667 0.182927 0.000000 0.000000 0.000000 0.000000
0.063333 0.197561 0.000000 0.000000 0.000000 0.000000
0.190000 0.197561 -0.005597 0.001220 0.899999 0.005729
0.316667 0.197561 -0.014881 -0.003853 0.899906 0.015371
0.443333 0.197561 -0.015738 0.000002 0.899995 0.015738
0.570000 0.197561 -0.008519 0.003063 0.900000 0.009053
0.696667 0.197561 0.004960 0.005529 0.900000 0.007428
0.823333 0.197561 0.010252 -0.005809 0.899810 0.011784
0.950000 0.197561 0.002490 -0.004266 0.899943 0.004939
1.076667 0.197561 0.006635 -0.002434 0.899976 0.007067
1.203333 0.197561 0.004919 -0.003761 0.899838 0.006192
1.330000 0.197561 -0.002600 -0.002963 0.899984 0.003942
1.456667 0.197561 0.002067 -0.003987 0.899953 0.004491
1.583333 0.197561 0.013132 -0.004411 0.899987 0.013853
1.710000 0.197561 0.018273 -0.004223 0.899592 0.018755
1.836667 0.197561 0.015710 -0.002933 0.899621 0.015982
1.963333 0.197561 0.018243 -0.001826 0.899827 0.018334
2.090000 0.197561 0.022586 -0.001273 0.899962 0.022622
2.216667 0.197561 0.023273 -0.001740 0.899472 0.023338
2.343333 0.197561 0.024701 -0.003071 0.898731 0.024892
2.470000 0.197561 0.028659 -0.002019 0.890388 0.028730
2.596667 0.197561 0.026561 -0.001538 0.893351 0.026605
2.723333 0.197561 0.027238 -0.000953 0.892069 0.027255
2.850000 0.197561 0.026436 -0.000285 0.888676 0.026438
2.976667 0.197561 0.023980 -0.000419 0.816083 0.023984
3.103333 0.197561 0.024398 0.000631 0.749487 0.024406
3.230000 0.197561 0.017668 0.002125 0.672873 0.017796
3.356667 0.197561 0.002311 0.002999 0.608361 0.003786
3.483333 0.197561 -0.008221 0.009489 0.643588 0.012554
3.610000 0.197561 -0.004509 0.020274 0.666752 0.020769
3.736667 0.197561 0.000000 0.000000 0.000000 0.000000
0.063333 0.212195 0.000000 0.000000 0.000000 0.000000
0.190000 0.212195 -0.006432 0.002540 0.899963 0.006915
0.316667 0.212195 -0.016739 -0.003155 0.898454 0.017034
0.443333 0.212195 -0.017240 -0.000757 0.899613 0.017257
0.570000 0.212195 -0.009270 0.002370 0.899999 0.009569
0.696667 0.212195 0.005626 0.003866 0.899998 0.006826
0.823333 0.212195 0.011533 -0.005192 0.897878 0.012648
0.950000 0.212195 0.002789 -0.004092 0.898892 0.004952
1.076667 0.212195 0.007710 -0.002811 0.899294 0.008206
1.203333 0.212195 0.005524 -0.003701 0.898003 0.006649
1.330000 0.212195 -0.003206 -0.003081 0.899593 0.004446
1.456667 0.212195 0.001956 -0.003559 0.898754 0.004061
1.583333 0.212195 0.012862 -0.003888 0.899526 0.013437
1.710000 0.212195 0.017566 -0.004193 0.893698 0.018059
1.836667 0.212195 0.015126 -0.002862 0.892445 0.015395
1.963333 0.212195 0.018264 -0.001928 0.892958 0.018366
2.090000 0.212195 0.022680 -0.001222 0.896318 0.022713
2.216667 0.212195 0.022264 -0.001760 0.889672 0.022333
2.343333 0.212195 0.016508 -0.002462 0.876176 0.016691
2.470000 0.212195 0.015177 -0.002662 0.795069 0.015408
2.596667 0.212195 0.013398 -0.001409 0.750342 0.013472
2.723333 0.212195 0.013782 -0.000879 0.676653 0.013810
2.850000 0.212195 0.012489 0.000898 0.614559 0.012521
2.976667 0.212195 0.009441 -0.000118 0.600567 0.009441
3.103333 0.212195 0.009322 0.000443 0.603004 0.009333
3.230000 0.212195 0.003651 0.002769 0.606918 0.004582
3.356667 0.212195 -0.002945 0.004464 0.600394 0.005348
3.483333 0.212195 -0.008224 0.009199 0.605838 0.012339
3.610000 0.212195 -0.005324 0.018840 0.617198 0.019578
3.736667 0.212195 0.000000 0.000000 0.000000 0.000000
0.063333 0.226829 0.000000 0.000000 0.000000 0.000000
0.190000 0.226829 -0.007769 0.004152 0.899147 0.008809
0.316667 0.226829 -0.018065 -0.002572 0.880389 0.018247
0.443333 0.226829 -0.016676 -0.001640 0.889585 0.016757
0.570000 0.226829 -0.007265 0.001580 0.899904 0.007434
0.696667 0.226829 0.008333 0.002036 0.899729 0.008578
0.823333 0.226829 0.014213 -0.004555 0.881350 0.014925
0.950000 0.226829 0.005820 -0.003916 0.884698 0.007015
1.076667 0.226829 0.008851 -0.003215 0.888199 0.009417
1.203333 0.226829 0.005293 -0.003513 0.880761 0.006353
1.330000 0.226829 -0.004179 -0.002994 0.891567 0.005140
1.456667 0.226829 0.000975 -0.003370 0.876473 0.003508
1.583333 0.226829 0.009507 -0.003083 0.887100 0.009995
1.710000 0.226829 0.007787 -0.004060 0.838885 0.008782
1.836667 0.226829 0.003825 -0.002916 0.805744 0.004810
1.963333 0.226829 0.008075 -0.002066 0.761980 0.008335
2.090000 0.226829 0.012418 -0.001103 0.710250 0.012467
2.216667 0.226829 0.011499 -0.001586 0.654973 0.011608
2.343333 0.226829 0.004146 -0.000504 0.604660 0.004176
2.470000 0.226829 0.003097 -0.003897 0.600181 0.004978
2.596667 0.226829 0.001462 -0.000727 0.603003 0.001633
2.723333 0.226829 0.001240 -0.000710 0.600108 0.001428
2.850000 0.226829 0.004806 0.001608 0.600752 0.005068
2.976667 0.226829 0.007641 -0.000014 0.600012 0.007641
3.103333 0.226829 0.009221 0.000383 0.600020 0.009229
3.230000 0.226829 0.002855 0.003227 0.600475 0.004309
3.356667 0.226829 -0.003308 0.004978 0.600017 0.005977
3.483333 0.226829 -0.007468 0.009068 0.600552 0.011747
3.610000 0.226829 -0.004931 0.017285 0.603139 0.017974
3.736667 0.226829 0.000000 0.000000 0.000000 0.000000
0.063333 0.241463 0.000000 0.000000 0.000000 0.000000
0.190000 0.241463 -0.003638 0.005384 0.735272 0.006498
0.316667 0.241463 -0.010228 -0.002072 0.754113 0.010436
0.443333 0.241463 -0.010881 -0.002356 0.793185 0.011133
0.570000 0.241463 -0.003369 0.000738 0.833339 0.003449
0.696667 0.241463 0.008727 0.000688 0.839227 0.008754
0.823333 0.241463 0.011973 -0.004102 0.787071 0.012656
0.950000 0.241463 0.004220 -0.003860 0.778282 0.005719
1.076667 0.241463 0.003818 -0.003253 0.769464 0.005016
1.203333 0.241463 -0.002477 -0.003526 0.736672 0.004309
1.330000 0.241463 -0.014856 -0.002144 0.716013 0.015010
1.456667 0.241463 -0.011576 -0.003714 0.666051 0.012157
1.583333 0.241463 -0.002834 -0.001914 0.630975 0.003420
1.710000 0.241463 -0.005322 -0.004117 0.601463 0.006729
1.836667 0.241463 -0.007121 -0.003144 0.600855 0.007784
1.963333 0.241463 -0.001640 -0.002175 0.600497 0.002724
2.090000 0.241463 0.002459 -0.000915 0.601369 0.002623
2.216667 0.241463 0.002111 -0.001355 0.600517 0.002508
2.343333 0.241463 -0.000332 0.001222 0.600139 0.001266
2.470000 0.241463 0.003347 -0.005626 0.600002 0.006546
2.596667 0.241463 0.002018 0.000377 0.600172 0.002052
2.723333 0.241463 0.001260 -0.000495 0.600002 0.001354
2.850000 0.241463 0.003413 0.001802 0.600026 0.003860
2.976667 0.241463 0.006412 -0.000201 0.600000 0.006415
3.103333 0.241463 0.009203 0.000406 0.600000 0.009212
3.230000 0.241463 0.002805 0.003740 0.600029 0.004675
3.356667 0.241463 -0.003091 0.005371 0.600001 0.006197
3.483333 0.241463 -0.006958 0.008931 0.600041 0.011321
3.610000 0.241463 -0.004665 0.015797 0.600424 0.016471
3.736667 0.241463 0.000000 0.000000 0.000000 0.000000
0.063333 0.256098 0.000000 0.000000 0.000000 0.000000
0.190000 0.256098 0.000398 0.005599 0.626721 0.005614
0.316667 0.256098 -0.003689 -0.001258 0.600096 0.003898
0.443333 0.256098 -0.007488 -0.002575 0.600220 0.007918
0.570000 0.256098 -0.003003 0.000200 0.610569 0.003010
0.696667 0.256098 0.005012 0.000292 0.611935 0.005020
0.823333 0.256098 0.006079 -0.003954 0.600262 0.007252
0.950000 0.256098 -0.001175 -0.003996 0.600102 0.004165
1.076667 0.256098 -0.003108 -0.003026 0.602087 0.004338
1.203333 0.256098 -0.010111 -0.003778 0.606382 0.010794
1.330000 0.256098 -0.017727 -0.001187 0.604691 0.017767
1.456667 0.256098 -0.014447 -0.003878 0.600946 0.014959
1.583333 0.256098 -0.009140 -0.000953 0.600649 0.009189
1.710000 0.256098 -0.007707 -0.004882 0.600003 0.009123
1.836667 0.256098 -0.007079 -0.003370 0.600001 0.007840
1.963333 0.256098 -0.002873 -0.002230 0.600001 0.003636
2.090000 0.256098 0.000701 -0.000668 0.600040 0.000968
2.216667 0.256098 0.000338 -0.001162 0.600004 0.001210
2.343333 0.256098 -0.002452 0.001837 0.600006 0.003064
2.470000 0.256098 0.002347 -0.006859 0.600000 0.007249
2.596667 0.256098 0.001335 0.001091 0.600012 0.001725
2.723333 0.256098 -0.000287 -0.000329 0.600000 0.000436
2.850000 0.256098 0.002637 0.002099 0.600001 0.003370
2.976667 0.256098 0.006040 -0.000507 0.600000 0.006061
3.103333 0.256098 0.009020 0.000563 0.600000 0.009038
3.230000 0.256098 0.002732 0.004291 0.600002 0.005087
3.356667 0.256098 -0.002854 0.005758 0.600000 0.006426
3.483333 0.256098 -0.006054 0.008748 0.600002 0.010639
3.610000 0.256098 -0.003995 0.014420 0.600044 0.014963
3.736667 0.256098 0.000000 0.000000 0.000000 0.000000
0.063333 0.270732 0.000000 0.000000 0.000000 0.000000
0.190000 0.270732 -0.000769 0.005508 0.602999 0.005561
0.316667 0.270732 -0.005216 -0.000286 0.600001 0.005224
0.443333 0.270732 -0.007703 -0.002580 0.600003 0.008124
0.570000 0.270732 -0.003219 0.000006 0.600174 0.003219
0.696667 0.270732 0.003495 0.000497 0.600431 0.003530
0.823333 0.270732 0.004581 -0.004101 0.600007 0.006148
0.950000 0.270732 -0.001680 -0.004384 0.600002 0.004694
1.076667 0.270732 -0.003692 -0.002762 0.600078 0.004611
1.203333 0.270732 -0.010680 -0.004124 0.600593 0.011449
1.330000 0.270732 -0.012684 -0.001234 0.600144 0.012744
1.456667 0.270732 -0.008638 -0.003027 0.600016 0.009153
1.583333 0.270732 -0.009055 -0.000170 0.600024 0.009057
1.710000 0.270732 -0.008917 -0.006018 0.600000 0.010758
1.836667 0.270732 -0.008407 -0.003501 0.600000 0.009107
1.963333 0.270732 -0.004312 -0.002232 0.600000 0.004856
2.090000 0.270732 -0.001053 -0.000366 0.600001 0.001114
2.216667 0.270732 -0.001351 -0.001013 0.600000 0.001689
2.343333 0.270732 -0.004561 0.001412 0.600000 0.004774
2.470000 0.270732 0.001286 -0.006805 0.600000 0.006926
2.596667 0.270732 0.000492 0.000918 0.600001 0.001042
2.723333 0.270732 -0.001936 -0.000312 0.600000 0.001961
2.850000 0.270732 0.002271 0.002313 0.600000 0.003241
2.976667 0.270732 0.005985 -0.000779 0.600000 0.006035
3.103333 0.270732 0.008730 0.000779 0.600000 0.008764
3.230000 0.270732 0.002314 0.004904 0.600000 0.005422
3.356667 0.270732 -0.002928 0.005630 0.600000 0.006346
3.483333 0.270732 -0.005071 0.008469 0.600000 0.009871
3.610000 0.270732 -0.003238 0.013209 0.600004 0.013600
3.736667 0.270732 0.000000 0.000000 0.000000 0.000000
0.063333 0.285366 0.000000 0.000000 0.000000 0.000000
0.190000 0.285366 -0.001273 0.005638 0.600232 0.005780
0.316667 0.285366 -0.005953 0.000559 0.600000 0.005979
0.443333 0.285366 -0.008119 -0.002648 0.600000 0.008540
0.570000 0.285366 -0.003785 -0.000080 0.600002 0.003786
0.696667 0.285366 0.002303 0.000897 0.600018 0.002471
0.823333 0.285366 0.003267 -0.004442 0.600000 0.005514
0.950000 0.285366 -0.002665 -0.004987 0.600000 0.005654
1.076667 0.285366 -0.003585 -0.002628 0.600003 0.004445
1.203333 0.285366 -0.010593 -0.004379 0.600062 0.011462
1.330000 0.285366 -0.013957 -0.001842 0.600005 0.014078
1.456667 0.285366 -0.007404 -0.001950 0.600000 0.007657
1.583333 0.285366 -0.007689 -0.000171 0.600001 0.007691
1.710000 0.285366 -0.010091 -0.007063 0.600000 0.012318
1.836667 0.285366 -0.008771 -0.003727 0.600000 0.009530
1.963333 0.285366 -0.003814 -0.002244 0.600000 0.004425
2.090000 0.285366 -0.000511 -0.000040 0.600000 0.000512
2.216667 0.285366 -0.000754 -0.000929 0.600000 0.001196
2.343333 0.285366 -0.004345 0.000611 0.600000 0.004388
2.470000 0.285366 0.001451 -0.006276 0.600000 0.006441
2.596667 0.285366 0.000881 0.000379 0.600000 0.000959
2.723333 0.285366 -0.001995 -0.000373 0.600000 0.002030
2.850000 0.285366 0.002504 0.002426 0.600000 0.003486
2.976667 0.285366 0.006260 -0.000970 0.600000 0.006334
3.103333 0.285366 0.008487 0.001001 0.600000 0.008546
3.230000 0.285366 0.002278 0.005568 0.600000 0.006016
3.356667 0.285366 -0.002596 0.004547 0.600000 0.005236
3.483333 0.285366 -0.004646 0.008151 0.600000 0.009382
3.610000 0.285366 -0.003011 0.012116 0.600000 0.012484
3.736667 0.285366 0.000000 0.000000 0.000000 0.000000
0.063333 0.300000 0.000000 0.000000 0.000000 0.000000
0.190000 0.300000 -0.001663 0.005892 0.600014 0.006122
0.316667 0.300000 -0.006447 0.001338 0.600000 0.006584
0.443333 0.300000 -0.008287 -0.002733 0.600000 0.008726
0.570000 0.300000 -0.004143 -0.000108 0.600000 0.004144
0.696667 0.300000 0.001371 0.001424 0.600001 0.001977
0.823333 0.300000 0.002183 -0.004905 0.600000 0.005369
0.950000 0.300000 -0.003363 -0.005770 0.600000 0.006678
1.076667 0.300000 -0.002921 -0.002749 0.600000 0.004012
1.203333 0.300000 -0.010146 -0.004433 0.600005 0.011072
1.330000 0.300000 -0.015386 -0.002353 0.600000 0.015565
1.456667 0.300000 -0.006299 -0.001595 0.600000 0.006498
1.583333 0.300000 -0.006206 -0.001650 0.600000 0.006422
1.710000 0.300000 -0.010239 -0.008165 0.600000 0.013096
1.836667 0.300000 -0.008174 -0.004014 0.600000 0.009106
1.963333 0.300000 -0.003311 -0.002317 0.600000 0.004042
2.090000 0.300000 0.000169 0.000281 0.600000 0.000328
2.216667 0.300000 -0.000021 -0.000902 0.600000 0.000902
2.343333 0.300000 -0.003994 0.000013 0.600000 0.003994
2.470000 0.300000 0.001648 -0.006000 0.600000 0.006222
2.596667 0.300000 0.001306 -0.000075 0.600000 0.001308
2.723333 0.300000 -0.001872 -0.000420 0.600000 0.001918
2.850000 0.300000 0.002604 0.002491 0.600000 0.003603
2.976667 0.300000 0.005254 -0.000980 0.600000 0.005344
3.103333 0.300000 0.007120 0.001123 0.600000 0.007208
3.230000 0.300000 0.002006 0.006268 0.600000 0.006581
3.356667 0.300000 -0.002372 0.003031 0.600000 0.003849
3.483333 0.300000 -0.003824 0.007840 0.600000 0.008723
3.610000 0.300000 -0.002485 0.011111 0.600000 0.011385
3.736667 0.300000 0.000000 0.000000 0.000000 0.000000
0.063333 0.314634 0.000000 0.000000 0.000000 0.000000
0.190000 0.314634 -0.001610 0.006193 0.600001 0.006399
0.316667 0.314634 -0.005722 0.002010 0.600000 0.006065
0.443333 0.314634 -0.006976 -0.002835 0.600000 0.007530
0.570000 0.314634 -0.002843 -0.000106 0.600000 0.002845
0.696667 0.314634 0.001333 0.002184 0.600000 0.002559
0.823333 0.314634 0.000773 -0.005456 0.600000 0.005511
0.950000 0.314634 -0.002942 -0.006024 0.600000 0.006704
1.076667 0.314634 -0.001845 -0.002922 0.600000 0.003456
1.203333 0.314634 -0.010170 -0.004384 0.600000 0.011074
1.330000 0.314634 -0.016194 -0.002710 0.600000 0.016419
1.456667 0.314634 -0.007440 -0.001770 0.600000 0.007648
1.583333 0.314634 -0.006965 -0.003580 0.600000 0.007832
1.710000 0.314634 -0.010320 -0.009543 0.600000 0.014056
1.836667 0.314634 -0.007523 -0.004271 0.600000 0.008650
1.963333 0.314634 -0.002760 -0.002443 0.600000 0.003686
2.090000 0.314634 0.000678 0.000586 0.600000 0.000896
2.216667 0.314634 0.000403 -0.000904 0.600000 0.000990
2.343333 0.314634 -0.003823 -0.000465 0.600000 0.003851
2.470000 0.314634 0.001564 -0.005892 0.600000 0.006096
2.596667 0.314634 0.001534 -0.000551 0.600000 0.001630
2.723333 0.314634 -0.001725 -0.000421 0.600000 0.001776
2.850000 0.314634 0.001496 0.002660 0.600000 0.003052
2.976667 0.314634 0.003157 -0.000888 0.600000 0.003279
3.103333 0.314634 0.005722 0.001068 0.600000 0.005821
3.230000 0.314634 0.002618 0.006866 0.600000 0.007348
3.356667 0.314634 -0.001109 0.001639 0.600000 0.001979
3.483333 0.314634 -0.002868 0.007506 0.600000 0.008035
3.610000 0.314634 -0.001915 0.010230 0.600000 0.010407
3.736667 0.314634 0.000000 0.000000 0.000000 0.000000
0.063333 0.329268 0.000000 0.000000 0.000000 0.000000
0.190000 0.329268 -0.001444 0.006480 0.600000 0.006639
0.316667 0.329268 -0.004915 0.002552 0.600000 0.005539
0.443333 0.329268 -0.005747 -0.002955 0.600000 0.006462
0.570000 0.329268 -0.001672 -0.000100 0.600000 0.001675
0.696667 0.329268 0.001319 0.003267 0.600000 0.003523
0.823333 0.329268 -0.000477 -0.006078 0.600000 0.006097
0.950000 0.329268 -0.002471 -0.005009 0.600000 0.005585
1.076667 0.329268 -0.000762 -0.002940 0.600000 0.003037
1.203333 0.329268 -0.008431 -0.004570 0.600000 0.009590
1.330000 0.329268 -0.014785 -0.002739 0.600000 0.015036
1.456667 0.329268 -0.006053 -0.002334 0.600000 0.006488
1.583333 0.329268 -0.005641 -0.005443 0.600000 0.007839
1.710000 0.329268 -0.010436 -0.011173 0.600000 0.015289
1.836667 0.329268 -0.006970 -0.004497 0.600000 0.008295
1.963333 0.329268 -0.002493 -0.002585 0.600000 0.003591
2.090000 0.329268 0.000656 0.000881 0.600000 0.001099
2.216667 0.329268 0.000295 -0.000932 0.600000 0.000978
2.343333 0.329268 -0.003994 -0.000887 0.600000 0.004092
2.470000 0.329268 0.001261 -0.005923 0.600000 0.006056
2.596667 0.329268 0.001434 -0.001114 0.600000 0.001816
2.723333 0.329268 -0.001998 -0.000349 0.600000 0.002028
2.850000 0.329268 0.000144 0.003043 0.600000 0.003046
2.976667 0.329268 0.002208 -0.001013 0.600000 0.002429
3.103333 0.329268 0.005432 0.001011 0.600000 0.005525
3.230000 0.329268 0.003378 0.007157 0.600000 0.007914
3.356667 0.329268 0.000203 0.000559 0.600000 0.000595
3.483333 0.329268 -0.002519 0.007171 0.600000 0.007600
3.610000 0.329268 -0.001782 0.009427 0.600000 0.009594
3.736667 0.329268 0.000000 0.000000 0.000000 0.000000
0.063333 0.343902 0.000000 0.000000 0.000000 0.000000
0.190000 0.343902 -0.001524 0.006783 0.600000 0.006952
0.316667 0.343902 -0.005017 0.003023 0.600000 0.005858
0.443333 0.343902 -0.005942 -0.003096 0.600000 0.006701
0.570000 0.343902 -0.002205 -0.000074 0.600000 0.002206
0.696667 0.343902 0.000422 0.004568 0.600000 0.004587
0.823333 0.343902 -0.001370 -0.006819 0.600000 0.006956
0.950000 0.343902 -0.002783 -0.003459 0.600000 0.004440
1.076667 0.343902 -0.001041 -0.002859 0.600000 0.003043
1.203333 0.343902 -0.007320 -0.005201 0.600000 0.008979
1.330000 0.343902 -0.012260 -0.002526 0.600000 0.012517
1.456667 0.343902 -0.003216 -0.003246 0.600000 0.004570
1.583333 0.343902 -0.004292 -0.007456 0.600000 0.008603
1.710000 0.343902 -0.010592 -0.013003 0.600000 0.016771
1.836667 0.343902 -0.007391 -0.004575 0.600000 0.008692
1.963333 0.343902 -0.004447 -0.002666 0.600000 0.005185
2.090000 0.343902 -0.001785 0.001141 0.600000 0.002118
2.216667 0.343902 -0.002472 -0.000946 0.600000 0.002647
2.343333 0.343902 -0.006696 -0.001359 0.600000 0.006832
2.470000 0.343902 -0.000536 -0.006196 0.600000 0.006219
2.596667 0.343902 -0.000777 -0.001676 0.600000 0.001848
2.723333 0.343902 -0.004382 -0.000324 0.600000 0.004394
2.850000 0.343902 -0.000702 0.003442 0.600000 0.003513
2.976667 0.343902 0.002283 -0.001330 0.600000 0.002643
3.103333 0.343902 0.005102 0.001108 0.600000 0.005221
3.230000 0.343902 0.002568 0.007343 0.600000 0.007779
3.356667 0.343902 0.000008 -0.000351 0.600000 0.000351
3.483333 0.343902 -0.002200 0.006876 0.600000 0.007219
3.610000 0.343902 -0.001716 0.008649 0.600000 0.008817
3.736667 0.343902 0.000000 0.000000 0.000000 0.000000
0.063333 0.358537 0.000000 0.000000 0.000000 0.000000
0.190000 0.358537 -0.001579 0.006985 0.600000 0.007161
0.316667 0.358537 -0.005051 0.003462 0.600000 0.006124
0.443333 0.358537 -0.006150 -0.003259 0.600000 0.006960
0.570000 0.358537 -0.002784 -0.000017 0.600000 0.002784
0.696667 0.358537 -0.000703 0.006041 0.600000 0.006082
0.823333 0.358537 -0.002417 -0.007759 0.599999 0.008127
0.950000 0.358537 -0.003095 -0.002111 0.600000 0.003746
1.076667 0.358537 -0.001390 -0.002746 0.600000 0.003077
1.203333 0.358537 -0.007715 -0.006099 0.600000 0.009835
1.330000 0.358537 -0.011223 -0.002473 0.600000 0.011492
1.456667 0.358537 -0.002487 -0.004072 0.600000 0.004772
1.583333 0.358537 -0.004969 -0.009001 0.600000 0.010281
1.710000 0.358537 -0.010660 -0.015043 0.599996 0.018437
1.836667 0.358537 -0.007840 -0.004428 0.600000 0.009004
1.963333 0.358537 -0.006373 -0.002646 0.600000 0.006900
2.090000 0.358537 -0.004275 0.001343 0.600000 0.004481
2.216667 0.358537 -0.005162 -0.000929 0.600000 0.005245
2.343333 0.358537 -0.009172 -0.001955 0.600000 0.009378
2.470000 0.358537 -0.002489 -0.006761 0.600000 0.007205
2.596667 0.358537 -0.003065 -0.002196 0.600000 0.003770
2.723333 0.358537 -0.006701 -0.000452 0.600000 0.006717
2.850000 0.358537 -0.001770 0.003682 0.600000 0.004085
2.976667 0.358537 0.001891 -0.001664 0.600000 0.002519
3.103333 0.358537 0.004328 0.001461 0.600000 0.004568
3.230000 0.358537 0.002776 0.007528 0.600000 0.008023
3.356667 0.358537 0.000994 -0.000803 0.600000 0.001277
3.483333 0.358537 -0.001819 0.006631 0.600000 0.006876
3.610000 0.358537 -0.001631 0.007890 0.600000 0.008057
3.736667 0.358537 0.000000 0.000000 0.000000 0.000000
0.063333 0.373171 0.000000 0.000000 0.000000 0.000000
0.190000 0.373171 -0.001669 0.006922 0.600000 0.007121
0.316667 0.373171 -0.005045 0.003851 0.600000 0.006347
0.443333 0.373171 -0.006189 -0.003462 0.600000 0.007091
0.570000 0.373171 -0.003172 0.000055 0.600000 0.003172
0.696667 0.373171 -0.001613 0.007743 0.600000 0.007909
0.823333 0.373171 -0.003180 -0.008936 0.599992 0.009485
0.950000 0.373171 -0.003329 -0.000903 0.600000 0.003449
1.076667 0.373171 -0.000528 -0.002768 0.600000 0.002818
1.203333 0.373171 -0.006644 -0.006996 0.599998 0.009648
1.330000 0.373171 -0.011066 -0.002624 0.600000 0.011373
1.456667 0.373171 -0.002732 -0.004768 0.599999 0.005495
1.583333 0.373171 -0.005564 -0.009659 0.599997 0.011146
1.710000 0.373171 -0.010688 -0.016382 0.599966 0.019560
1.836667 0.373171 -0.007636 -0.004144 0.600000 0.008688
1.963333 0.373171 -0.006561 -0.002615 0.600000 0.007063
2.090000 0.373171 -0.004783 0.001524 0.600000 0.005020
2.216667 0.373171 -0.005476 -0.000986 0.600000 0.005564
2.343333 0.373171 -0.009222 -0.002622 0.599999 0.009588
2.470000 0.373171 -0.003668 -0.007446 0.599999 0.008301
2.596667 0.373171 -0.004291 -0.002841 0.600000 0.005147
2.723333 0.373171 -0.007492 -0.000610 0.600000 0.007517
2.850000 0.373171 -0.002805 0.003831 0.600000 0.004748
2.976667 0.373171 0.000818 -0.001990 0.599999 0.002152
3.103333 0.373171 0.003019 0.002120 0.600000 0.003689
3.230000 0.373171 0.002865 0.007575 0.600000 0.008098
3.356667 0.373171 0.001826 -0.000292 0.600000 0.001850
3.483333 0.373171 -0.001571 0.006414 0.600000 0.006604
3.610000 0.373171 -0.001502 0.007156 0.600000 0.007312
3.736667 0.373171 0.000000 0.000000 0.000000 0.000000
0.063333 0.387805 0.000000 0.000000 0.000000 0.000000
0.190000 0.387805 -0.001743 0.006744 0.600000 0.006966
0.316667 0.387805 -0.004892 0.004159 0.600000 0.006421
0.443333 0.387805 -0.005948 -0.003753 0.600000 0.007033
0.570000 0.387805 -0.003284 0.000134 0.599999 0.003287
0.696667 0.387805 -0.001983 0.009676 0.599999 0.009877
0.823333 0.387805 -0.003291 -0.010322 0.599928 0.010834
0.950000 0.387805 -0.003093 0.000230 0.599998 0.003102
1.076667 0.387805 0.000389 -0.003040 0.599996 0.003065
1.203333 0.387805 -0.005446 -0.007882 0.599982 0.009581
1.330000 0.387805 -0.010667 -0.002809 0.599999 0.011031
1.456667 0.387805 -0.002981 -0.005600 0.599994 0.006344
1.583333 0.387805 -0.005952 -0.010024 0.599968 0.011658
1.710000 0.387805 -0.010774 -0.016123 0.599734 0.019392
1.836667 0.387805 -0.007711 -0.003793 0.600000 0.008593
1.963333 0.387805 -0.006881 -0.002669 0.599999 0.007380
2.090000 0.387805 -0.005316 0.001695 0.599999 0.005580
2.216667 0.387805 -0.005879 -0.001172 0.599997 0.005994
2.343333 0.387805 -0.009422 -0.003319 0.599990 0.009989
2.470000 0.387805 -0.005228 -0.008064 0.599980 0.009611
2.596667 0.387805 -0.006016 -0.003756 0.599990 0.007092
2.723333 0.387805 -0.008518 -0.000700 0.599997 0.008547
2.850000 0.387805 -0.004059 0.003967 0.600000 0.005675
2.976667 0.387805 -0.000758 -0.002269 0.599980 0.002392
3.103333 0.387805 0.001180 0.002934 0.599998 0.003162
3.230000 0.387805 0.001578 0.007628 0.600000 0.007790
3.356667 0.387805 0.001384 0.000648 0.600000 0.001528
3.483333 0.387805 -0.001355 0.006183 0.600000 0.006330
3.610000 0.387805 -0.001349 0.006454 0.600000 0.006593
3.736667 0.387805 0.000000 0.000000 0.000000 0.000000
0.063333 0.402439 0.000000 0.000000 0.000000 0.000000
0.190000 0.402439 -0.001433 0.006567 0.600000 0.006721
0.316667 0.402439 -0.003865 0.004357 0.600000 0.005824
0.443333 0.402439 -0.004622 -0.004196 0.599992 0.006243
0.570000 0.402439 -0.001882 0.000200 0.599933 0.001893
0.696667 0.402439 0.002278 0.011434 0.599995 0.011659
0.823333 0.402439 0.001297 -0.011439 0.599435 0.011513
0.950000 0.402439 -0.000507 0.001276 0.599956 0.001373
1.076667 0.402439 0.001776 -0.003344 0.599945 0.003787
1.203333 0.402439 -0.004742 -0.008960 0.599884 0.010138
1.330000 0.402439 -0.010023 -0.003053 0.599991 0.010478
1.456667 0.402439 -0.003445 -0.006563 0.599785 0.007413
1.583333 0.402439 -0.006183 -0.010595 0.599515 0.012267
1.710000 0.402439 -0.010939 -0.015127 0.598077 0.018668
1.836667 0.402439 -0.008044 -0.003387 0.599998 0.008728
1.963333 0.402439 -0.007346 -0.002820 0.599985 0.007869
2.090000 0.402439 -0.006235 0.001789 0.599961 0.006486
2.216667 0.402439 -0.006729 -0.001509 0.599942 0.006896
2.343333 0.402439 -0.010001 -0.004113 0.599916 0.010814
2.470000 0.402439 -0.007093 -0.008481 0.599556 0.011056
2.596667 0.402439 -0.008106 -0.004952 0.599676 0.009499
2.723333 0.402439 -0.010022 -0.000705 0.599836 0.010047
2.850000 0.402439 -0.006574 0.004103 0.599997 0.007750
2.976667 0.402439 -0.003443 -0.002514 0.599676 0.004263
3.103333 0.402439 -0.000856 0.003802 0.599915 0.003897
3.230000 0.402439 0.000100 0.007917 0.599982 0.007917
3.356667 0.402439 0.000767 0.001510 0.600000 0.001693
3.483333 0.402439 -0.001218 0.005918 0.600000 0.006042
3.610000 0.402439 -0.001232 0.005779 0.600000 0.005909
3.736667 0.402439 0.000000 0.000000 0.000000 0.000000
0.063333 0.417073 0.000000 0.000000 0.000000 0.000000
0.190000 0.417073 -0.001030 0.006337 0.600000 0.006420
0.316667 0.417073 -0.002783 0.004446 0.599999 0.005246
0.443333 0.417073 -0.003683 -0.004749 0.599895 0.006010
0.570000 0.417073 -0.001264 0.001244 0.592498 0.001773
0.696667 0.417073 0.006294 0.013822 0.590866 0.015188
0.823333 0.417073 0.005947 -0.010508 0.596139 0.012075
0.950000 0.417073 0.001689 0.003353 0.591394 0.003754
1.076667 0.417073 0.003164 -0.001960 0.591766 0.003722
1.203333 0.417073 -0.002726 -0.008162 0.589665 0.008605
1.330000 0.417073 -0.007423 -0.001875 0.591055 0.007656
1.456667 0.417073 -0.003154 -0.006318 0.589153 0.007061
1.583333 0.417073 -0.006057 -0.009572 0.588731 0.011328
1.710000 0.417073 -0.010885 -0.013410 0.588733 0.017272
1.836667 0.417073 -0.008760 -0.002960 0.599986 0.009247
1.963333 0.417073 -0.008786 -0.002934 0.599796 0.009263
2.090000 0.417073 -0.008830 0.003211 0.588575 0.009396
2.216667 0.417073 -0.008636 -0.000120 0.588387 0.008636
2.343333 0.417073 -0.010906 -0.003082 0.589719 0.011333
2.470000 0.417073 -0.009487 -0.007865 0.591211 0.012324
2.596667 0.417073 -0.011104 -0.004451 0.594305 0.011962
2.723333 0.417073 -0.012623 0.000667 0.590711 0.012641
2.850000 0.417073 -0.009927 0.005725 0.592238 0.011460
2.976667 0.417073 -0.006970 -0.001528 0.591893 0.007135
3.103333 0.417073 -0.003904 0.006023 0.591555 0.007177
3.230000 0.417073 -0.001455 0.009792 0.592149 0.009899
3.356667 0.417073 0.000398 0.002411 0.599783 0.002444
3.483333 0.417073 -0.001139 0.005631 0.599999 0.005745
3.610000 0.417073 -0.001141 0.005123 0.600000 0.005248
3.736667 0.417073 0.000000 0.000000 0.000000 0.000000
0.063333 0.431707 0.000000 0.000000 0.000000 0.000000
0.190000 0.431707 -0.000846 0.006064 0.600000 0.006122
0.316667 0.431707 -0.002299 0.004465 0.600000 0.005022
0.443333 0.431707 -0.003520 -0.005280 0.599995 0.006346
0.570000 0.431707 -0.001540 0.001963 0.599455 0.002495
0.696667 0.431707 0.005987 0.014904 0.597607 0.016062
0.823333 0.431707 0.005992 -0.008629 0.599965 0.010505
0.950000 0.431707 0.002074 0.004822 0.598370 0.005249
1.076667 0.431707 0.003042 -0.000456 0.598639 0.003076
1.203333 0.431707 -0.001276 -0.006254 0.598717 0.006383
1.330000 0.431707 -0.003921 -0.000734 0.598021 0.003989
1.456667 0.431707 -0.001599 -0.005652 0.598336 0.005873
1.583333 0.431707 -0.006036 -0.007614 0.598945 0.009717
1.710000 0.431707 -0.010910 -0.012195 0.599931 0.016362
1.836667 0.431707 -0.009924 -0.002431 0.600000 0.010218
1.963333 0.431707 -0.011478 -0.002911 0.599977 0.011842
2.090000 0.431707 -0.011977 0.004413 0.597035 0.012764
2.216667 0.431707 -0.010925 0.001569 0.597664 0.011037
2.343333 0.431707 -0.012882 -0.001477 0.597446 0.012966
2.470000 0.431707 -0.011923 -0.007364 0.599376 0.014014
2.596667 0.431707 -0.013924 -0.002799 0.599751 0.014203
2.723333 0.431707 -0.015599 0.001725 0.599572 0.015694
2.850000 0.431707 -0.012425 0.007200 0.598824 0.014360
2.976667 0.431707 -0.009158 -0.000719 0.599679 0.009186
3.103333 0.431707 -0.006429 0.007777 0.598217 0.010090
3.230000 0.431707 -0.003263 0.011093 0.597387 0.011563
3.356667 0.431707 -0.000156 0.003333 0.599952 0.003337
3.483333 0.431707 -0.001091 0.005332 0.600000 0.005443
3.610000 0.431707 -0.001049 0.004479 0.600000 0.004601
3.736667 0.431707 0.000000 0.000000 0.000000 0.000000
0.063333 0.446341 0.000000 0.000000 0.000000 0.000000
0.190000 0.446341 -0.000642 0.005766 0.600000 0.005801
0.316667 0.446341 -0.001760 0.004434 0.600000 0.004771
0.443333 0.446341 -0.003099 -0.005701 0.600000 0.006489
0.570000 0.446341 -0.001669 0.001398 0.599985 0.002178
0.696667 0.446341 0.005667 0.013752 0.599621 0.014874
0.823333 0.446341 0.006174 -0.007535 0.599996 0.009741
0.950000 0.446341 0.002738 0.004578 0.599772 0.005334
1.076667 0.446341 0.003472 -0.000409 0.599831 0.003496
1.203333 0.446341 -0.000262 -0.005371 0.599909 0.005377
1.330000 0.446341 -0.001607 -0.001156 0.599709 0.001980
1.456667 0.446341 -0.000474 -0.005628 0.599857 0.005648
1.583333 0.446341 -0.005795 -0.006510 0.599939 0.008716
1.710000 0.446341 -0.011097 -0.012123 0.599999 0.016436
1.836667 0.446341 -0.011505 -0.001788 0.600000 0.011643
1.963333 0.446341 -0.013623 -0.002817 0.599996 0.013911
2.090000 0.446341 -0.014641 0.004026 0.599528 0.015184
2.216667 0.446341 -0.013594 0.001713 0.599714 0.013701
2.343333 0.446341 -0.014866 -0.001248 0.599611 0.014919
2.470000 0.446341 -0.014437 -0.007753 0.599975 0.016387
2.596667 0.446341 -0.017090 -0.001872 0.599987 0.017193
2.723333 0.446341 -0.018800 0.001189 0.599977 0.018838
2.850000 0.446341 -0.015048 0.006936 0.599880 0.016570
2.976667 0.446341 -0.011422 -0.001251 0.599992 0.011491
3.103333 0.446341 -0.008958 0.007709 0.599739 0.011818
3.230000 0.446341 -0.005004 0.010338 0.599473 0.011486
3.356667 0.446341 -0.000869 0.004084 0.599994 0.004175
3.483333 0.446341 -0.000793 0.004983 0.600000 0.005045
3.610000 0.446341 -0.000679 0.003878 0.600000 0.003937
3.736667 0.446341 0.000000 0.000000 0.000000 0.000000
0.063333 0.460976 0.000000 0.000000 0.000000 0.000000
0.190000 0.460976 -0.000432 0.005447 0.600000 0.005464
0.316667 0.460976 -0.001165 0.004349 0.600000 0.004503
0.443333 0.460976 -0.002553 -0.005982 0.600000 0.006504
0.570000 0.460976 -0.001674 0.000906 0.600000 0.001904
0.696667 0.460976 0.005399 0.012579 0.599961 0.013689
0.823333 0.460976 0.006407 -0.006538 0.600000 0.009154
0.950000 0.460976 0.003413 0.004323 0.599977 0.005508
1.076667 0.460976 0.004634 -0.000380 0.599984 0.004650
1.203333 0.460976 0.001321 -0.004585 0.599996 0.004772
1.330000 0.460976 -0.000962 -0.001522 0.599970 0.001801
1.456667 0.460976 -0.000773 -0.005415 0.599993 0.005470
1.583333 0.460976 -0.005722 -0.005537 0.599998 0.007962
1.710000 0.460976 -0.011965 -0.011763 0.600000 0.016778
1.836667 0.460976 -0.013059 -0.001239 0.600000 0.013117
1.963333 0.460976 -0.014770 -0.002700 0.600000 0.015015
2.090000 0.460976 -0.016171 0.003676 0.599951 0.016584
2.216667 0.460976 -0.014974 0.001804 0.599976 0.015082
2.343333 0.460976 -0.015814 -0.001095 0.599962 0.015852
2.470000 0.460976 -0.016506 -0.007876 0.599999 0.018289
2.596667 0.460976 -0.019528 -0.001093 0.599999 0.019559
2.723333 0.460976 -0.020850 0.000760 0.599999 0.020864
2.850000 0.460976 -0.017084 0.006496 0.599991 0.018278
2.976667 0.460976 -0.013475 -0.001647 0.600000 0.013575
3.103333 0.460976 -0.011085 0.007544 0.599976 0.013409
3.230000 0.460976 -0.006442 0.009510 0.599935 0.011486
3.356667 0.460976 -0.001570 0.004592 0.600000 0.004853
3.483333 0.460976 -0.000509 0.004549 0.600000 0.004577
3.610000 0.460976 -0.000322 0.003348 0.600000 0.003363
3.736667 0.460976 0.000000 0.000000 0.000000 0.000000
0.063333 0.475610 0.000000 0.000000 0.000000 0.000000
0.190000 0.475610 -0.000196 0.005109 0.600000 0.005113
0.316667 0.475610 -0.000454 0.004202 0.600000 0.004226
0.443333 0.475610 -0.001845 -0.006129 0.600000 0.006401
0.570000 0.475610 -0.001567 0.000494 0.600000 0.001643
0.696667 0.475610 0.005229 0.011390 0.599997 0.012533
0.823333 0.475610 0.006753 -0.005641 0.600000 0.008799
0.950000 0.475610 0.004123 0.004076 0.599998 0.005798
1.076667 0.475610 0.005836 -0.000472 0.599999 0.005855
1.203333 0.475610 0.002904 -0.003772 0.600000 0.004760
1.330000 0.475610 -0.000242 -0.001709 0.599998 0.001726
1.456667 0.475610 -0.000902 -0.005174 0.600000 0.005252
1.583333 0.475610 -0.005694 -0.004652 0.600000 0.007352
1.710000 0.475610 -0.012747 -0.011111 0.600000 0.016910
1.836667 0.475610 -0.014471 -0.000861 0.600000 0.014497
1.963333 0.475610 -0.015903 -0.002580 0.600000 0.016111
2.090000 0.475610 -0.017593 0.003344 0.599997 0.017908
2.216667 0.475610 -0.016136 0.001829 0.599999 0.016239
2.343333 0.475610 -0.016716 -0.000956 0.599997 0.016743
2.470000 0.475610 -0.018498 -0.007729 0.600000 0.020048
2.596667 0.475610 -0.021823 -0.000507 0.600000 0.021829
2.723333 0.475610 -0.022799 0.000440 0.600000 0.022803
2.850000 0.475610 -0.019089 0.005953 0.600000 0.019996
2.976667 0.475610 -0.015608 -0.001923 0.600000 0.015726
3.103333 0.475610 -0.013139 0.007259 0.599998 0.015011
3.230000 0.475610 -0.007779 0.008640 0.599995 0.011625
3.356667 0.475610 -0.002188 0.004874 0.600000 0.005343
3.483333 0.475610 -0.000453 0.004069 0.600000 0.004094
3.610000 0.475610 -0.000225 0.002855 0.600000 0.002864
3.736667 0.475610 0.000000 0.000000 0.000000 0.000000
0.063333 0.490244 0.000000 0.000000 0.000000 0.000000
0.190000 0.490244 0.000253 0.004711 0.600000 0.004718
0.316667 0.490244 0.000873 0.003964 0.600000 0.004059
0.443333 0.490244 -0.000488 -0.006120 0.600000 0.006139
0.570000 0.490244 -0.000885 0.000154 0.600000 0.000898
0.696667 0.490244 0.005546 0.010201 0.600000 0.011611
0.823333 0.490244 0.007545 -0.004859 0.600000 0.008974
0.950000 0.490244 0.005801 0.003800 0.600000 0.006935
1.076667 0.490244 0.007253 -0.000561 0.600000 0.007275
1.203333 0.490244 0.004121 -0.002982 0.600000 0.005087
1.330000 0.490244 0.000704 -0.001741 0.600000 0.001878
1.456667 0.490244 -0.000871 -0.004884 0.600000 0.004961
1.583333 0.490244 -0.005624 -0.003839 0.600000 0.006810
1.710000 0.490244 -0.013050 -0.010251 0.600000 0.016594
1.836667 0.490244 -0.015394 -0.000578 0.600000 0.015404
1.963333 0.490244 -0.017081 -0.002453 0.600000 0.017257
2.090000 0.490244 -0.019081 0.003019 0.600000 0.019318
2.216667 0.490244 -0.017327 0.001783 0.600000 0.017419
2.343333 0.490244 -0.017640 -0.000806 0.600000 0.017658
2.470000 0.490244 -0.020517 -0.007340 0.600000 0.021790
2.596667 0.490244 -0.024131 -0.000094 0.600000 0.024132
2.723333 0.490244 -0.024713 0.000207 0.600000 0.024714
2.850000 0.490244 -0.021475 0.005383 0.600000 0.022139
2.976667 0.490244 -0.018718 -0.002074 0.600000 0.018832
3.103333 0.490244 -0.015945 0.006804 0.600000 0.017336
3.230000 0.490244 -0.009225 0.007699 0.600000 0.012015
3.356667 0.490244 -0.002707 0.004947 0.600000 0.005639
3.483333 0.490244 -0.000194 0.003564 0.600000 0.003569
3.610000 0.490244 0.000044 0.002390 0.600000 0.002390
3.736667 0.490244 0.000000 0.000000 0.000000 0.000000
0.063333 0.504878 0.000000 0.000000 0.000000 0.000000
0.190000 0.504878 0.000736 0.004211 0.600000 0.004275
0.316667 0.504878 0.002206 0.003623 0.600000 0.004241
0.443333 0.504878 0.000689 -0.005915 0.600000 0.005955
0.570000 0.504878 -0.000538 -0.000118 0.600000 0.000551
0.696667 0.504878 0.005760 0.009002 0.600000 0.010687
0.823333 0.504878 0.008216 -0.004175 0.600000 0.009216
0.950000 0.504878 0.007240 0.003430 0.600000 0.008012
1.076667 0.504878 0.008616 -0.000518 0.600000 0.008631
1.203333 0.504878 0.005731 -0.002330 0.600000 0.006186
1.330000 0.504878 0.002231 -0.001594 0.600000 0.002742
1.456667 0.504878 -0.000640 -0.004518 0.600000 0.004563
1.583333 0.504878 -0.005560 -0.003088 0.600000 0.006360
1.710000 0.504878 -0.013422 -0.009236 0.600000 0.016293
1.836667 0.504878 -0.016395 -0.000332 0.600000 0.016398
1.963333 0.504878 -0.018436 -0.002297 0.600000 0.018579
2.090000 0.504878 -0.020749 0.002686 0.600000 0.020922
2.216667 0.504878 -0.018663 0.001673 0.600000 0.018737
2.343333 0.504878 -0.018691 -0.000657 0.600000 0.018703
2.470000 0.504878 -0.022461 -0.006722 0.600000 0.023445
2.596667 0.504878 -0.026380 0.000158 0.600000 0.026381
2.723333 0.504878 -0.026693 0.000058 0.600000 0.026693
2.850000 0.504878 -0.023748 0.004817 0.600000 0.024231
2.976667 0.504878 -0.021484 -0.002088 0.600000 0.021585
3.103333 0.504878 -0.018349 0.006136 0.600000 0.019348
3.230000 0.504878 -0.010414 0.006674 0.600000 0.012369
3.356667 0.504878 -0.003128 0.004817 0.600000 0.005744
3.483333 0.504878 0.000088 0.003017 0.600000 0.003019
3.610000 0.504878 0.000302 0.001969 0.600000 0.001992
3.736667 0.504878 0.000000 0.000000 0.000000 0.000000
0.063333 0.519512 0.000000 0.000000 0.000000 0.000000
0.190000 0.519512 0.001095 0.003623 0.600000 0.003785
0.316667 0.519512 0.003140 0.003199 0.600000 0.004483
0.443333 0.519512 0.001307 -0.005491 0.600000 0.005644
0.570000 0.519512 -0.000836 -0.000310 0.600000 0.000891
0.696667 0.519512 0.005585 0.007725 0.600000 0.009532
0.823333 0.519512 0.008509 -0.003520 0.600000 0.009208
0.950000 0.519512 0.007766 0.002973 0.600000 0.008316
1.076667 0.519512 0.009359 -0.000404 0.600000 0.009368
1.203333 0.519512 0.006992 -0.001837 0.600000 0.007229
1.330000 0.519512 0.003879 -0.001322 0.600000 0.004098
1.456667 0.519512 0.000023 -0.004012 0.600000 0.004012
1.583333 0.519512 -0.005600 -0.002376 0.600000 0.006084
1.710000 0.519512 -0.013997 -0.008069 0.600000 0.016156
1.836667 0.519512 -0.017783 -0.000095 0.600000 0.017783
1.963333 0.519512 -0.020473 -0.002084 0.600000 0.020579
2.090000 0.519512 -0.023049 0.002319 0.600000 0.023166
2.216667 0.519512 -0.020524 0.001507 0.600000 0.020579
2.343333 0.519512 -0.020272 -0.000517 0.600000 0.020279
2.470000 0.519512 -0.024588 -0.005927 0.600000 0.025292
2.596667 0.519512 -0.028957 0.000321 0.600000 0.028959
2.723333 0.519512 -0.029193 -0.000042 0.600000 0.029193
2.850000 0.519512 -0.025740 0.004178 0.600000 0.026076
2.976667 0.519512 -0.023231 -0.002000 0.600000 0.023316
3.103333 0.519512 -0.020162 0.005331 0.600000 0.020855
3.230000 0.519512 -0.011591 0.005571 0.600000 0.012860
3.356667 0.519512 -0.003455 0.004487 0.600000 0.005663
3.483333 0.519512 0.000277 0.002451 0.600000 0.002467
3.610000 0.519512 0.000415 0.001574 0.600000 0.001627
3.736667 0.519512 0.000000 0.000000 0.000000 0.000000
0.063333 0.534146 0.000000 0.000000 0.000000 0.000000
0.190000 0.534146 0.001469 0.002962 0.600000 0.003306
0.316667 0.534146 0.004175 0.002700 0.600000 0.004972
0.443333 0.534146 0.001984 -0.004824 0.600000 0.005216
0.570000 0.534146 -0.001196 -0.000413 0.600000 0.001265
0.696667 0.534146 0.005417 0.006322 0.600000 0.008325
0.823333 0.534146 0.008835 -0.002849 0.600000 0.009283
0.950000 0.534146 0.008243 0.002457 0.600000 0.008602
1.076667 0.534146 0.010098 -0.000286 0.600000 0.010102
1.203333 0.534146 0.007854 -0.001422 0.600000 0.007981
1.330000 0.534146 0.005021 -0.001050 0.600000 0.005130
1.456667 0.534146 0.000626 -0.003330 0.600000 0.003389
1.583333 0.534146 -0.005514 -0.001698 0.600000 0.005770
1.710000 0.534146 -0.014551 -0.006733 0.600000 0.016033
1.836667 0.534146 -0.019185 0.000137 0.600000 0.019186
1.963333 0.534146 -0.022322 -0.001797 0.600000 0.022394
2.090000 0.534146 -0.025140 0.001905 0.600000 0.025212
2.216667 0.534146 -0.022139 0.001282 0.600000 0.022176
2.343333 0.534146 -0.021591 -0.000385 0.600000 0.021595
2.470000 0.534146 -0.026598 -0.004983 0.600000 0.027061
2.596667 0.534146 -0.031429 0.000440 0.600000 0.031432
2.723333 0.534146 -0.031503 -0.000124 0.600000 0.031503
2.850000 0.534146 -0.027654 0.003417 0.600000 0.027864
2.976667 0.534146 -0.025398 -0.001790 0.600000 0.025461
3.103333 0.534146 -0.022207 0.004398 0.600000 0.022638
3.230000 0.534146 -0.012524 0.004396 0.600000 0.013273
3.356667 0.534146 -0.003659 0.003953 0.600000 0.005386
3.483333 0.534146 0.000548 0.001890 0.600000 0.001968
3.610000 0.534146 0.000553 0.001189 0.600000 0.001312
3.736667 0.534146 0.000000 0.000000 0.000000 0.000000
0.063333 0.548780 0.000000 0.000000 0.000000 0.000000
0.190000 0.548780 0.001856 0.002222 0.600000 0.002895
0.316667 0.548780 0.005332 0.002101 0.600000 0.005731
0.443333 0.548780 0.002770 -0.003878 0.600000 0.004766
0.570000 0.548780 -0.001588 -0.000421 0.600000 0.001643
0.696667 0.548780 0.005311 0.004769 0.600000 0.007138
0.823333 0.548780 0.009228 -0.002144 0.600000 0.009473
0.950000 0.548780 0.008729 0.001877 0.600000 0.008929
1.076667 0.548780 0.011096 -0.000194 0.600000 0.011097
1.203333 0.548780 0.008970 -0.001009 0.600000 0.009026
1.330000 0.548780 0.005926 -0.000785 0.600000 0.005977
1.456667 0.548780 0.000996 -0.002519 0.600000 0.002709
1.583333 0.548780 -0.005224 -0.001082 0.600000 0.005335
1.710000 0.548780 -0.015024 -0.005173 0.600000 0.015890
1.836667 0.548780 -0.020495 0.000291 0.600000 0.020497
1.963333 0.548780 -0.023753 -0.001431 0.600000 0.023796
2.090000 0.548780 -0.026742 0.001445 0.600000 0.026781
2.216667 0.548780 -0.023244 0.000992 0.600000 0.023265
2.343333 0.548780 -0.022389 -0.000256 0.600000 0.022390
2.470000 0.548780 -0.028316 -0.003848 0.600000 0.028577
2.596667 0.548780 -0.033577 0.000471 0.600000 0.033581
2.723333 0.548780 -0.033380 -0.000170 0.600000 0.033380
2.850000 0.548780 -0.029439 0.002563 0.600000 0.029550
2.976667 0.548780 -0.027484 -0.001422 0.600000 0.027521
3.103333 0.548780 -0.024090 0.003269 0.600000 0.024310
3.230000 0.548780 -0.013598 0.003194 0.600000 0.013968
3.356667 0.548780 -0.004046 0.003185 0.600000 0.005149
3.483333 0.548780 0.000895 0.001333 0.600000 0.001605
3.610000 0.548780 0.000736 0.000821 0.600000 0.001102
3.736667 0.548780 0.000000 0.000000 0.000000 0.000000
0.063333 0.563415 0.000000 0.000000 0.000000 0.000000
0.190000 0.563415 0.002268 0.001398 0.600000 0.002664
0.316667 0.563415 0.006650 0.001375 0.600000 0.006791
0.443333 0.563415 0.003672 -0.002605 0.600000 0.004502
0.570000 0.563415 -0.002049 -0.000328 0.600000 0.002076
0.696667 0.563415 0.005303 0.003030 0.600000 0.006107
0.823333 0.563415 0.009735 -0.001369 0.600000 0.009831
0.950000 0.563415 0.009282 0.001212 0.600000 0.009361
1.076667 0.563415 0.012126 -0.000131 0.600000 0.012126
1.203333 0.563415 0.010065 -0.000588 0.600000 0.010082
1.330000 0.563415 0.006915 -0.000490 0.600000 0.006932
1.456667 0.563415 0.001365 -0.001603 0.600000 0.002106
1.583333 0.563415 -0.004862 -0.000560 0.600000 0.004895
1.710000 0.563415 -0.015499 -0.003334 0.600000 0.015854
1.836667 0.563415 -0.021918 0.000308 0.600000 0.021920
1.963333 0.563415 -0.025264 -0.000966 0.600000 0.025282
2.090000 0.563415 -0.028400 0.000924 0.600000 0.028415
2.216667 0.563415 -0.024333 0.000638 0.600000 0.024342
2.343333 0.563415 -0.023152 -0.000138 0.600000 0.023153
2.470000 0.563415 -0.030043 -0.002486 0.600000 0.030146
2.596667 0.563415 -0.035774 0.000378 0.600000 0.035776
2.723333 0.563415 -0.035296 -0.000155 0.600000 0.035296
2.850000 0.563415 -0.031206 0.001621 0.600000 0.031248
2.976667 0.563415 -0.029224 -0.000934 0.600000 0.029239
3.103333 0.563415 -0.026000 0.002017 0.600000 0.026078
3.230000 0.563415 -0.014977 0.001960 0.600000 0.015105
3.356667 0.563415 -0.004324 0.002136 0.600000 0.004823
3.483333 0.563415 0.001385 0.000782 0.600000 0.001590
3.610000 0.563415 0.000964 0.000474 0.600000 0.001074
3.736667 0.563415 0.000000 0.000000 0.000000 0.000000
0.063333 0.578049 0.000000 0.000000 0.000000 0.000000
0.190000 0.578049 0.002728 0.000482 0.600000 0.002770
0.316667 0.578049 0.008176 0.000488 0.600000 0.008190
0.443333 0.578049 0.004698 -0.000939 0.600000 0.004791
0.570000 0.578049 -0.002604 -0.000128 0.600000 0.002607
0.696667 0.578049 0.005413 0.001054 0.600000 0.005514
0.823333 0.578049 0.010385 -0.000479 0.600000 0.010396
0.950000 0.578049 0.009933 0.000427 0.600000 0.009942
1.076667 0.578049 0.013190 -0.000051 0.600000 0.013190
1.203333 0.578049 0.011107 -0.000190 0.600000 0.011109
1.330000 0.578049 0.008016 -0.000168 0.600000 0.008018
1.456667 0.578049 0.001733 -0.000558 0.600000 0.001820
1.583333 0.578049 -0.004512 -0.000163 0.600000 0.004515
1.710000 0.578049 -0.016046 -0.001169 0.600000 0.016088
1.836667 0.578049 -0.023461 0.000138 0.600000 0.023461
1.963333 0.578049 -0.026884 -0.000352 0.600000 0.026887
2.090000 0.578049 -0.030219 0.000323 0.600000 0.030220
2.216667 0.578049 -0.025490 0.000223 0.600000 0.025491
2.343333 0.578049 -0.023915 -0.000041 0.600000 0.023915
2.470000 0.578049 -0.031823 -0.000872 0.600000 0.031835
2.596667 0.578049 -0.038078 0.000150 0.600000 0.038079
2.723333 0.578049 -0.037353 -0.000066 0.600000 0.037353
2.850000 0.578049 -0.033058 0.000562 0.600000 0.033062
2.976667 0.578049 -0.031080 -0.000334 0.600000 0.031081
3.103333 0.578049 -0.028008 0.000689 0.600000 0.028017
3.230000 0.578049 -0.016308 0.000663 0.600000 0.016321
3.356667 0.578049 -0.004477 0.000769 0.600000 0.004542
3.483333 0.578049 0.002025 0.000255 0.600000 0.002041
3.610000 0.578049 0.001218 0.000154 0.600000 0.001228
3.736667 0.578049 0.000000 0.000000 0.000000 0.000000
0.063333 0.592683 0.000000 0.000000 0.000000 0.000000
0.190000 0.592683 0.000000 0.000000 0.000000 0.000000
0.316667 0.592683 0.000000 0.000000 0.000000 0.000000
0.443333 0.592683 0.000000 0.000000 0.000000 0.000000
0.570000 0.592683 0.000000 0.000000 0.000000 0.000000
0.696667 0.592683 0.000000 0.000000 0.000000 0.000000
0.823333 0.592683 0.000000 0.000000 0.000000 0.000000
0.950000 0.592683 0.000000 0.000000 0.000000 0.000000
1.076667 0.592683 0.000000 0.000000 0.000000 0.000000
1.203333 0.592683 0.000000 0.000000 0.000000 0.000000
1.330000 0.592683 0.000000 0.000000 0.000000 0.000000
1.456667 0.592683 0.000000 0.000000 0.000000 0.000000
1.583333 0.592683 0.000000 0.000000 0.000000 0.000000
1.710000 0.592683 0.000000 0.000000 0.000000 0.000000
1.836667 0.592683 0.000000 0.000000 0.000000 0.000000
1.963333 0.592683 0.000000 0.000000 0.000000 0.000000
2.090000 0.592683 0.000000 0.000000 0.000000 0.000000
2.216667 0.592683 0.000000 0.000000 0.000000 0.000000
2.343333 0.592683 0.000000 0.000000 0.000000 0.000000
2.470000 0.592683 0.000000 0.000000 0.000000 0.000000
2.596667 0.592683 0.000000 0.000000 0.000000 0.000000
2.723333 0.592683 0.000000 0.000000 0.000000 0.000000
2.850000 0.592683 0.000000 0.000000 0.000000 0.000000
2.976667 0.592683 0.000000 0.000000 0.000000 0.000000
3.103333 0.592683 0.000000 0.000000 0.000000 0.000000
3.230000 0.592683 0.000000 0.000000 0.000000 0.000000
3.356667 0.592683 0.000000 0.000000 0.000000 0.000000
3.483333 0.592683 0.000000 0.000000 0.000000 0.000000
3.610000 0.592683 0.000000 0.000000 0.000000 0.000000
3.736667 0.592683 0.000000 0.000000 0.000000 0.000000
