TITLE="(Vx,Vy)"
VARIABLES=X,Y,Vx,Vy,Vm,V
ZONE T="T-Dummy" I=30, J=41, F=POINT
0.063333 0.007317 0.000000 0.000000 0.000000 0.000000
0.190000 0.007317 0.000000 0.000000 0.000000 0.000000
0.316667 0.007317 0.000000 0.000000 0.000000 0.000000
0.443333 0.007317 0.000000 0.000000 0.000000 0.000000
0.570000 0.007317 0.000000 0.000000 0.000000 0.000000
0.696667 0.007317 0.000000 0.000000 0.000000 0.000000
0.823333 0.007317 0.000000 0.000000 0.000000 0.000000
0.950000 0.007317 0.000000 0.000000 0.000000 0.000000
1.076667 0.007317 0.000000 0.000000 0.000000 0.000000
1.203333 0.007317 0.000000 0.000000 0.000000 0.000000
1.330000 0.007317 0.000000 0.000000 0.000000 0.000000
1.456667 0.007317 0.000000 0.000000 0.000000 0.000000
1.583333 0.007317 0.000000 0.000000 0.000000 0.000000
1.710000 0.007317 0.000000 0.000000 0.000000 0.000000
1.836667 0.007317 0.000000 0.000000 0.000000 0.000000
1.963333 0.007317 0.000000 0.000000 0.000000 0.000000
2.090000 0.007317 0.000000 0.000000 0.000000 0.000000
2.216667 0.007317 0.000000 0.000000 0.000000 0.000000
2.343333 0.007317 0.000000 0.000000 0.000000 0.000000
2.470000 0.007317 0.000000 0.000000 0.000000 0.000000
2.596667 0.007317 0.000000 0.000000 0.000000 0.000000
2.723333 0.007317 0.000000 0.000000 0.000000 0.000000
2.850000 0.007317 0.000000 0.000000 0.000000 0.000000
2.976667 0.007317 0.000000 0.000000 0.000000 0.000000
3.103333 0.007317 0.000000 0.000000 0.000000 0.000000
3.230000 0.007317 0.000000 0.000000 0.000000 0.000000
3.356667 0.007317 0.000000 0.000000 0.000000 0.000000
3.483333 0.007317 0.000000 0.000000 0.000000 0.000000
3.610000 0.007317 0.000000 0.000000 0.000000 0.000000
3.736667 0.007317 0.000000 0.000000 0.000000 0.000000
0.063333 0.021951 0.000000 0.000000 0.000000 0.000000
0.190000 0.021951 -0.000000 0.000000 0.900000 0.000000
0.316667 0.021951 -0.000000 0.000000 0.900000 0.000000
0.443333 0.021951 -0.000000 0.000000 0.900000 0.000000
0.570000 0.021951 -0.000000 0.000000 0.900000 0.000000
0.696667 0.021951 -0.000000 -0.000000 0.900000 0.000000
0.823333 0.021951 -0.000000 -0.000000 0.900000 0.000000
0.950000 0.021951 -0.000000 0.000000 0.900000 0.000000
1.076667 0.021951 -0.000000 -0.000000 0.900000 0.000000
1.203333 0.021951 -0.000000 0.000000 0.900000 0.000000
1.330000 0.021951 -0.000000 0.000000 0.900000 0.000000
1.456667 0.021951 -0.000000 0.000000 0.900000 0.000000
1.583333 0.021951 -0.000000 0.000000 0.900000 0.000000
1.710000 0.021951 -0.000000 0.000000 0.900000 0.000000
1.836667 0.021951 -0.000000 0.000000 0.900000 0.000000
1.963333 0.021951 -0.000000 0.000000 0.900000 0.000000
2.090000 0.021951 -0.000000 0.000000 0.900000 0.000000
2.216667 0.021951 -0.000000 0.000000 0.900000 0.000000
2.343333 0.021951 -0.000000 0.000000 0.900000 0.000000
2.470000 0.021951 -0.000000 0.000000 0.900000 0.000000
2.596667 0.021951 -0.000000 0.000000 0.900000 0.000000
2.723333 0.021951 -0.000000 0.000000 0.900000 0.000000
2.850000 0.021951 -0.000000 0.000000 0.900000 0.000000
2.976667 0.021951 -0.000000 0.000000 0.900000 0.000000
3.103333 0.021951 -0.000000 0.000000 0.900000 0.000000
3.230000 0.021951 -0.000000 0.000000 0.900000 0.000000
3.356667 0.021951 -0.000000 -0.000000 0.900000 0.000000
3.483333 0.021951 -0.000000 -0.000000 0.900000 0.000000
3.610000 0.021951 -0.000000 -0.000000 0.900000 0.000000
3.736667 0.021951 0.000000 0.000000 0.000000 0.000000
0.063333 0.036585 0.000000 0.000000 0.000000 0.000000
0.190000 0.036585 -0.000000 0.000000 0.900000 0.000000
0.316667 0.036585 -0.000000 0.000000 0.900000 0.000000
0.443333 0.036585 -0.000000 0.000000 0.900000 0.000000
0.570000 0.036585 -0.000000 -0.000000 0.900000 0.000000
0.696667 0.036585 -0.000000 -0.000000 0.900000 0.000000
0.823333 0.036585 -0.000000 0.000000 0.900000 0.000000
0.950000 0.036585 -0.000000 -0.000000 0.900000 0.000000
1.076667 0.036585 -0.000000 -0.000000 0.900000 0.000000
1.203333 0.036585 -0.000000 -0.000000 0.900000 0.000000
1.330000 0.036585 -0.000000 0.000000 0.900000 0.000000
1.456667 0.036585 -0.000000 0.000000 0.900000 0.000000
1.583333 0.036585 -0.000000 0.000000 0.900000 0.000000
1.710000 0.036585 -0.000000 0.000000 0.900000 0.000000
1.836667 0.036585 -0.000000 0.000000 0.900000 0.000000
1.963333 0.036585 -0.000000 0.000000 0.900000 0.000000
2.090000 0.036585 -0.000000 0.000000 0.900000 0.000000
2.216667 0.036585 -0.000000 0.000000 0.900000 0.000000
2.343333 0.036585 -0.000000 0.000000 0.900000 0.000000
2.470000 0.036585 -0.000000 0.000000 0.900000 0.000000
2.596667 0.036585 -0.000000 0.000000 0.900000 0.000000
2.723333 0.036585 -0.000000 0.000000 0.900000 0.000000
2.850000 0.036585 -0.000000 0.000000 0.900000 0.000000
2.976667 0.036585 -0.000000 0.000000 0.900000 0.000000
3.103333 0.036585 -0.000000 0.000000 0.900000 0.000000
3.230000 0.036585 -0.000000 -0.000000 0.900000 0.000000
3.356667 0.036585 -0.000000 -0.000000 0.900000 0.000000
3.483333 0.036585 -0.000000 -0.000000 0.900000 0.000000
3.610000 0.036585 -0.000000 -0.000000 0.900000 0.000000
3.736667 0.036585 0.000000 0.000000 0.000000 0.000000
0.063333 0.051220 0.000000 0.000000 0.000000 0.000000
0.190000 0.051220 -0.000000 0.000000 0.900000 0.000000
0.316667 0.051220 -0.000000 0.000000 0.900000 0.000000
0.443333 0.051220 -0.000000 0.000000 0.900000 0.000000
0.570000 0.051220 -0.000000 -0.000000 0.900000 0.000000
0.696667 0.051220 -0.000000 -0.000000 0.900000 0.000000
0.823333 0.051220 -0.000000 0.000000 0.900000 0.000000
0.950000 0.051220 -0.000000 -0.000000 0.900000 0.000000
1.076667 0.051220 -0.000000 -0.000000 0.900000 0.000000
1.203333 0.051220 -0.000000 -0.000000 0.900000 0.000000
1.330000 0.051220 -0.000000 0.000000 0.900000 0.000000
1.456667 0.051220 -0.000000 0.000000 0.900000 0.000000
1.583333 0.051220 -0.000000 0.000000 0.900000 0.000000
1.710000 0.051220 -0.000000 0.000000 0.900000 0.000000
1.836667 0.051220 -0.000000 0.000000 0.900000 0.000000
1.963333 0.051220 -0.000000 0.000000 0.900000 0.000000
2.090000 0.051220 -0.000000 0.000000 0.900000 0.000000
2.216667 0.051220 -0.000000 0.000000 0.900000 0.000000
2.343333 0.051220 -0.000000 0.000000 0.900000 0.000000
2.470000 0.051220 -0.000000 0.000000 0.900000 0.000000
2.596667 0.051220 -0.000000 0.000000 0.900000 0.000000
2.723333 0.051220 -0.000000 0.000000 0.900000 0.000000
2.850000 0.051220 -0.000000 0.000000 0.900000 0.000000
2.976667 0.051220 -0.000000 0.000000 0.900000 0.000000
3.103333 0.051220 -0.000000 0.000000 0.900000 0.000000
3.230000 0.051220 -0.000000 -0.000000 0.900000 0.000000
3.356667 0.051220 -0.000000 -0.000000 0.900000 0.000000
3.483333 0.051220 -0.000000 -0.000000 0.900000 0.000000
3.610000 0.051220 -0.000000 -0.000000 0.900000 0.000000
3.736667 0.051220 0.000000 0.000000 0.000000 0.000000
0.063333 0.065854 0.000000 0.000000 0.000000 0.000000
0.190000 0.065854 -0.000000 0.000000 0.900000 0.000000
0.316667 0.065854 -0.000000 0.000000 0.900000 0.000000
0.443333 0.065854 -0.000000 0.000000 0.900000 0.000000
0.570000 0.065854 -0.000000 -0.000000 0.900000 0.000000
0.696667 0.065854 -0.000000 -0.000000 0.900000 0.000000
0.823333 0.065854 -0.000000 0.000000 0.900000 0.000000
0.950000 0.065854 -0.000000 -0.000000 0.900000 0.000000
1.076667 0.065854 -0.000000 -0.000000 0.900000 0.000000
1.203333 0.065854 -0.000000 -0.000000 0.900000 0.000000
1.330000 0.065854 -0.000000 0.000000 0.900000 0.000000
1.456667 0.065854 -0.000000 0.000000 0.900000 0.000000
1.583333 0.065854 -0.000000 0.000000 0.900000 0.000000
1.710000 0.065854 -0.000000 0.000000 0.900000 0.000000
1.836667 0.065854 -0.000000 0.000000 0.900000 0.000000
1.963333 0.065854 -0.000000 0.000000 0.900000 0.000000
2.090000 0.065854 -0.000000 0.000000 0.900000 0.000000
2.216667 0.065854 -0.000000 0.000000 0.900000 0.000000
2.343333 0.065854 -0.000000 0.000000 0.900000 0.000000
2.470000 0.065854 -0.000000 0.000000 0.900000 0.000000
2.596667 0.065854 -0.000000 0.000000 0.900000 0.000000
2.723333 0.065854 -0.000000 0.000000 0.900000 0.000000
2.850000 0.065854 -0.000000 0.000000 0.900000 0.000000
2.976667 0.065854 -0.000000 0.000000 0.900000 0.000000
3.103333 0.065854 -0.000000 0.000000 0.900000 0.000000
3.230000 0.065854 -0.000000 -0.000000 0.900000 0.000000
3.356667 0.065854 -0.000000 -0.000000 0.900000 0.000000
3.483333 0.065854 -0.000000 -0.000000 0.900000 0.000000
3.610000 0.065854 -0.000000 -0.000000 0.900000 0.000000
3.736667 0.065854 0.000000 0.000000 0.000000 0.000000
0.063333 0.080488 0.000000 0.000000 0.000000 0.000000
0.190000 0.080488 -0.000000 0.000000 0.900000 0.000000
0.316667 0.080488 -0.000000 0.000000 0.900000 0.000000
0.443333 0.080488 -0.000000 0.000000 0.900000 0.000000
0.570000 0.080488 -0.000000 -0.000000 0.900000 0.000000
0.696667 0.080488 -0.000000 -0.000000 0.900000 0.000000
0.823333 0.080488 -0.000000 -0.000000 0.900000 0.000000
0.950000 0.080488 -0.000000 -0.000000 0.900000 0.000000
1.076667 0.080488 -0.000000 -0.000000 0.900000 0.000000
1.203333 0.080488 -0.000000 -0.000000 0.900000 0.000000
1.330000 0.080488 -0.000000 0.000000 0.900000 0.000000
1.456667 0.080488 -0.000000 0.000000 0.900000 0.000000
1.583333 0.080488 -0.000000 0.000000 0.900000 0.000000
1.710000 0.080488 -0.000000 0.000000 0.900000 0.000000
1.836667 0.080488 -0.000000 0.000000 0.900000 0.000000
1.963333 0.080488 -0.000000 0.000000 0.900000 0.000000
2.090000 0.080488 -0.000000 0.000000 0.900000 0.000000
2.216667 0.080488 -0.000000 0.000000 0.900000 0.000000
2.343333 0.080488 -0.000000 0.000000 0.900000 0.000000
2.470000 0.080488 -0.000000 0.000000 0.900000 0.000000
2.596667 0.080488 -0.000000 0.000000 0.900000 0.000000
2.723333 0.080488 -0.000000 0.000000 0.900000 0.000000
2.850000 0.080488 -0.000000 0.000000 0.900000 0.000000
2.976667 0.080488 -0.000000 0.000000 0.900000 0.000000
3.103333 0.080488 -0.000000 0.000000 0.900000 0.000000
3.230000 0.080488 -0.000000 -0.000000 0.900000 0.000000
3.356667 0.080488 -0.000000 -0.000000 0.900000 0.000000
3.483333 0.080488 -0.000000 -0.000000 0.900000 0.000000
3.610000 0.080488 -0.000000 -0.000000 0.900000 0.000000
3.736667 0.080488 0.000000 0.000000 0.000000 0.000000
0.063333 0.095122 0.000000 0.000000 0.000000 0.000000
0.190000 0.095122 -0.000000 0.000000 0.900000 0.000000
0.316667 0.095122 -0.000000 0.000000 0.900000 0.000000
0.443333 0.095122 -0.000000 0.000000 0.900000 0.000000
0.570000 0.095122 -0.000000 -0.000000 0.900000 0.000000
0.696667 0.095122 -0.000000 -0.000000 0.900000 0.000000
0.823333 0.095122 -0.000000 -0.000000 0.900000 0.000000
0.950000 0.095122 -0.000000 -0.000000 0.900000 0.000000
1.076667 0.095122 -0.000000 -0.000000 0.900000 0.000000
1.203333 0.095122 -0.000000 -0.000000 0.900000 0.000000
1.330000 0.095122 -0.000000 0.000000 0.900000 0.000000
1.456667 0.095122 -0.000000 0.000000 0.900000 0.000000
1.583333 0.095122 -0.000000 0.000000 0.900000 0.000000
1.710000 0.095122 -0.000000 0.000000 0.900000 0.000000
1.836667 0.095122 -0.000000 0.000000 0.900000 0.000000
1.963333 0.095122 -0.000000 0.000000 0.900000 0.000000
2.090000 0.095122 -0.000000 0.000000 0.900000 0.000000
2.216667 0.095122 -0.000000 0.000000 0.900000 0.000000
2.343333 0.095122 -0.000000 0.000000 0.900000 0.000000
2.470000 0.095122 -0.000000 0.000000 0.900000 0.000000
2.596667 0.095122 -0.000000 0.000000 0.900000 0.000000
2.723333 0.095122 -0.000000 0.000000 0.900000 0.000000
2.850000 0.095122 -0.000000 0.000000 0.900000 0.000000
2.976667 0.095122 -0.000000 0.000000 0.900000 0.000000
3.103333 0.095122 -0.000000 0.000000 0.900000 0.000000
3.230000 0.095122 -0.000000 -0.000000 0.900000 0.000000
3.356667 0.095122 -0.000000 -0.000000 0.900000 0.000000
3.483333 0.095122 -0.000000 -0.000000 0.900000 0.000000
3.610000 0.095122 -0.000000 -0.000000 0.900000 0.000000
3.736667 0.095122 0.000000 0.000000 0.000000 0.000000
0.063333 0.109756 0.000000 0.000000 0.000000 0.000000
0.190000 0.109756 -0.000000 0.000000 0.900000 0.000000
0.316667 0.109756 -0.000000 0.000000 0.900000 0.000000
0.443333 0.109756 -0.000000 0.000000 0.900000 0.000000
0.570000 0.109756 -0.000000 -0.000000 0.900000 0.000000
0.696667 0.109756 -0.000000 -0.000000 0.900000 0.000000
0.823333 0.109756 -0.000000 -0.000000 0.900000 0.000000
0.950000 0.109756 -0.000000 -0.000000 0.900000 0.000000
1.076667 0.109756 -0.000000 -0.000000 0.900000 0.000000
1.203333 0.109756 -0.000000 -0.000000 0.900000 0.000000
1.330000 0.109756 -0.000000 0.000000 0.900000 0.000000
1.456667 0.109756 -0.000000 0.000000 0.900000 0.000000
1.583333 0.109756 -0.000000 0.000000 0.900000 0.000000
1.710000 0.109756 -0.000000 0.000000 0.900000 0.000000
1.836667 0.109756 -0.000000 0.000000 0.900000 0.000000
1.963333 0.109756 -0.000000 0.000000 0.900000 0.000000
2.090000 0.109756 -0.000000 0.000000 0.900000 0.000000
2.216667 0.109756 -0.000000 0.000000 0.900000 0.000000
2.343333 0.109756 -0.000000 0.000000 0.900000 0.000000
2.470000 0.109756 -0.000000 0.000000 0.900000 0.000000
2.596667 0.109756 -0.000000 0.000000 0.900000 0.000000
2.723333 0.109756 -0.000000 0.000000 0.900000 0.000000
2.850000 0.109756 -0.000000 0.000000 0.900000 0.000000
2.976667 0.109756 -0.000000 0.000000 0.900000 0.000000
3.103333 0.109756 -0.000000 0.000000 0.900000 0.000000
3.230000 0.109756 -0.000000 -0.000000 0.900000 0.000000
3.356667 0.109756 -0.000000 -0.000000 0.900000 0.000000
3.483333 0.109756 -0.000000 -0.000000 0.900000 0.000000
3.610000 0.109756 -0.000000 -0.000000 0.900000 0.000000
3.736667 0.109756 0.000000 0.000000 0.000000 0.000000
0.063333 0.124390 0.000000 0.000000 0.000000 0.000000
0.190000 0.124390 -0.000000 0.000000 0.900000 0.000000
0.316667 0.124390 -0.000000 0.000000 0.900000 0.000000
0.443333 0.124390 -0.000000 0.000000 0.900000 0.000000
0.570000 0.124390 -0.000000 -0.000000 0.900000 0.000000
0.696667 0.124390 -0.000000 -0.000000 0.900000 0.000000
0.823333 0.124390 -0.000000 -0.000000 0.900000 0.000000
0.950000 0.124390 -0.000000 -0.000000 0.900000 0.000000
1.076667 0.124390 -0.000000 -0.000000 0.900000 0.000000
1.203333 0.124390 -0.000000 -0.000000 0.900000 0.000000
1.330000 0.124390 -0.000000 -0.000000 0.900000 0.000000
1.456667 0.124390 -0.000000 0.000000 0.900000 0.000000
1.583333 0.124390 -0.000000 0.000000 0.900000 0.000000
1.710000 0.124390 -0.000000 -0.000000 0.900000 0.000000
1.836667 0.124390 -0.000000 -0.000000 0.900000 0.000000
1.963333 0.124390 -0.000000 0.000000 0.900000 0.000000
2.090000 0.124390 -0.000000 0.000000 0.900000 0.000000
2.216667 0.124390 -0.000000 0.000000 0.900000 0.000000
2.343333 0.124390 -0.000000 0.000000 0.900000 0.000000
2.470000 0.124390 -0.000000 0.000000 0.900000 0.000000
2.596667 0.124390 -0.000000 0.000000 0.900000 0.000000
2.723333 0.124390 -0.000000 0.000000 0.900000 0.000000
2.850000 0.124390 -0.000000 0.000000 0.900000 0.000000
2.976667 0.124390 -0.000000 0.000000 0.900000 0.000000
3.103333 0.124390 -0.000000 0.000000 0.900000 0.000000
3.230000 0.124390 -0.000000 -0.000000 0.900000 0.000000
3.356667 0.124390 -0.000000 -0.000000 0.900000 0.000000
3.483333 0.124390 -0.000000 -0.000000 0.900000 0.000000
3.610000 0.124390 -0.000000 -0.000000 0.900000 0.000000
3.736667 0.124390 0.000000 0.000000 0.000000 0.000000
0.063333 0.139024 0.000000 0.000000 0.000000 0.000000
0.190000 0.139024 -0.000000 0.000000 0.900000 0.000000
0.316667 0.139024 -0.000000 0.000000 0.900000 0.000000
0.443333 0.139024 -0.000000 0.000000 0.900000 0.000000
0.570000 0.139024 -0.000000 -0.000000 0.900000 0.000000
0.696667 0.139024 -0.000000 -0.000000 0.900000 0.000000
0.823333 0.139024 -0.000000 -0.000000 0.900000 0.000000
0.950000 0.139024 -0.000000 -0.000000 0.900000 0.000000
1.076667 0.139024 -0.000000 -0.000000 0.900000 0.000000
1.203333 0.139024 -0.000000 -0.000000 0.900000 0.000000
1.330000 0.139024 -0.000000 -0.000000 0.900000 0.000000
1.456667 0.139024 -0.000000 0.000000 0.900000 0.000000
1.583333 0.139024 -0.000000 0.000000 0.900000 0.000000
1.710000 0.139024 -0.000000 -0.000000 0.900000 0.000000
1.836667 0.139024 -0.000000 -0.000000 0.900000 0.000000
1.963333 0.139024 -0.000000 0.000000 0.900000 0.000000
2.090000 0.139024 -0.000000 0.000000 0.900000 0.000000
2.216667 0.139024 -0.000000 0.000000 0.900000 0.000000
2.343333 0.139024 -0.000000 0.000000 0.900000 0.000000
2.470000 0.139024 -0.000000 0.000000 0.900000 0.000000
2.596667 0.139024 -0.000000 0.000000 0.900000 0.000000
2.723333 0.139024 -0.000000 0.000000 0.900000 0.000000
2.850000 0.139024 -0.000000 0.000000 0.900000 0.000000
2.976667 0.139024 -0.000000 0.000000 0.900000 0.000000
3.103333 0.139024 -0.000000 0.000000 0.900000 0.000000
3.230000 0.139024 -0.000000 -0.000000 0.900000 0.000000
3.356667 0.139024 -0.000000 -0.000000 0.900000 0.000000
3.483333 0.139024 -0.000000 -0.000000 0.900000 0.000000
3.610000 0.139024 -0.000000 -0.000000 0.900000 0.000000
3.736667 0.139024 0.000000 0.000000 0.000000 0.000000
0.063333 0.153659 0.000000 0.000000 0.000000 0.000000
0.190000 0.153659 -0.000000 0.000000 0.900000 0.000000
0.316667 0.153659 -0.000000 0.000000 0.900000 0.000000
0.443333 0.153659 -0.000000 0.000000 0.899999 0.000000
0.570000 0.153659 -0.000000 -0.000000 0.899999 0.000000
0.696667 0.153659 -0.000000 -0.000000 0.899999 0.000000
0.823333 0.153659 -0.000000 -0.000000 0.900000 0.000000
0.950000 0.153659 -0.000000 -0.000000 0.900000 0.000000
1.076667 0.153659 -0.000000 -0.000000 0.900000 0.000000
1.203333 0.153659 -0.000000 -0.000000 0.900000 0.000000
1.330000 0.153659 -0.000000 -0.000000 0.900000 0.000000
1.456667 0.153659 -0.000000 0.000000 0.900000 0.000000
1.583333 0.153659 -0.000000 0.000000 0.900000 0.000000
1.710000 0.153659 -0.000000 -0.000000 0.900000 0.000000
1.836667 0.153659 -0.000000 -0.000000 0.900000 0.000000
1.963333 0.153659 -0.000000 0.000000 0.900000 0.000000
2.090000 0.153659 -0.000000 0.000000 0.900000 0.000000
2.216667 0.153659 -0.000000 0.000000 0.900000 0.000000
2.343333 0.153659 -0.000000 0.000000 0.900000 0.000000
2.470000 0.153659 -0.000000 0.000000 0.900000 0.000000
2.596667 0.153659 -0.000000 0.000000 0.900000 0.000000
2.723333 0.153659 -0.000000 0.000000 0.900000 0.000000
2.850000 0.153659 -0.000000 0.000000 0.900000 0.000000
2.976667 0.153659 -0.000000 0.000000 0.900000 0.000000
3.103333 0.153659 -0.000000 0.000000 0.900000 0.000000
3.230000 0.153659 -0.000000 -0.000000 0.900000 0.000000
3.356667 0.153659 -0.000000 -0.000000 0.900000 0.000000
3.483333 0.153659 -0.000000 -0.000000 0.899999 0.000000
3.610000 0.153659 -0.000000 -0.000000 0.899998 0.000000
3.736667 0.153659 0.000000 0.000000 0.000000 0.000000
0.063333 0.168293 0.000000 0.000000 0.000000 0.000000
0.190000 0.168293 -0.000000 0.000000 0.900000 0.000000
0.316667 0.168293 -0.000000 0.000000 0.899998 0.000000
0.443333 0.168293 -0.000002 0.000000 0.899920 0.000002
0.570000 0.168293 -0.000003 -0.000000 0.899921 0.000003
0.696667 0.168293 -0.000003 -0.000000 0.899929 0.000003
0.823333 0.168293 -0.000001 -0.000000 0.899962 0.000001
0.950000 0.168293 -0.000001 -0.000000 0.899984 0.000001
1.076667 0.168293 -0.000000 -0.000000 0.899987 0.000000
1.203333 0.168293 -0.000000 -0.000000 0.899996 0.000000
1.330000 0.168293 -0.000000 -0.000000 0.900000 0.000000
1.456667 0.168293 -0.000000 0.000000 0.900000 0.000000
1.583333 0.168293 -0.000000 0.000000 0.900000 0.000000
1.710000 0.168293 -0.000000 -0.000000 0.900000 0.000000
1.836667 0.168293 -0.000000 -0.000000 0.900000 0.000000
1.963333 0.168293 -0.000000 -0.000000 0.900000 0.000000
2.090000 0.168293 -0.000000 0.000000 0.900000 0.000000
2.216667 0.168293 -0.000000 0.000000 0.900000 0.000000
2.343333 0.168293 -0.000000 0.000000 0.900000 0.000000
2.470000 0.168293 -0.000000 0.000000 0.900000 0.000000
2.596667 0.168293 -0.000000 0.000000 0.900000 0.000000
2.723333 0.168293 -0.000000 0.000000 0.900000 0.000000
2.850000 0.168293 -0.000000 0.000000 0.900000 0.000000
2.976667 0.168293 -0.000000 0.000000 0.900000 0.000000
3.103333 0.168293 -0.000000 0.000000 0.900000 0.000000
3.230000 0.168293 -0.000000 -0.000000 0.899998 0.000000
3.356667 0.168293 -0.000000 -0.000000 0.899989 0.000000
3.483333 0.168293 -0.000000 -0.000000 0.899969 0.000000
3.610000 0.168293 -0.000000 -0.000001 0.899930 0.000001
3.736667 0.168293 0.000000 0.000000 0.000000 0.000000
0.063333 0.182927 0.000000 0.000000 0.000000 0.000000
0.190000 0.182927 -0.000000 0.000000 0.899987 0.000000
0.316667 0.182927 -0.000012 0.000002 0.899472 0.000013
0.443333 0.182927 -0.000161 -0.000001 0.894511 0.000161
0.570000 0.182927 -0.000145 -0.000006 0.895586 0.000145
0.696667 0.182927 -0.000140 -0.000005 0.896137 0.000140
0.823333 0.182927 -0.000093 -0.000004 0.897456 0.000093
0.950000 0.182927 -0.000050 -0.000003 0.898574 0.000050
1.076667 0.182927 -0.000042 -0.000003 0.898670 0.000042
1.203333 0.182927 -0.000017 -0.000001 0.899376 0.000017
1.330000 0.182927 -0.000001 -0.000000 0.899968 0.000001
1.456667 0.182927 -0.000000 0.000000 0.900000 0.000000
1.583333 0.182927 -0.000000 0.000000 0.900000 0.000000
1.710000 0.182927 -0.000000 -0.000000 0.899986 0.000000
1.836667 0.182927 -0.000000 -0.000000 0.899996 0.000000
1.963333 0.182927 -0.000000 -0.000000 0.899989 0.000000
2.090000 0.182927 -0.000000 0.000000 0.899992 0.000000
2.216667 0.182927 -0.000000 0.000000 0.900000 0.000000
2.343333 0.182927 -0.000000 0.000000 0.900000 0.000000
2.470000 0.182927 -0.000000 0.000000 0.900000 0.000000
2.596667 0.182927 -0.000000 0.000000 0.900000 0.000000
2.723333 0.182927 -0.000000 0.000000 0.900000 0.000000
2.850000 0.182927 -0.000000 0.000000 0.899998 0.000000
2.976667 0.182927 -0.000000 0.000000 0.899986 0.000000
3.103333 0.182927 -0.000000 -0.000000 0.899977 0.000000
3.230000 0.182927 -0.000001 -0.000000 0.899875 0.000001
3.356667 0.182927 -0.000003 -0.000003 0.899549 0.000004
3.483333 0.182927 -0.000005 -0.000008 0.899138 0.000009
3.610000 0.182927 -0.000003 -0.000016 0.898530 0.000016
3.736667 0.182927 0.000000 0.000000 0.000000 0.000000
0.063333 0.197561 0.000000 0.000000 0.000000 0.000000
0.190000 0.197561 -0.000198 0.002189 0.723050 0.002198
0.316667 0.197561 -0.001082 0.000864 0.724717 0.001384
0.443333 0.197561 -0.001804 0.000020 0.744173 0.001804
0.570000 0.197561 -0.002172 -0.000058 0.765132 0.002172
0.696667 0.197561 -0.002351 -0.000045 0.783634 0.002352
0.823333 0.197561 -0.002104 -0.000074 0.802002 0.002105
0.950000 0.197561 -0.001728 -0.000097 0.818806 0.001730
1.076667 0.197561 -0.001330 -0.000125 0.834232 0.001336
1.203333 0.197561 -0.001007 -0.000075 0.846568 0.001010
1.330000 0.197561 -0.000764 0.000008 0.854708 0.000764
1.456667 0.197561 -0.000540 0.000048 0.861758 0.000542
1.583333 0.197561 -0.000337 0.000035 0.870383 0.000339
1.710000 0.197561 -0.000196 -0.000001 0.881246 0.000196
1.836667 0.197561 -0.000122 -0.000004 0.888639 0.000122
1.963333 0.197561 -0.000071 0.000001 0.893221 0.000071
2.090000 0.197561 -0.000033 0.000004 0.896719 0.000033
2.216667 0.197561 -0.000009 0.000002 0.899179 0.000009
2.343333 0.197561 -0.000005 0.000002 0.899493 0.000006
2.470000 0.197561 -0.000001 0.000000 0.899927 0.000001
2.596667 0.197561 -0.000000 0.000000 0.899991 0.000000
2.723333 0.197561 -0.000000 0.000000 0.899990 0.000000
2.850000 0.197561 -0.000004 0.000001 0.899067 0.000004
2.976667 0.197561 -0.000009 0.000001 0.897454 0.000010
3.103333 0.197561 -0.000012 -0.000002 0.896747 0.000012
3.230000 0.197561 -0.000033 -0.000021 0.893575 0.000039
3.356667 0.197561 -0.000075 -0.000074 0.888584 0.000106
3.483333 0.197561 -0.000092 -0.000145 0.884845 0.000171
3.610000 0.197561 -0.000051 -0.000229 0.880610 0.000235
3.736667 0.197561 0.000000 0.000000 0.000000 0.000000
0.063333 0.212195 0.000000 0.000000 0.000000 0.000000
0.190000 0.212195 0.001294 0.003315 0.618623 0.003558
0.316667 0.212195 0.002487 0.001621 0.604778 0.002969
0.443333 0.212195 0.001783 0.000209 0.600134 0.001795
0.570000 0.212195 0.000467 0.000251 0.600352 0.000530
0.696667 0.212195 -0.000612 0.000236 0.601387 0.000656
0.823333 0.212195 -0.000995 0.000109 0.602226 0.001001
0.950000 0.212195 -0.001111 -0.000059 0.603079 0.001113
1.076667 0.212195 -0.001358 -0.000248 0.602822 0.001380
1.203333 0.212195 -0.001795 -0.000114 0.605115 0.001799
1.330000 0.212195 -0.001757 0.000260 0.611744 0.001776
1.456667 0.212195 -0.001057 0.000559 0.616323 0.001195
1.583333 0.212195 -0.000094 0.000616 0.615428 0.000623
1.710000 0.212195 0.000528 0.000481 0.610371 0.000714
1.836667 0.212195 0.000811 0.000383 0.609999 0.000897
1.963333 0.212195 0.001296 0.000459 0.614273 0.001375
2.090000 0.212195 0.001781 0.000759 0.622839 0.001936
2.216667 0.212195 0.002034 0.001052 0.633528 0.002290
2.343333 0.212195 0.002316 0.000991 0.645134 0.002520
2.470000 0.212195 0.002544 0.000691 0.656050 0.002636
2.596667 0.212195 0.002633 0.000447 0.670077 0.002671
2.723333 0.212195 0.002643 0.000293 0.684504 0.002659
2.850000 0.212195 0.002443 0.000156 0.699636 0.002448
2.976667 0.212195 0.002180 0.000022 0.716286 0.002180
3.103333 0.212195 0.001818 -0.000202 0.732835 0.001829
3.230000 0.212195 0.001204 -0.000530 0.747083 0.001316
3.356667 0.212195 0.000620 -0.000998 0.756911 0.001175
3.483333 0.212195 0.000253 -0.001379 0.764035 0.001402
3.610000 0.212195 0.000054 -0.001682 0.766633 0.001683
3.736667 0.212195 0.000000 0.000000 0.000000 0.000000
0.063333 0.226829 0.000000 0.000000 0.000000 0.000000
0.190000 0.226829 0.000798 0.003207 0.601503 0.003305
0.316667 0.226829 0.001738 0.001612 0.600107 0.002371
0.443333 0.226829 0.001549 0.000278 0.600000 0.001573
0.570000 0.226829 0.000493 0.000458 0.600002 0.000673
0.696667 0.226829 -0.000500 0.000381 0.600016 0.000629
0.823333 0.226829 -0.000839 0.000250 0.600036 0.000875
0.950000 0.226829 -0.000980 0.000103 0.600052 0.000986
1.076667 0.226829 -0.001158 -0.000018 0.600044 0.001158
1.203333 0.226829 -0.001310 0.000123 0.600104 0.001316
1.330000 0.226829 -0.001238 0.000445 0.600354 0.001315
1.456667 0.226829 -0.000874 0.000736 0.600627 0.001143
1.583333 0.226829 -0.000274 0.000820 0.600588 0.000864
1.710000 0.226829 0.000539 0.000748 0.600335 0.000922
1.836667 0.226829 0.001429 0.000636 0.600289 0.001564
1.963333 0.226829 0.002434 0.000679 0.600360 0.002527
2.090000 0.226829 0.003425 0.001074 0.601000 0.003590
2.216667 0.226829 0.004436 0.001391 0.602034 0.004649
2.343333 0.226829 0.005603 0.001259 0.602760 0.005742
2.470000 0.226829 0.006533 0.000905 0.602399 0.006595
2.596667 0.226829 0.007170 0.000592 0.602002 0.007195
2.723333 0.226829 0.007624 0.000419 0.601420 0.007636
2.850000 0.226829 0.007817 0.000242 0.600961 0.007821
2.976667 0.226829 0.007792 0.000019 0.600487 0.007792
3.103333 0.226829 0.007421 -0.000366 0.600005 0.007430
3.230000 0.226829 0.006324 -0.000976 0.600000 0.006399
3.356667 0.226829 0.004830 -0.002054 0.600000 0.005249
3.483333 0.226829 0.003317 -0.003003 0.600000 0.004474
3.610000 0.226829 0.001261 -0.003709 0.600000 0.003918
3.736667 0.226829 0.000000 0.000000 0.000000 0.000000
0.063333 0.241463 0.000000 0.000000 0.000000 0.000000
0.190000 0.241463 0.000656 0.002994 0.600078 0.003066
0.316667 0.241463 0.001479 0.001527 0.600002 0.002126
0.443333 0.241463 0.001403 0.000315 0.600000 0.001438
0.570000 0.241463 0.000457 0.000645 0.600000 0.000791
0.696667 0.241463 -0.000500 0.000507 0.600000 0.000712
0.823333 0.241463 -0.000835 0.000374 0.600001 0.000915
0.950000 0.241463 -0.000981 0.000263 0.600001 0.001016
1.076667 0.241463 -0.001143 0.000190 0.600001 0.001159
1.203333 0.241463 -0.001259 0.000333 0.600002 0.001303
1.330000 0.241463 -0.001169 0.000620 0.600010 0.001323
1.456667 0.241463 -0.000833 0.000863 0.600020 0.001199
1.583333 0.241463 -0.000284 0.000898 0.600018 0.000942
1.710000 0.241463 0.000493 0.000754 0.600009 0.000901
1.836667 0.241463 0.001415 0.000610 0.600005 0.001541
1.963333 0.241463 0.002533 0.000618 0.600005 0.002607
2.090000 0.241463 0.003607 0.001115 0.600029 0.003775
2.216667 0.241463 0.004611 0.001422 0.600082 0.004826
2.343333 0.241463 0.005714 0.001332 0.600111 0.005867
2.470000 0.241463 0.006584 0.001036 0.600077 0.006665
2.596667 0.241463 0.007191 0.000727 0.600052 0.007228
2.723333 0.241463 0.007610 0.000550 0.600030 0.007630
2.850000 0.241463 0.007790 0.000357 0.600013 0.007798
2.976667 0.241463 0.007734 0.000117 0.600004 0.007735
3.103333 0.241463 0.007330 -0.000254 0.600000 0.007335
3.230000 0.241463 0.006224 -0.000795 0.600000 0.006274
3.356667 0.241463 0.004701 -0.001885 0.600000 0.005065
3.483333 0.241463 0.003146 -0.002827 0.600000 0.004229
3.610000 0.241463 0.001167 -0.003454 0.600000 0.003646
3.736667 0.241463 0.000000 0.000000 0.000000 0.000000
0.063333 0.256098 0.000000 0.000000 0.000000 0.000000
0.190000 0.256098 0.000563 0.002791 0.600003 0.002847
0.316667 0.256098 0.001280 0.001437 0.600000 0.001924
0.443333 0.256098 0.001268 0.000329 0.600000 0.001310
0.570000 0.256098 0.000421 0.000821 0.600000 0.000923
0.696667 0.256098 -0.000503 0.000624 0.600000 0.000802
0.823333 0.256098 -0.000828 0.000491 0.600000 0.000963
0.950000 0.256098 -0.000977 0.000414 0.600000 0.001061
1.076667 0.256098 -0.001126 0.000381 0.600000 0.001189
1.203333 0.256098 -0.001221 0.000525 0.600000 0.001329
1.330000 0.256098 -0.001122 0.000779 0.600000 0.001366
1.456667 0.256098 -0.000799 0.000978 0.600001 0.001262
1.583333 0.256098 -0.000287 0.000966 0.600000 0.001008
1.710000 0.256098 0.000441 0.000752 0.600000 0.000872
1.836667 0.256098 0.001377 0.000570 0.600000 0.001490
1.963333 0.256098 0.002597 0.000537 0.600000 0.002652
2.090000 0.256098 0.003704 0.001151 0.600001 0.003879
2.216667 0.256098 0.004646 0.001442 0.600003 0.004865
2.343333 0.256098 0.005694 0.001389 0.600004 0.005861
2.470000 0.256098 0.006544 0.001142 0.600002 0.006643
2.596667 0.256098 0.007152 0.000848 0.600001 0.007202
2.723333 0.256098 0.007567 0.000663 0.600001 0.007596
2.850000 0.256098 0.007746 0.000458 0.600000 0.007759
2.976667 0.256098 0.007680 0.000205 0.600000 0.007683
3.103333 0.256098 0.007271 -0.000154 0.600000 0.007273
3.230000 0.256098 0.006188 -0.000628 0.600000 0.006220
3.356667 0.256098 0.004682 -0.001724 0.600000 0.004989
3.483333 0.256098 0.003116 -0.002659 0.600000 0.004096
3.610000 0.256098 0.001149 -0.003221 0.600000 0.003420
3.736667 0.256098 0.000000 0.000000 0.000000 0.000000
0.063333 0.270732 0.000000 0.000000 0.000000 0.000000
0.190000 0.270732 0.000479 0.002604 0.600000 0.002648
0.316667 0.270732 0.001095 0.001347 0.600000 0.001736
0.443333 0.270732 0.001142 0.000321 0.600000 0.001186
0.570000 0.270732 0.000385 0.000987 0.600000 0.001059
0.696667 0.270732 -0.000507 0.000730 0.600000 0.000889
0.823333 0.270732 -0.000816 0.000601 0.600000 0.001013
0.950000 0.270732 -0.000965 0.000556 0.600000 0.001114
1.076667 0.270732 -0.001105 0.000559 0.600000 0.001238
1.203333 0.270732 -0.001182 0.000702 0.600000 0.001375
1.330000 0.270732 -0.001075 0.000926 0.600000 0.001419
1.456667 0.270732 -0.000765 0.001086 0.600000 0.001328
1.583333 0.270732 -0.000292 0.001033 0.600000 0.001073
1.710000 0.270732 0.000376 0.000755 0.600000 0.000843
1.836667 0.270732 0.001325 0.000523 0.600000 0.001424
1.963333 0.270732 0.002668 0.000443 0.600000 0.002705
2.090000 0.270732 0.003809 0.001196 0.600000 0.003992
2.216667 0.270732 0.004678 0.001466 0.600000 0.004903
2.343333 0.270732 0.005676 0.001440 0.600000 0.005855
2.470000 0.270732 0.006507 0.001232 0.600000 0.006622
2.596667 0.270732 0.007112 0.000953 0.600000 0.007176
2.723333 0.270732 0.007524 0.000761 0.600000 0.007562
2.850000 0.270732 0.007699 0.000544 0.600000 0.007718
2.976667 0.270732 0.007625 0.000278 0.600000 0.007630
3.103333 0.270732 0.007218 -0.000071 0.600000 0.007218
3.230000 0.270732 0.006160 -0.000479 0.600000 0.006179
3.356667 0.270732 0.004665 -0.001566 0.600000 0.004921
3.483333 0.270732 0.003085 -0.002493 0.600000 0.003967
3.610000 0.270732 0.001129 -0.002996 0.600000 0.003202
3.736667 0.270732 0.000000 0.000000 0.000000 0.000000
0.063333 0.285366 0.000000 0.000000 0.000000 0.000000
0.190000 0.285366 0.000404 0.002433 0.600000 0.002466
0.316667 0.285366 0.000923 0.001259 0.600000 0.001561
0.443333 0.285366 0.001021 0.000292 0.600000 0.001062
0.570000 0.285366 0.000350 0.001142 0.600000 0.001194
0.696667 0.285366 -0.000508 0.000824 0.600000 0.000968
0.823333 0.285366 -0.000796 0.000702 0.600000 0.001061
0.950000 0.285366 -0.000945 0.000689 0.600000 0.001169
1.076667 0.285366 -0.001077 0.000723 0.600000 0.001297
1.203333 0.285366 -0.001139 0.000867 0.600000 0.001432
1.330000 0.285366 -0.001027 0.001062 0.600000 0.001478
1.456667 0.285366 -0.000729 0.001188 0.600000 0.001394
1.583333 0.285366 -0.000296 0.001100 0.600000 0.001139
1.710000 0.285366 0.000299 0.000765 0.600000 0.000821
1.836667 0.285366 0.001260 0.000467 0.600000 0.001343
1.963333 0.285366 0.002750 0.000332 0.600000 0.002770
2.090000 0.285366 0.003929 0.001251 0.600000 0.004123
2.216667 0.285366 0.004713 0.001492 0.600000 0.004943
2.343333 0.285366 0.005661 0.001483 0.600000 0.005852
2.470000 0.285366 0.006473 0.001305 0.600000 0.006603
2.596667 0.285366 0.007074 0.001042 0.600000 0.007151
2.723333 0.285366 0.007481 0.000842 0.600000 0.007528
2.850000 0.285366 0.007650 0.000613 0.600000 0.007675
2.976667 0.285366 0.007569 0.000333 0.600000 0.007576
3.103333 0.285366 0.007169 -0.000010 0.600000 0.007169
3.230000 0.285366 0.006142 -0.000350 0.600000 0.006152
3.356667 0.285366 0.004653 -0.001411 0.600000 0.004862
3.483333 0.285366 0.003056 -0.002330 0.600000 0.003843
3.610000 0.285366 0.001111 -0.002779 0.600000 0.002993
3.736667 0.285366 0.000000 0.000000 0.000000 0.000000
0.063333 0.300000 0.000000 0.000000 0.000000 0.000000
0.190000 0.300000 0.000336 0.002276 0.600000 0.002300
0.316667 0.300000 0.000761 0.001174 0.600000 0.001399
0.443333 0.300000 0.000903 0.000241 0.600000 0.000935
0.570000 0.300000 0.000315 0.001285 0.600000 0.001323
0.696667 0.300000 -0.000506 0.000903 0.600000 0.001035
0.823333 0.300000 -0.000769 0.000794 0.600000 0.001105
0.950000 0.300000 -0.000919 0.000812 0.600000 0.001227
1.076667 0.300000 -0.001046 0.000877 0.600000 0.001365
1.203333 0.300000 -0.001097 0.001020 0.600000 0.001498
1.330000 0.300000 -0.000980 0.001190 0.600000 0.001542
1.456667 0.300000 -0.000693 0.001285 0.600000 0.001460
1.583333 0.300000 -0.000301 0.001169 0.600000 0.001207
1.710000 0.300000 0.000204 0.000786 0.600000 0.000812
1.836667 0.300000 0.001173 0.000401 0.600000 0.001240
1.963333 0.300000 0.002841 0.000199 0.600000 0.002848
2.090000 0.300000 0.004062 0.001319 0.600000 0.004271
2.216667 0.300000 0.004748 0.001517 0.600000 0.004985
2.343333 0.300000 0.005649 0.001516 0.600000 0.005849
2.470000 0.300000 0.006440 0.001362 0.600000 0.006583
2.596667 0.300000 0.007037 0.001114 0.600000 0.007124
2.723333 0.300000 0.007436 0.000905 0.600000 0.007491
2.850000 0.300000 0.007599 0.000663 0.600000 0.007627
2.976667 0.300000 0.007510 0.000368 0.600000 0.007519
3.103333 0.300000 0.007123 0.000027 0.600000 0.007123
3.230000 0.300000 0.006132 -0.000244 0.600000 0.006137
3.356667 0.300000 0.004646 -0.001257 0.600000 0.004813
3.483333 0.300000 0.003027 -0.002168 0.600000 0.003723
3.610000 0.300000 0.001093 -0.002569 0.600000 0.002792
3.736667 0.300000 0.000000 0.000000 0.000000 0.000000
0.063333 0.314634 0.000000 0.000000 0.000000 0.000000
0.190000 0.314634 0.000275 0.002132 0.600000 0.002150
0.316667 0.314634 0.000608 0.001093 0.600000 0.001251
0.443333 0.314634 0.000787 0.000170 0.600000 0.000805
0.570000 0.314634 0.000282 0.001415 0.600000 0.001443
0.696667 0.314634 -0.000495 0.000965 0.600000 0.001084
0.823333 0.314634 -0.000730 0.000878 0.600000 0.001142
0.950000 0.314634 -0.000883 0.000928 0.600000 0.001281
1.076667 0.314634 -0.001007 0.001023 0.600000 0.001435
1.203333 0.314634 -0.001050 0.001166 0.600000 0.001569
1.330000 0.314634 -0.000928 0.001311 0.600000 0.001606
1.456667 0.314634 -0.000649 0.001380 0.600000 0.001525
1.583333 0.314634 -0.000298 0.001243 0.600000 0.001278
1.710000 0.314634 0.000095 0.000823 0.600000 0.000829
1.836667 0.314634 0.001066 0.000323 0.600000 0.001114
1.963333 0.314634 0.002949 0.000042 0.600000 0.002949
2.090000 0.314634 0.004217 0.001401 0.600000 0.004444
2.216667 0.314634 0.004787 0.001541 0.600000 0.005029
2.343333 0.314634 0.005641 0.001539 0.600000 0.005847
2.470000 0.314634 0.006412 0.001401 0.600000 0.006563
2.596667 0.314634 0.007001 0.001167 0.600000 0.007098
2.723333 0.314634 0.007393 0.000950 0.600000 0.007453
2.850000 0.314634 0.007546 0.000692 0.600000 0.007578
2.976667 0.314634 0.007450 0.000382 0.600000 0.007460
3.103333 0.314634 0.007081 0.000035 0.600000 0.007081
3.230000 0.314634 0.006131 -0.000165 0.600000 0.006133
3.356667 0.314634 0.004646 -0.001101 0.600000 0.004774
3.483333 0.314634 0.002998 -0.002008 0.600000 0.003608
3.610000 0.314634 0.001076 -0.002365 0.600000 0.002598
3.736667 0.314634 0.000000 0.000000 0.000000 0.000000
0.063333 0.329268 0.000000 0.000000 0.000000 0.000000
0.190000 0.329268 0.000220 0.002001 0.600000 0.002013
0.316667 0.329268 0.000464 0.001019 0.600000 0.001119
0.443333 0.329268 0.000669 0.000079 0.600000 0.000673
0.570000 0.329268 0.000251 0.001527 0.600000 0.001548
0.696667 0.329268 -0.000471 0.001009 0.600000 0.001114
0.823333 0.329268 -0.000681 0.000954 0.600000 0.001172
0.950000 0.329268 -0.000840 0.001039 0.600000 0.001336
1.076667 0.329268 -0.000964 0.001165 0.600000 0.001512
1.203333 0.329268 -0.001001 0.001308 0.600000 0.001647
1.330000 0.329268 -0.000876 0.001429 0.600000 0.001676
1.456667 0.329268 -0.000603 0.001474 0.600000 0.001593
1.583333 0.329268 -0.000291 0.001323 0.600000 0.001355
1.710000 0.329268 -0.000040 0.000885 0.600000 0.000886
1.836667 0.329268 0.000925 0.000230 0.600000 0.000953
1.963333 0.329268 0.003072 -0.000145 0.600000 0.003075
2.090000 0.329268 0.004394 0.001501 0.600000 0.004643
2.216667 0.329268 0.004826 0.001561 0.600000 0.005072
2.343333 0.329268 0.005633 0.001550 0.600000 0.005843
2.470000 0.329268 0.006385 0.001424 0.600000 0.006541
2.596667 0.329268 0.006965 0.001202 0.600000 0.007068
2.723333 0.329268 0.007347 0.000976 0.600000 0.007412
2.850000 0.329268 0.007489 0.000701 0.600000 0.007522
2.976667 0.329268 0.007386 0.000371 0.600000 0.007395
3.103333 0.329268 0.007037 0.000012 0.600000 0.007037
3.230000 0.329268 0.006138 -0.000115 0.600000 0.006139
3.356667 0.329268 0.004651 -0.000942 0.600000 0.004745
3.483333 0.329268 0.002969 -0.001848 0.600000 0.003497
3.610000 0.329268 0.001057 -0.002167 0.600000 0.002411
3.736667 0.329268 0.000000 0.000000 0.000000 0.000000
0.063333 0.343902 0.000000 0.000000 0.000000 0.000000
0.190000 0.343902 0.000173 0.001880 0.600000 0.001887
0.316667 0.343902 0.000329 0.000952 0.600000 0.001007
0.443333 0.343902 0.000546 -0.000028 0.600000 0.000547
0.570000 0.343902 0.000224 0.001617 0.600000 0.001632
0.696667 0.343902 -0.000427 0.001036 0.600000 0.001121
0.823333 0.343902 -0.000615 0.001026 0.600000 0.001196
0.950000 0.343902 -0.000785 0.001149 0.600000 0.001391
1.076667 0.343902 -0.000912 0.001307 0.600000 0.001594
1.203333 0.343902 -0.000948 0.001452 0.600000 0.001734
1.330000 0.343902 -0.000819 0.001548 0.600000 0.001752
1.456667 0.343902 -0.000549 0.001573 0.600000 0.001666
1.583333 0.343902 -0.000270 0.001416 0.600000 0.001441
1.710000 0.343902 -0.000204 0.000984 0.600000 0.001005
1.836667 0.343902 0.000744 0.000118 0.600000 0.000754
1.963333 0.343902 0.003220 -0.000368 0.600000 0.003241
2.090000 0.343902 0.004602 0.001623 0.600000 0.004880
2.216667 0.343902 0.004870 0.001577 0.600000 0.005119
2.343333 0.343902 0.005630 0.001550 0.600000 0.005839
2.470000 0.343902 0.006360 0.001430 0.600000 0.006519
2.596667 0.343902 0.006931 0.001221 0.600000 0.007038
2.723333 0.343902 0.007301 0.000984 0.600000 0.007367
2.850000 0.343902 0.007430 0.000687 0.600000 0.007462
2.976667 0.343902 0.007317 0.000334 0.600000 0.007325
3.103333 0.343902 0.006990 -0.000046 0.600000 0.006990
3.230000 0.343902 0.006149 -0.000101 0.600000 0.006150
3.356667 0.343902 0.004660 -0.000777 0.600000 0.004725
3.483333 0.343902 0.002937 -0.001690 0.600000 0.003388
3.610000 0.343902 0.001039 -0.001976 0.600000 0.002232
3.736667 0.343902 0.000000 0.000000 0.000000 0.000000
0.063333 0.358537 0.000000 0.000000 0.000000 0.000000
0.190000 0.358537 0.000132 0.001768 0.600000 0.001773
0.316667 0.358537 0.000204 0.000893 0.600000 0.000916
0.443333 0.358537 0.000416 -0.000148 0.600000 0.000442
0.570000 0.358537 0.000205 0.001675 0.600000 0.001688
0.696667 0.358537 -0.000352 0.001049 0.600000 0.001107
0.823333 0.358537 -0.000532 0.001100 0.600000 0.001221
0.950000 0.358537 -0.000719 0.001264 0.600000 0.001454
1.076667 0.358537 -0.000854 0.001457 0.600000 0.001689
1.203333 0.358537 -0.000892 0.001605 0.600000 0.001836
1.330000 0.358537 -0.000760 0.001677 0.600000 0.001841
1.456667 0.358537 -0.000488 0.001682 0.600000 0.001751
1.583333 0.358537 -0.000236 0.001526 0.600000 0.001544
1.710000 0.358537 -0.000410 0.001138 0.600000 0.001209
1.836667 0.358537 0.000506 -0.000019 0.600000 0.000506
1.963333 0.358537 0.003398 -0.000634 0.600000 0.003456
2.090000 0.358537 0.004849 0.001773 0.600000 0.005163
2.216667 0.358537 0.004917 0.001590 0.600000 0.005168
2.343333 0.358537 0.005628 0.001541 0.600000 0.005835
2.470000 0.358537 0.006338 0.001423 0.600000 0.006496
2.596667 0.358537 0.006897 0.001225 0.600000 0.007005
2.723333 0.358537 0.007252 0.000977 0.600000 0.007317
2.850000 0.358537 0.007365 0.000653 0.600000 0.007394
2.976667 0.358537 0.007241 0.000272 0.600000 0.007246
3.103333 0.358537 0.006934 -0.000139 0.600000 0.006935
3.230000 0.358537 0.006161 -0.000126 0.600000 0.006162
3.356667 0.358537 0.004672 -0.000605 0.600000 0.004711
3.483333 0.358537 0.002902 -0.001532 0.600000 0.003282
3.610000 0.358537 0.001019 -0.001791 0.600000 0.002060
3.736667 0.358537 0.000000 0.000000 0.000000 0.000000
0.063333 0.373171 0.000000 0.000000 0.000000 0.000000
0.190000 0.373171 0.000099 0.001664 0.600000 0.001667
0.316667 0.373171 0.000092 0.000845 0.600000 0.000850
0.443333 0.373171 0.000277 -0.000275 0.600000 0.000390
0.570000 0.373171 0.000200 0.001693 0.600000 0.001704
0.696667 0.373171 -0.000233 0.001054 0.600000 0.001079
0.823333 0.373171 -0.000424 0.001183 0.600000 0.001257
0.950000 0.373171 -0.000639 0.001393 0.600000 0.001533
1.076667 0.373171 -0.000787 0.001627 0.600000 0.001807
1.203333 0.373171 -0.000831 0.001779 0.600000 0.001963
1.330000 0.373171 -0.000698 0.001825 0.600000 0.001954
1.456667 0.373171 -0.000420 0.001811 0.600000 0.001859
1.583333 0.373171 -0.000181 0.001662 0.600000 0.001672
1.710000 0.373171 -0.000673 0.001374 0.600000 0.001530
1.836667 0.373171 0.000189 -0.000194 0.600000 0.000271
1.963333 0.373171 0.003620 -0.000953 0.600000 0.003744
2.090000 0.373171 0.005151 0.001959 0.600000 0.005511
2.216667 0.373171 0.004972 0.001604 0.600000 0.005224
2.343333 0.373171 0.005629 0.001527 0.600000 0.005832
2.470000 0.373171 0.006318 0.001408 0.600000 0.006473
2.596667 0.373171 0.006864 0.001219 0.600000 0.006971
2.723333 0.373171 0.007200 0.000958 0.600000 0.007263
2.850000 0.373171 0.007293 0.000602 0.600000 0.007318
2.976667 0.373171 0.007152 0.000188 0.600000 0.007154
3.103333 0.373171 0.006860 -0.000267 0.600000 0.006865
3.230000 0.373171 0.006163 -0.000195 0.600000 0.006166
3.356667 0.373171 0.004682 -0.000424 0.600000 0.004701
3.483333 0.373171 0.002863 -0.001375 0.600000 0.003176
3.610000 0.373171 0.000997 -0.001612 0.600000 0.001896
3.736667 0.373171 0.000000 0.000000 0.000000 0.000000
0.063333 0.387805 0.000000 0.000000 0.000000 0.000000
0.190000 0.387805 0.000074 0.001566 0.600000 0.001568
0.316667 0.387805 -0.000002 0.000806 0.600000 0.000806
0.443333 0.387805 0.000127 -0.000400 0.600000 0.000420
0.570000 0.387805 0.000221 0.001655 0.600000 0.001669
0.696667 0.387805 -0.000047 0.001063 0.600000 0.001064
0.823333 0.387805 -0.000286 0.001290 0.600000 0.001322
0.950000 0.387805 -0.000542 0.001552 0.600000 0.001643
1.076667 0.387805 -0.000709 0.001832 0.600000 0.001964
1.203333 0.387805 -0.000763 0.001991 0.600000 0.002133
1.330000 0.387805 -0.000631 0.002009 0.600000 0.002106
1.456667 0.387805 -0.000344 0.001976 0.600000 0.002005
1.583333 0.387805 -0.000095 0.001836 0.600000 0.001838
1.710000 0.387805 -0.001017 0.001732 0.600000 0.002009
1.836667 0.387805 -0.000236 -0.000426 0.600000 0.000487
1.963333 0.387805 0.003909 -0.001337 0.599998 0.004132
2.090000 0.387805 0.005531 0.002196 0.600000 0.005951
2.216667 0.387805 0.005037 0.001627 0.600000 0.005294
2.343333 0.387805 0.005634 0.001515 0.600000 0.005834
2.470000 0.387805 0.006301 0.001393 0.600000 0.006453
2.596667 0.387805 0.006830 0.001213 0.600000 0.006937
2.723333 0.387805 0.007142 0.000936 0.600000 0.007204
2.850000 0.387805 0.007211 0.000541 0.599999 0.007231
2.976667 0.387805 0.007045 0.000087 0.599997 0.007046
3.103333 0.387805 0.006756 -0.000424 0.599994 0.006770
3.230000 0.387805 0.006140 -0.000312 0.599996 0.006148
3.356667 0.387805 0.004682 -0.000234 0.600000 0.004688
3.483333 0.387805 0.002817 -0.001219 0.600000 0.003070
3.610000 0.387805 0.000973 -0.001440 0.600000 0.001738
3.736667 0.387805 0.000000 0.000000 0.000000 0.000000
0.063333 0.402439 0.000000 0.000000 0.000000 0.000000
0.190000 0.402439 0.000057 0.001472 0.600000 0.001474
0.316667 0.402439 -0.000069 0.000777 0.600000 0.000780
0.443333 0.402439 0.000042 -0.000518 0.599980 0.000520
0.570000 0.402439 0.000375 0.001545 0.599859 0.001590
0.696667 0.402439 0.000257 0.001096 0.599920 0.001126
0.823333 0.402439 -0.000103 0.001439 0.600000 0.001443
0.950000 0.402439 -0.000423 0.001757 0.600000 0.001807
1.076667 0.402439 -0.000623 0.002094 0.600000 0.002184
1.203333 0.402439 -0.000701 0.002262 0.600000 0.002368
1.330000 0.402439 -0.000577 0.002249 0.600000 0.002321
1.456667 0.402439 -0.000285 0.002194 0.600000 0.002212
1.583333 0.402439 -0.000009 0.002062 0.600000 0.002062
1.710000 0.402439 -0.001575 0.002273 0.600000 0.002765
1.836667 0.402439 -0.000883 -0.000753 0.599940 0.001161
1.963333 0.402439 0.004335 -0.001808 0.599912 0.004697
2.090000 0.402439 0.006091 0.002503 0.599999 0.006585
2.216667 0.402439 0.005157 0.001672 0.600000 0.005421
2.343333 0.402439 0.005659 0.001519 0.600000 0.005859
2.470000 0.402439 0.006295 0.001389 0.600000 0.006447
2.596667 0.402439 0.006799 0.001220 0.599985 0.006907
2.723333 0.402439 0.007074 0.000923 0.599923 0.007134
2.850000 0.402439 0.007103 0.000480 0.599841 0.007119
2.976667 0.402439 0.006899 -0.000021 0.599780 0.006899
3.103333 0.402439 0.006585 -0.000600 0.599762 0.006612
3.230000 0.402439 0.005978 -0.000469 0.599853 0.005997
3.356667 0.402439 0.004580 -0.000049 0.599998 0.004581
3.483333 0.402439 0.002764 -0.001065 0.599999 0.002962
3.610000 0.402439 0.000947 -0.001276 0.600000 0.001589
3.736667 0.402439 0.000000 0.000000 0.000000 0.000000
0.063333 0.417073 0.000000 0.000000 0.000000 0.000000
0.190000 0.417073 0.000049 0.001381 0.600000 0.001382
0.316667 0.417073 -0.000230 0.000769 0.599993 0.000803
0.443333 0.417073 -0.004617 -0.000111 0.596972 0.004618
0.570000 0.417073 -0.003831 0.000898 0.556035 0.003935
0.696667 0.417073 -0.000136 0.001078 0.551859 0.001087
0.823333 0.417073 -0.000187 0.001479 0.550937 0.001490
0.950000 0.417073 -0.000300 0.001796 0.550592 0.001821
1.076667 0.417073 -0.000312 0.002121 0.550289 0.002144
1.203333 0.417073 -0.000213 0.002271 0.550280 0.002281
1.330000 0.417073 0.000062 0.002236 0.550521 0.002237
1.456667 0.417073 0.000529 0.002168 0.550748 0.002231
1.583333 0.417073 0.001336 0.002022 0.551106 0.002424
1.710000 0.417073 0.004978 0.002056 0.553315 0.005386
1.836667 0.417073 0.005507 -0.000394 0.597093 0.005521
1.963333 0.417073 -0.002127 -0.001559 0.598020 0.002637
2.090000 0.417073 -0.001140 0.001960 0.554872 0.002268
2.216667 0.417073 0.003189 0.001557 0.552238 0.003548
2.343333 0.417073 0.004121 0.001444 0.552182 0.004367
2.470000 0.417073 0.004864 0.001344 0.552194 0.005046
2.596667 0.417073 0.005458 0.001218 0.552196 0.005592
2.723333 0.417073 0.005874 0.000959 0.552426 0.005951
2.850000 0.417073 0.006108 0.000552 0.552883 0.006133
2.976667 0.417073 0.006170 0.000091 0.553408 0.006171
3.103333 0.417073 0.006261 -0.000474 0.554309 0.006279
3.230000 0.417073 0.009217 -0.000713 0.557269 0.009244
3.356667 0.417073 0.008864 0.000599 0.595987 0.008884
3.483333 0.417073 0.002899 -0.000892 0.599954 0.003033
3.610000 0.417073 0.000921 -0.001119 0.600000 0.001449
3.736667 0.417073 0.000000 0.000000 0.000000 0.000000
0.063333 0.431707 0.000000 0.000000 0.000000 0.000000
0.190000 0.431707 0.000050 0.001290 0.600000 0.001291
0.316667 0.431707 -0.000241 0.000780 0.600000 0.000817
0.443333 0.431707 -0.000591 0.000355 0.599920 0.000689
0.570000 0.431707 -0.000239 0.000329 0.299928 0.000406
0.696667 0.431707 -0.000150 0.000875 0.299687 0.000888
0.823333 0.431707 -0.000164 0.001258 0.299441 0.001268
0.950000 0.431707 -0.000216 0.001549 0.299239 0.001564
1.076667 0.431707 -0.000207 0.001837 0.299027 0.001849
1.203333 0.431707 -0.000128 0.001969 0.298934 0.001973
1.330000 0.431707 0.000049 0.001938 0.298974 0.001939
1.456667 0.431707 0.000334 0.001873 0.299036 0.001902
1.583333 0.431707 0.000817 0.001717 0.299156 0.001902
1.710000 0.431707 0.000899 0.001034 0.299366 0.001370
1.836667 0.431707 0.001468 0.000221 0.599968 0.001484
1.963333 0.431707 0.001222 -0.000941 0.600000 0.001542
2.090000 0.431707 0.000977 0.001207 0.299536 0.001553
2.216667 0.431707 0.001858 0.001309 0.299502 0.002273
2.343333 0.431707 0.002421 0.001268 0.299529 0.002733
2.470000 0.431707 0.002864 0.001210 0.299562 0.003109
2.596667 0.431707 0.003222 0.001124 0.299602 0.003413
2.723333 0.431707 0.003476 0.000918 0.299699 0.003595
2.850000 0.431707 0.003618 0.000579 0.299841 0.003664
2.976667 0.431707 0.003651 0.000189 0.299965 0.003656
3.103333 0.431707 0.003676 -0.000302 0.300000 0.003688
3.230000 0.431707 0.002708 -0.000243 0.300000 0.002719
3.356667 0.431707 0.003667 0.001125 0.599748 0.003836
3.483333 0.431707 0.002853 -0.000698 0.599998 0.002937
3.610000 0.431707 0.000888 -0.000970 0.600000 0.001315
3.736667 0.431707 0.000000 0.000000 0.000000 0.000000
0.063333 0.446341 0.000000 0.000000 0.000000 0.000000
0.190000 0.446341 0.000061 0.001197 0.600000 0.001199
0.316667 0.446341 -0.000098 0.000780 0.600000 0.000786
0.443333 0.446341 -0.000220 0.000352 0.599999 0.000415
0.570000 0.446341 -0.000163 0.000239 0.300000 0.000289
0.696667 0.446341 -0.000303 0.000862 0.299993 0.000913
0.823333 0.446341 -0.000378 0.001318 0.299979 0.001371
0.950000 0.446341 -0.000413 0.001681 0.299960 0.001731
1.076667 0.446341 -0.000391 0.002036 0.299936 0.002073
1.203333 0.446341 -0.000307 0.002205 0.299923 0.002226
1.330000 0.446341 -0.000123 0.002181 0.299926 0.002185
1.456667 0.446341 0.000145 0.002108 0.299933 0.002113
1.583333 0.446341 0.000446 0.001918 0.299947 0.001969
1.710000 0.446341 0.000506 0.000821 0.299969 0.000965
1.836667 0.446341 0.001201 0.000334 0.600000 0.001247
1.963333 0.446341 0.001478 -0.000717 0.600000 0.001643
2.090000 0.446341 0.001212 0.001265 0.299982 0.001752
2.216667 0.446341 0.001980 0.001466 0.299978 0.002464
2.343333 0.446341 0.002452 0.001451 0.299980 0.002849
2.470000 0.446341 0.002861 0.001402 0.299982 0.003186
2.596667 0.446341 0.003169 0.001313 0.299985 0.003430
2.723333 0.446341 0.003358 0.001076 0.299991 0.003526
2.850000 0.446341 0.003431 0.000678 0.299997 0.003497
2.976667 0.446341 0.003374 0.000211 0.300000 0.003381
3.103333 0.446341 0.003188 -0.000373 0.300000 0.003209
3.230000 0.446341 0.002278 0.000033 0.300000 0.002278
3.356667 0.446341 0.003263 0.001022 0.599992 0.003420
3.483333 0.446341 0.002623 -0.000521 0.600000 0.002674
3.610000 0.446341 0.000849 -0.000830 0.600000 0.001187
3.736667 0.446341 0.000000 0.000000 0.000000 0.000000
0.063333 0.460976 0.000000 0.000000 0.000000 0.000000
0.190000 0.460976 0.000078 0.001100 0.600000 0.001103
0.316667 0.460976 0.000033 0.000754 0.600000 0.000755
0.443333 0.460976 0.000070 0.000337 0.600000 0.000344
0.570000 0.460976 0.000008 0.000062 0.300000 0.000063
0.696667 0.460976 -0.000170 0.000560 0.300000 0.000585
0.823333 0.460976 -0.000289 0.000953 0.300000 0.000996
0.950000 0.460976 -0.000339 0.001283 0.299999 0.001327
1.076667 0.460976 -0.000326 0.001599 0.299997 0.001632
1.203333 0.460976 -0.000254 0.001757 0.299997 0.001776
1.330000 0.460976 -0.000076 0.001750 0.299997 0.001752
1.456667 0.460976 0.000187 0.001692 0.299997 0.001703
1.583333 0.460976 0.000456 0.001523 0.299998 0.001590
1.710000 0.460976 0.000398 0.000613 0.299999 0.000730
1.836667 0.460976 0.000991 0.000397 0.600000 0.001068
1.963333 0.460976 0.001682 -0.000546 0.600000 0.001769
2.090000 0.460976 0.001341 0.000938 0.300000 0.001636
2.216667 0.460976 0.001993 0.001173 0.299999 0.002312
2.343333 0.460976 0.002429 0.001196 0.299999 0.002708
2.470000 0.460976 0.002831 0.001178 0.300000 0.003066
2.596667 0.460976 0.003130 0.001116 0.300000 0.003323
2.723333 0.460976 0.003302 0.000921 0.300000 0.003428
2.850000 0.460976 0.003359 0.000581 0.300000 0.003409
2.976667 0.460976 0.003281 0.000174 0.300000 0.003285
3.103333 0.460976 0.003054 -0.000335 0.300000 0.003073
3.230000 0.460976 0.002121 -0.000017 0.300000 0.002121
3.356667 0.460976 0.002934 0.000904 0.600000 0.003070
3.483333 0.460976 0.002407 -0.000380 0.600000 0.002436
3.610000 0.460976 0.000806 -0.000701 0.600000 0.001068
3.736667 0.460976 0.000000 0.000000 0.000000 0.000000
0.063333 0.475610 0.000000 0.000000 0.000000 0.000000
0.190000 0.475610 0.000099 0.000998 0.600000 0.001003
0.316667 0.475610 0.000150 0.000708 0.600000 0.000724
0.443333 0.475610 0.000296 0.000314 0.600000 0.000432
0.570000 0.475610 0.000151 -0.000061 0.300000 0.000163
0.696667 0.475610 -0.000043 0.000322 0.300000 0.000324
0.823333 0.475610 -0.000202 0.000657 0.300000 0.000687
0.950000 0.475610 -0.000266 0.000955 0.300000 0.000991
1.076667 0.475610 -0.000261 0.001236 0.300000 0.001264
1.203333 0.475610 -0.000199 0.001383 0.300000 0.001397
1.330000 0.475610 -0.000026 0.001387 0.300000 0.001387
1.456667 0.475610 0.000229 0.001342 0.300000 0.001362
1.583333 0.475610 0.000462 0.001194 0.300000 0.001280
1.710000 0.475610 0.000317 0.000458 0.300000 0.000557
1.836667 0.475610 0.000849 0.000423 0.600000 0.000949
1.963333 0.475610 0.001843 -0.000417 0.600000 0.001890
2.090000 0.475610 0.001452 0.000688 0.300000 0.001607
2.216667 0.475610 0.002020 0.000927 0.300000 0.002223
2.343333 0.475610 0.002418 0.000978 0.300000 0.002608
2.470000 0.475610 0.002810 0.000984 0.300000 0.002977
2.596667 0.475610 0.003098 0.000947 0.300000 0.003239
2.723333 0.475610 0.003255 0.000788 0.300000 0.003349
2.850000 0.475610 0.003295 0.000499 0.300000 0.003333
2.976667 0.475610 0.003196 0.000148 0.300000 0.003199
3.103333 0.475610 0.002929 -0.000294 0.300000 0.002944
3.230000 0.475610 0.001988 -0.000041 0.300000 0.001988
3.356667 0.475610 0.002667 0.000782 0.600000 0.002779
3.483333 0.475610 0.002212 -0.000269 0.600000 0.002228
3.610000 0.475610 0.000763 -0.000583 0.600000 0.000960
3.736667 0.475610 0.000000 0.000000 0.000000 0.000000
0.063333 0.490244 0.000000 0.000000 0.000000 0.000000
0.190000 0.490244 0.000122 0.000889 0.600000 0.000898
0.316667 0.490244 0.000254 0.000647 0.600000 0.000695
0.443333 0.490244 0.000475 0.000284 0.600000 0.000554
0.570000 0.490244 0.000271 -0.000144 0.300000 0.000307
0.696667 0.490244 0.000075 0.000139 0.300000 0.000158
0.823333 0.490244 -0.000119 0.000421 0.300000 0.000438
0.950000 0.490244 -0.000195 0.000688 0.300000 0.000715
1.076667 0.490244 -0.000198 0.000936 0.300000 0.000957
1.203333 0.490244 -0.000144 0.001070 0.300000 0.001080
1.330000 0.490244 0.000025 0.001082 0.300000 0.001083
1.456667 0.490244 0.000271 0.001048 0.300000 0.001083
1.583333 0.490244 0.000469 0.000919 0.300000 0.001032
1.710000 0.490244 0.000259 0.000342 0.300000 0.000429
1.836667 0.490244 0.000759 0.000421 0.600000 0.000867
1.963333 0.490244 0.001972 -0.000320 0.600000 0.001998
2.090000 0.490244 0.001549 0.000498 0.300000 0.001627
2.216667 0.490244 0.002058 0.000722 0.300000 0.002181
2.343333 0.490244 0.002416 0.000790 0.300000 0.002542
2.470000 0.490244 0.002796 0.000816 0.300000 0.002912
2.596667 0.490244 0.003073 0.000799 0.300000 0.003175
2.723333 0.490244 0.003215 0.000673 0.300000 0.003284
2.850000 0.490244 0.003240 0.000430 0.300000 0.003269
2.976667 0.490244 0.003119 0.000128 0.300000 0.003122
3.103333 0.490244 0.002813 -0.000251 0.300000 0.002824
3.230000 0.490244 0.001874 -0.000049 0.300000 0.001874
3.356667 0.490244 0.002448 0.000661 0.600000 0.002536
3.483333 0.490244 0.002038 -0.000183 0.600000 0.002046
3.610000 0.490244 0.000720 -0.000476 0.600000 0.000863
3.736667 0.490244 0.000000 0.000000 0.000000 0.000000
0.063333 0.504878 0.000000 0.000000 0.000000 0.000000
0.190000 0.504878 0.000148 0.000774 0.600000 0.000788
0.316667 0.504878 0.000349 0.000572 0.600000 0.000670
0.443333 0.504878 0.000619 0.000250 0.600000 0.000668
0.570000 0.504878 0.000373 -0.000194 0.300000 0.000421
0.696667 0.504878 0.000183 0.000004 0.300000 0.000183
0.823333 0.504878 -0.000041 0.000237 0.300000 0.000241
0.950000 0.504878 -0.000129 0.000472 0.300000 0.000489
1.076667 0.504878 -0.000137 0.000689 0.300000 0.000702
1.203333 0.504878 -0.000089 0.000809 0.300000 0.000814
1.330000 0.504878 0.000077 0.000826 0.300000 0.000829
1.456667 0.504878 0.000314 0.000800 0.300000 0.000859
1.583333 0.504878 0.000478 0.000692 0.300000 0.000841
1.710000 0.504878 0.000220 0.000253 0.300000 0.000336
1.836667 0.504878 0.000708 0.000397 0.600000 0.000812
1.963333 0.504878 0.002080 -0.000245 0.600000 0.002094
2.090000 0.504878 0.001633 0.000353 0.300000 0.001670
2.216667 0.504878 0.002101 0.000550 0.300000 0.002172
2.343333 0.504878 0.002422 0.000627 0.300000 0.002502
2.470000 0.504878 0.002788 0.000667 0.300000 0.002867
2.596667 0.504878 0.003054 0.000666 0.300000 0.003126
2.723333 0.504878 0.003181 0.000570 0.300000 0.003232
2.850000 0.504878 0.003193 0.000368 0.300000 0.003214
2.976667 0.504878 0.003051 0.000114 0.300000 0.003053
3.103333 0.504878 0.002708 -0.000206 0.300000 0.002716
3.230000 0.504878 0.001775 -0.000047 0.300000 0.001776
3.356667 0.504878 0.002266 0.000545 0.600000 0.002330
3.483333 0.504878 0.001884 -0.000117 0.600000 0.001888
3.610000 0.504878 0.000679 -0.000379 0.600000 0.000778
3.736667 0.504878 0.000000 0.000000 0.000000 0.000000
0.063333 0.519512 0.000000 0.000000 0.000000 0.000000
0.190000 0.519512 0.000174 0.000652 0.600000 0.000674
0.316667 0.519512 0.000436 0.000487 0.600000 0.000654
0.443333 0.519512 0.000740 0.000212 0.600000 0.000770
0.570000 0.519512 0.000461 -0.000217 0.300000 0.000510
0.696667 0.519512 0.000282 -0.000086 0.300000 0.000295
0.823333 0.519512 0.000034 0.000100 0.300000 0.000106
0.950000 0.519512 -0.000064 0.000301 0.300000 0.000308
1.076667 0.519512 -0.000076 0.000486 0.300000 0.000492
1.203333 0.519512 -0.000030 0.000591 0.300000 0.000592
1.330000 0.519512 0.000134 0.000609 0.300000 0.000624
1.456667 0.519512 0.000361 0.000591 0.300000 0.000693
1.583333 0.519512 0.000496 0.000503 0.300000 0.000706
1.710000 0.519512 0.000200 0.000184 0.300000 0.000271
1.836667 0.519512 0.000692 0.000357 0.600000 0.000779
1.963333 0.519512 0.002180 -0.000186 0.600000 0.002188
2.090000 0.519512 0.001709 0.000241 0.300000 0.001726
2.216667 0.519512 0.002150 0.000407 0.300000 0.002188
2.343333 0.519512 0.002435 0.000485 0.300000 0.002483
2.470000 0.519512 0.002786 0.000533 0.300000 0.002836
2.596667 0.519512 0.003040 0.000545 0.300000 0.003089
2.723333 0.519512 0.003154 0.000473 0.300000 0.003190
2.850000 0.519512 0.003153 0.000310 0.300000 0.003169
2.976667 0.519512 0.002991 0.000102 0.300000 0.002993
3.103333 0.519512 0.002615 -0.000161 0.300000 0.002619
3.230000 0.519512 0.001689 -0.000040 0.300000 0.001690
3.356667 0.519512 0.002111 0.000436 0.600000 0.002156
3.483333 0.519512 0.001750 -0.000069 0.600000 0.001751
3.610000 0.519512 0.000642 -0.000293 0.600000 0.000705
3.736667 0.519512 0.000000 0.000000 0.000000 0.000000
0.063333 0.534146 0.000000 0.000000 0.000000 0.000000
0.190000 0.534146 0.000201 0.000521 0.600000 0.000559
0.316667 0.534146 0.000517 0.000393 0.600000 0.000649
0.443333 0.534146 0.000844 0.000171 0.600000 0.000861
0.570000 0.534146 0.000538 -0.000215 0.300000 0.000579
0.696667 0.534146 0.000371 -0.000137 0.300000 0.000395
0.823333 0.534146 0.000101 0.000006 0.300000 0.000101
0.950000 0.534146 -0.000005 0.000171 0.300000 0.000171
1.076667 0.534146 -0.000019 0.000322 0.300000 0.000323
1.203333 0.534146 0.000026 0.000409 0.300000 0.000410
1.330000 0.534146 0.000190 0.000427 0.300000 0.000467
1.456667 0.534146 0.000409 0.000415 0.300000 0.000583
1.583333 0.534146 0.000516 0.000347 0.300000 0.000622
1.710000 0.534146 0.000189 0.000128 0.300000 0.000229
1.836667 0.534146 0.000698 0.000302 0.600000 0.000760
1.963333 0.534146 0.002271 -0.000138 0.600000 0.002275
2.090000 0.534146 0.001776 0.000156 0.300000 0.001783
2.216667 0.534146 0.002199 0.000286 0.300000 0.002217
2.343333 0.534146 0.002451 0.000359 0.300000 0.002477
2.470000 0.534146 0.002787 0.000409 0.300000 0.002816
2.596667 0.534146 0.003031 0.000428 0.300000 0.003061
2.723333 0.534146 0.003133 0.000379 0.300000 0.003156
2.850000 0.534146 0.003121 0.000253 0.300000 0.003131
2.976667 0.534146 0.002941 0.000089 0.300000 0.002942
3.103333 0.534146 0.002532 -0.000117 0.300000 0.002535
3.230000 0.534146 0.001613 -0.000031 0.300000 0.001613
3.356667 0.534146 0.001978 0.000332 0.600000 0.002006
3.483333 0.534146 0.001633 -0.000035 0.600000 0.001633
3.610000 0.534146 0.000608 -0.000215 0.600000 0.000645
3.736667 0.534146 0.000000 0.000000 0.000000 0.000000
0.063333 0.548780 0.000000 0.000000 0.000000 0.000000
0.190000 0.548780 0.000229 0.000383 0.600000 0.000446
0.316667 0.548780 0.000596 0.000290 0.600000 0.000663
0.443333 0.548780 0.000939 0.000126 0.600000 0.000948
0.570000 0.548780 0.000607 -0.000188 0.300000 0.000636
0.696667 0.548780 0.000453 -0.000148 0.300000 0.000476
0.823333 0.548780 0.000166 -0.000047 0.300000 0.000172
0.950000 0.548780 0.000054 0.000078 0.300000 0.000095
1.076667 0.548780 0.000040 0.000192 0.300000 0.000197
1.203333 0.548780 0.000089 0.000259 0.300000 0.000274
1.330000 0.548780 0.000253 0.000274 0.300000 0.000374
1.456667 0.548780 0.000465 0.000268 0.300000 0.000537
1.583333 0.548780 0.000550 0.000219 0.300000 0.000592
1.710000 0.548780 0.000194 0.000083 0.300000 0.000211
1.836667 0.548780 0.000733 0.000235 0.600000 0.000769
1.963333 0.548780 0.002370 -0.000097 0.600000 0.002372
2.090000 0.548780 0.001841 0.000091 0.300000 0.001844
2.216667 0.548780 0.002251 0.000186 0.300000 0.002258
2.343333 0.548780 0.002471 0.000246 0.300000 0.002483
2.470000 0.548780 0.002792 0.000291 0.300000 0.002807
2.596667 0.548780 0.003025 0.000313 0.300000 0.003042
2.723333 0.548780 0.003118 0.000282 0.300000 0.003130
2.850000 0.548780 0.003096 0.000192 0.300000 0.003102
2.976667 0.548780 0.002900 0.000074 0.300000 0.002901
3.103333 0.548780 0.002461 -0.000077 0.300000 0.002462
3.230000 0.548780 0.001545 -0.000021 0.300000 0.001545
3.356667 0.548780 0.001861 0.000234 0.600000 0.001876
3.483333 0.548780 0.001532 -0.000013 0.600000 0.001533
3.610000 0.548780 0.000578 -0.000146 0.600000 0.000596
3.736667 0.548780 0.000000 0.000000 0.000000 0.000000
0.063333 0.563415 0.000000 0.000000 0.000000 0.000000
0.190000 0.563415 0.000256 0.000236 0.600000 0.000349
0.316667 0.563415 0.000672 0.000180 0.600000 0.000696
0.443333 0.563415 0.001030 0.000078 0.600000 0.001033
0.570000 0.563415 0.000671 -0.000134 0.300000 0.000684
0.696667 0.563415 0.000526 -0.000119 0.300000 0.000540
0.823333 0.563415 0.000222 -0.000058 0.300000 0.000230
0.950000 0.563415 0.000106 0.000021 0.300000 0.000108
1.076667 0.563415 0.000094 0.000094 0.300000 0.000134
1.203333 0.563415 0.000148 0.000138 0.300000 0.000202
1.330000 0.563415 0.000316 0.000148 0.300000 0.000349
1.456667 0.563415 0.000523 0.000145 0.300000 0.000542
1.583333 0.563415 0.000586 0.000116 0.300000 0.000598
1.710000 0.563415 0.000204 0.000045 0.300000 0.000209
1.836667 0.563415 0.000779 0.000153 0.600000 0.000794
1.963333 0.563415 0.002468 -0.000058 0.600000 0.002469
2.090000 0.563415 0.001901 0.000044 0.300000 0.001902
2.216667 0.563415 0.002301 0.000101 0.300000 0.002303
2.343333 0.563415 0.002492 0.000143 0.300000 0.002496
2.470000 0.563415 0.002798 0.000176 0.300000 0.002803
2.596667 0.563415 0.003023 0.000194 0.300000 0.003029
2.723333 0.563415 0.003107 0.000178 0.300000 0.003112
2.850000 0.563415 0.003078 0.000124 0.300000 0.003080
2.976667 0.563415 0.002868 0.000051 0.300000 0.002868
3.103333 0.563415 0.002401 -0.000041 0.300000 0.002401
3.230000 0.563415 0.001483 -0.000012 0.300000 0.001483
3.356667 0.563415 0.001756 0.000140 0.600000 0.001761
3.483333 0.563415 0.001448 -0.000001 0.600000 0.001448
3.610000 0.563415 0.000553 -0.000083 0.600000 0.000560
3.736667 0.563415 0.000000 0.000000 0.000000 0.000000
0.063333 0.578049 0.000000 0.000000 0.000000 0.000000
0.190000 0.578049 0.000289 0.000080 0.600000 0.000300
0.316667 0.578049 0.000763 0.000061 0.600000 0.000766
0.443333 0.578049 0.001144 0.000027 0.600000 0.001144
0.570000 0.578049 0.000746 -0.000050 0.300000 0.000747
0.696667 0.578049 0.000604 -0.000047 0.300000 0.000606
0.823333 0.578049 0.000278 -0.000027 0.300000 0.000279
0.950000 0.578049 0.000156 0.000001 0.300000 0.000156
1.076667 0.578049 0.000150 0.000026 0.300000 0.000152
1.203333 0.578049 0.000213 0.000042 0.300000 0.000218
1.330000 0.578049 0.000388 0.000045 0.300000 0.000390
1.456667 0.578049 0.000588 0.000045 0.300000 0.000590
1.583333 0.578049 0.000630 0.000035 0.300000 0.000631
1.710000 0.578049 0.000216 0.000014 0.300000 0.000217
1.836667 0.578049 0.000838 0.000054 0.600000 0.000840
1.963333 0.578049 0.002587 -0.000019 0.600000 0.002587
2.090000 0.578049 0.001967 0.000012 0.300000 0.001967
2.216667 0.578049 0.002355 0.000032 0.300000 0.002355
2.343333 0.578049 0.002512 0.000047 0.300000 0.002512
2.470000 0.578049 0.002802 0.000059 0.300000 0.002803
2.596667 0.578049 0.003020 0.000067 0.300000 0.003020
2.723333 0.578049 0.003099 0.000062 0.300000 0.003100
2.850000 0.578049 0.003066 0.000044 0.300000 0.003066
2.976667 0.578049 0.002842 0.000019 0.300000 0.002842
3.103333 0.578049 0.002342 -0.000013 0.300000 0.002342
3.230000 0.578049 0.001414 -0.000004 0.300000 0.001414
3.356667 0.578049 0.001636 0.000047 0.600000 0.001637
3.483333 0.578049 0.001363 0.000001 0.600000 0.001363
3.610000 0.578049 0.000529 -0.000027 0.600000 0.000530
3.736667 0.578049 0.000000 0.000000 0.000000 0.000000
0.063333 0.592683 0.000000 0.000000 0.000000 0.000000
0.190000 0.592683 0.000000 0.000000 0.000000 0.000000
0.316667 0.592683 0.000000 0.000000 0.000000 0.000000
0.443333 0.592683 0.000000 0.000000 0.000000 0.000000
0.570000 0.592683 0.000000 0.000000 0.000000 0.000000
0.696667 0.592683 0.000000 0.000000 0.000000 0.000000
0.823333 0.592683 0.000000 0.000000 0.000000 0.000000
0.950000 0.592683 0.000000 0.000000 0.000000 0.000000
1.076667 0.592683 0.000000 0.000000 0.000000 0.000000
1.203333 0.592683 0.000000 0.000000 0.000000 0.000000
1.330000 0.592683 0.000000 0.000000 0.000000 0.000000
1.456667 0.592683 0.000000 0.000000 0.000000 0.000000
1.583333 0.592683 0.000000 0.000000 0.000000 0.000000
1.710000 0.592683 0.000000 0.000000 0.000000 0.000000
1.836667 0.592683 0.000000 0.000000 0.000000 0.000000
1.963333 0.592683 0.000000 0.000000 0.000000 0.000000
2.090000 0.592683 0.000000 0.000000 0.000000 0.000000
2.216667 0.592683 0.000000 0.000000 0.000000 0.000000
2.343333 0.592683 0.000000 0.000000 0.000000 0.000000
2.470000 0.592683 0.000000 0.000000 0.000000 0.000000
2.596667 0.592683 0.000000 0.000000 0.000000 0.000000
2.723333 0.592683 0.000000 0.000000 0.000000 0.000000
2.850000 0.592683 0.000000 0.000000 0.000000 0.000000
2.976667 0.592683 0.000000 0.000000 0.000000 0.000000
3.103333 0.592683 0.000000 0.000000 0.000000 0.000000
3.230000 0.592683 0.000000 0.000000 0.000000 0.000000
3.356667 0.592683 0.000000 0.000000 0.000000 0.000000
3.483333 0.592683 0.000000 0.000000 0.000000 0.000000
3.610000 0.592683 0.000000 0.000000 0.000000 0.000000
3.736667 0.592683 0.000000 0.000000 0.000000 0.000000
