TITLE="(Vx,Vy)"
VARIABLES=X,Y,Vx,Vy,Vm,V
ZONE T="T-Dummy" I=30, J=41, F=POINT
0.063333 0.007317 0.000000 0.000000 0.000000 0.000000
0.190000 0.007317 0.000000 0.000000 0.000000 0.000000
0.316667 0.007317 0.000000 0.000000 0.000000 0.000000
0.443333 0.007317 0.000000 0.000000 0.000000 0.000000
0.570000 0.007317 0.000000 0.000000 0.000000 0.000000
0.696667 0.007317 0.000000 0.000000 0.000000 0.000000
0.823333 0.007317 0.000000 0.000000 0.000000 0.000000
0.950000 0.007317 0.000000 0.000000 0.000000 0.000000
1.076667 0.007317 0.000000 0.000000 0.000000 0.000000
1.203333 0.007317 0.000000 0.000000 0.000000 0.000000
1.330000 0.007317 0.000000 0.000000 0.000000 0.000000
1.456667 0.007317 0.000000 0.000000 0.000000 0.000000
1.583333 0.007317 0.000000 0.000000 0.000000 0.000000
1.710000 0.007317 0.000000 0.000000 0.000000 0.000000
1.836667 0.007317 0.000000 0.000000 0.000000 0.000000
1.963333 0.007317 0.000000 0.000000 0.000000 0.000000
2.090000 0.007317 0.000000 0.000000 0.000000 0.000000
2.216667 0.007317 0.000000 0.000000 0.000000 0.000000
2.343333 0.007317 0.000000 0.000000 0.000000 0.000000
2.470000 0.007317 0.000000 0.000000 0.000000 0.000000
2.596667 0.007317 0.000000 0.000000 0.000000 0.000000
2.723333 0.007317 0.000000 0.000000 0.000000 0.000000
2.850000 0.007317 0.000000 0.000000 0.000000 0.000000
2.976667 0.007317 0.000000 0.000000 0.000000 0.000000
3.103333 0.007317 0.000000 0.000000 0.000000 0.000000
3.230000 0.007317 0.000000 0.000000 0.000000 0.000000
3.356667 0.007317 0.000000 0.000000 0.000000 0.000000
3.483333 0.007317 0.000000 0.000000 0.000000 0.000000
3.610000 0.007317 0.000000 0.000000 0.000000 0.000000
3.736667 0.007317 0.000000 0.000000 0.000000 0.000000
0.063333 0.021951 0.000000 0.000000 0.000000 0.000000
0.190000 0.021951 -0.000000 0.000000 0.900000 0.000000
0.316667 0.021951 -0.000000 0.000000 0.900000 0.000000
0.443333 0.021951 -0.000000 -0.000000 0.900000 0.000000
0.570000 0.021951 -0.000000 -0.000000 0.900000 0.000000
0.696667 0.021951 -0.000000 -0.000000 0.900000 0.000000
0.823333 0.021951 0.000000 -0.000000 0.900000 0.000000
0.950000 0.021951 0.000000 -0.000000 0.900000 0.000000
1.076667 0.021951 0.000000 -0.000000 0.900000 0.000000
1.203333 0.021951 0.000000 -0.000000 0.900000 0.000000
1.330000 0.021951 0.000000 0.000000 0.900000 0.000000
1.456667 0.021951 0.000000 0.000000 0.900000 0.000000
1.583333 0.021951 0.000000 0.000000 0.900000 0.000000
1.710000 0.021951 0.000000 0.000000 0.900000 0.000000
1.836667 0.021951 0.000000 0.000000 0.900000 0.000000
1.963333 0.021951 0.000000 0.000000 0.900000 0.000000
2.090000 0.021951 0.000000 0.000000 0.900000 0.000000
2.216667 0.021951 0.000000 0.000000 0.900000 0.000000
2.343333 0.021951 0.000000 0.000000 0.900000 0.000000
2.470000 0.021951 0.000000 0.000000 0.900000 0.000000
2.596667 0.021951 0.000000 0.000000 0.900000 0.000000
2.723333 0.021951 0.000000 0.000000 0.900000 0.000000
2.850000 0.021951 0.000000 0.000000 0.900000 0.000000
2.976667 0.021951 0.000000 0.000000 0.900000 0.000000
3.103333 0.021951 0.000000 0.000000 0.900000 0.000000
3.230000 0.021951 0.000000 0.000000 0.900000 0.000000
3.356667 0.021951 0.000000 0.000000 0.900000 0.000000
3.483333 0.021951 0.000000 0.000000 0.900000 0.000000
3.610000 0.021951 0.000000 0.000000 0.900000 0.000000
3.736667 0.021951 0.000000 0.000000 0.000000 0.000000
0.063333 0.036585 0.000000 0.000000 0.000000 0.000000
0.190000 0.036585 -0.000000 0.000000 0.900000 0.000000
0.316667 0.036585 -0.000000 0.000000 0.900000 0.000000
0.443333 0.036585 -0.000000 -0.000000 0.900000 0.000000
0.570000 0.036585 -0.000000 -0.000000 0.900000 0.000000
0.696667 0.036585 0.000000 -0.000000 0.900000 0.000000
0.823333 0.036585 0.000000 -0.000000 0.900000 0.000000
0.950000 0.036585 0.000000 -0.000000 0.900000 0.000000
1.076667 0.036585 0.000000 -0.000000 0.900000 0.000000
1.203333 0.036585 0.000000 -0.000000 0.900000 0.000000
1.330000 0.036585 0.000000 -0.000000 0.900000 0.000000
1.456667 0.036585 0.000000 -0.000000 0.900000 0.000000
1.583333 0.036585 0.000000 0.000000 0.900000 0.000000
1.710000 0.036585 0.000000 0.000000 0.900000 0.000000
1.836667 0.036585 0.000000 0.000000 0.900000 0.000000
1.963333 0.036585 0.000000 0.000000 0.900000 0.000000
2.090000 0.036585 0.000000 0.000000 0.900000 0.000000
2.216667 0.036585 0.000000 0.000000 0.900000 0.000000
2.343333 0.036585 0.000000 0.000000 0.900000 0.000000
2.470000 0.036585 0.000000 0.000000 0.900000 0.000000
2.596667 0.036585 0.000000 -0.000000 0.900000 0.000000
2.723333 0.036585 0.000000 0.000000 0.900000 0.000000
2.850000 0.036585 0.000000 0.000000 0.900000 0.000000
2.976667 0.036585 0.000000 0.000000 0.900000 0.000000
3.103333 0.036585 0.000000 0.000000 0.900000 0.000000
3.230000 0.036585 0.000000 0.000000 0.900000 0.000000
3.356667 0.036585 0.000000 0.000000 0.900000 0.000000
3.483333 0.036585 0.000000 0.000000 0.900000 0.000000
3.610000 0.036585 0.000000 0.000000 0.900000 0.000000
3.736667 0.036585 0.000000 0.000000 0.000000 0.000000
0.063333 0.051220 0.000000 0.000000 0.000000 0.000000
0.190000 0.051220 -0.000000 0.000000 0.900000 0.000000
0.316667 0.051220 -0.000000 0.000000 0.900000 0.000000
0.443333 0.051220 -0.000000 -0.000000 0.900000 0.000000
0.570000 0.051220 -0.000000 -0.000000 0.900000 0.000000
0.696667 0.051220 0.000000 -0.000000 0.900000 0.000000
0.823333 0.051220 0.000000 -0.000000 0.900000 0.000000
0.950000 0.051220 0.000000 -0.000000 0.900000 0.000000
1.076667 0.051220 0.000000 -0.000000 0.900000 0.000000
1.203333 0.051220 0.000000 -0.000000 0.900000 0.000000
1.330000 0.051220 0.000000 -0.000000 0.900000 0.000000
1.456667 0.051220 0.000000 -0.000000 0.900000 0.000000
1.583333 0.051220 0.000000 -0.000000 0.900000 0.000000
1.710000 0.051220 0.000000 -0.000000 0.900000 0.000000
1.836667 0.051220 0.000000 0.000000 0.900000 0.000000
1.963333 0.051220 0.000000 0.000000 0.900000 0.000000
2.090000 0.051220 0.000000 0.000000 0.900000 0.000000
2.216667 0.051220 0.000000 0.000000 0.900000 0.000000
2.343333 0.051220 0.000000 0.000000 0.900000 0.000000
2.470000 0.051220 0.000000 -0.000000 0.900000 0.000000
2.596667 0.051220 0.000000 -0.000000 0.900000 0.000000
2.723333 0.051220 0.000000 0.000000 0.900000 0.000000
2.850000 0.051220 0.000000 0.000000 0.900000 0.000000
2.976667 0.051220 0.000000 0.000000 0.900000 0.000000
3.103333 0.051220 0.000000 0.000000 0.900000 0.000000
3.230000 0.051220 0.000000 -0.000000 0.900000 0.000000
3.356667 0.051220 0.000000 0.000000 0.900000 0.000000
3.483333 0.051220 0.000000 0.000000 0.900000 0.000000
3.610000 0.051220 0.000000 0.000000 0.900000 0.000000
3.736667 0.051220 0.000000 0.000000 0.000000 0.000000
0.063333 0.065854 0.000000 0.000000 0.000000 0.000000
0.190000 0.065854 -0.000000 0.000000 0.900000 0.000000
0.316667 0.065854 -0.000000 0.000000 0.900000 0.000000
0.443333 0.065854 -0.000000 -0.000000 0.900000 0.000000
0.570000 0.065854 -0.000000 -0.000000 0.900000 0.000000
0.696667 0.065854 -0.000000 -0.000000 0.900000 0.000000
0.823333 0.065854 0.000000 -0.000000 0.900000 0.000000
0.950000 0.065854 0.000000 -0.000000 0.900000 0.000000
1.076667 0.065854 0.000000 -0.000000 0.900000 0.000000
1.203333 0.065854 0.000000 -0.000000 0.900000 0.000000
1.330000 0.065854 0.000000 -0.000000 0.900000 0.000000
1.456667 0.065854 0.000000 -0.000000 0.900000 0.000000
1.583333 0.065854 0.000000 -0.000000 0.900000 0.000000
1.710000 0.065854 0.000000 -0.000000 0.900000 0.000000
1.836667 0.065854 0.000000 -0.000000 0.900000 0.000000
1.963333 0.065854 0.000000 0.000000 0.900000 0.000000
2.090000 0.065854 0.000000 0.000000 0.900000 0.000000
2.216667 0.065854 0.000000 0.000000 0.900000 0.000000
2.343333 0.065854 0.000000 -0.000000 0.900000 0.000000
2.470000 0.065854 0.000000 -0.000000 0.900000 0.000000
2.596667 0.065854 0.000000 -0.000000 0.900000 0.000000
2.723333 0.065854 0.000000 0.000000 0.900000 0.000000
2.850000 0.065854 0.000000 0.000000 0.900000 0.000000
2.976667 0.065854 0.000000 0.000000 0.900000 0.000000
3.103333 0.065854 0.000000 0.000000 0.900000 0.000000
3.230000 0.065854 0.000000 -0.000000 0.900000 0.000000
3.356667 0.065854 0.000000 0.000000 0.900000 0.000000
3.483333 0.065854 0.000000 0.000000 0.900000 0.000000
3.610000 0.065854 0.000000 0.000000 0.900000 0.000000
3.736667 0.065854 0.000000 0.000000 0.000000 0.000000
0.063333 0.080488 0.000000 0.000000 0.000000 0.000000
0.190000 0.080488 -0.000000 0.000000 0.900000 0.000000
0.316667 0.080488 -0.000000 0.000000 0.900000 0.000000
0.443333 0.080488 -0.000000 -0.000000 0.900000 0.000000
0.570000 0.080488 -0.000000 -0.000000 0.900000 0.000000
0.696667 0.080488 -0.000000 -0.000000 0.900000 0.000000
0.823333 0.080488 0.000000 -0.000000 0.900000 0.000000
0.950000 0.080488 0.000000 -0.000000 0.900000 0.000000
1.076667 0.080488 0.000000 -0.000000 0.900000 0.000000
1.203333 0.080488 0.000000 -0.000000 0.900000 0.000000
1.330000 0.080488 0.000000 -0.000000 0.900000 0.000000
1.456667 0.080488 0.000000 -0.000000 0.900000 0.000000
1.583333 0.080488 0.000000 -0.000000 0.900000 0.000000
1.710000 0.080488 0.000000 -0.000000 0.900000 0.000000
1.836667 0.080488 0.000000 -0.000000 0.900000 0.000000
1.963333 0.080488 0.000000 0.000000 0.900000 0.000000
2.090000 0.080488 0.000000 0.000000 0.900000 0.000000
2.216667 0.080488 0.000000 0.000000 0.900000 0.000000
2.343333 0.080488 0.000000 -0.000000 0.900000 0.000000
2.470000 0.080488 0.000000 -0.000000 0.900000 0.000000
2.596667 0.080488 0.000000 -0.000000 0.900000 0.000000
2.723333 0.080488 0.000000 0.000000 0.900000 0.000000
2.850000 0.080488 0.000000 0.000000 0.900000 0.000000
2.976667 0.080488 0.000000 0.000000 0.900000 0.000000
3.103333 0.080488 0.000000 0.000000 0.900000 0.000000
3.230000 0.080488 0.000000 -0.000000 0.900000 0.000000
3.356667 0.080488 0.000000 0.000000 0.900000 0.000000
3.483333 0.080488 0.000000 0.000000 0.900000 0.000000
3.610000 0.080488 0.000000 0.000000 0.900000 0.000000
3.736667 0.080488 0.000000 0.000000 0.000000 0.000000
0.063333 0.095122 0.000000 0.000000 0.000000 0.000000
0.190000 0.095122 -0.000000 0.000000 0.900000 0.000000
0.316667 0.095122 -0.000000 0.000000 0.900000 0.000000
0.443333 0.095122 -0.000000 -0.000000 0.900000 0.000000
0.570000 0.095122 -0.000000 -0.000000 0.900000 0.000000
0.696667 0.095122 -0.000000 -0.000000 0.900000 0.000000
0.823333 0.095122 0.000000 -0.000000 0.900000 0.000000
0.950000 0.095122 0.000000 -0.000000 0.900000 0.000000
1.076667 0.095122 0.000000 -0.000000 0.900000 0.000000
1.203333 0.095122 0.000000 -0.000000 0.900000 0.000000
1.330000 0.095122 0.000000 -0.000000 0.900000 0.000000
1.456667 0.095122 0.000000 -0.000000 0.900000 0.000000
1.583333 0.095122 0.000000 -0.000000 0.900000 0.000000
1.710000 0.095122 0.000000 -0.000000 0.900000 0.000000
1.836667 0.095122 0.000000 -0.000000 0.900000 0.000000
1.963333 0.095122 0.000000 0.000000 0.900000 0.000000
2.090000 0.095122 0.000000 0.000000 0.900000 0.000000
2.216667 0.095122 0.000000 0.000000 0.900000 0.000000
2.343333 0.095122 0.000000 -0.000000 0.900000 0.000000
2.470000 0.095122 0.000000 -0.000000 0.900000 0.000000
2.596667 0.095122 0.000000 -0.000000 0.900000 0.000000
2.723333 0.095122 0.000000 0.000000 0.900000 0.000000
2.850000 0.095122 0.000000 0.000000 0.900000 0.000000
2.976667 0.095122 0.000000 0.000000 0.900000 0.000000
3.103333 0.095122 0.000000 0.000000 0.900000 0.000000
3.230000 0.095122 0.000000 -0.000000 0.900000 0.000000
3.356667 0.095122 0.000000 0.000000 0.900000 0.000000
3.483333 0.095122 0.000000 0.000000 0.900000 0.000000
3.610000 0.095122 0.000000 0.000000 0.900000 0.000000
3.736667 0.095122 0.000000 0.000000 0.000000 0.000000
0.063333 0.109756 0.000000 0.000000 0.000000 0.000000
0.190000 0.109756 -0.000000 0.000000 0.900000 0.000000
0.316667 0.109756 -0.000000 0.000000 0.900000 0.000000
0.443333 0.109756 -0.000000 -0.000000 0.900000 0.000000
0.570000 0.109756 -0.000000 -0.000000 0.900000 0.000000
0.696667 0.109756 -0.000000 -0.000000 0.900000 0.000000
0.823333 0.109756 0.000000 -0.000000 0.900000 0.000000
0.950000 0.109756 0.000000 -0.000000 0.900000 0.000000
1.076667 0.109756 0.000000 -0.000000 0.900000 0.000000
1.203333 0.109756 0.000000 -0.000000 0.900000 0.000000
1.330000 0.109756 0.000000 -0.000000 0.900000 0.000000
1.456667 0.109756 0.000000 -0.000000 0.900000 0.000000
1.583333 0.109756 0.000000 -0.000000 0.900000 0.000000
1.710000 0.109756 0.000000 -0.000000 0.900000 0.000000
1.836667 0.109756 0.000000 -0.000000 0.900000 0.000000
1.963333 0.109756 0.000000 -0.000000 0.900000 0.000000
2.090000 0.109756 0.000000 0.000000 0.900000 0.000000
2.216667 0.109756 0.000000 -0.000000 0.900000 0.000000
2.343333 0.109756 0.000000 -0.000000 0.900000 0.000000
2.470000 0.109756 0.000000 -0.000000 0.900000 0.000000
2.596667 0.109756 0.000000 -0.000000 0.900000 0.000000
2.723333 0.109756 0.000000 -0.000000 0.900000 0.000000
2.850000 0.109756 0.000000 0.000000 0.900000 0.000000
2.976667 0.109756 0.000000 0.000000 0.900000 0.000000
3.103333 0.109756 0.000000 0.000000 0.900000 0.000000
3.230000 0.109756 0.000000 -0.000000 0.900000 0.000000
3.356667 0.109756 0.000000 0.000000 0.900000 0.000000
3.483333 0.109756 0.000000 0.000000 0.900000 0.000000
3.610000 0.109756 0.000000 0.000000 0.900000 0.000000
3.736667 0.109756 0.000000 0.000000 0.000000 0.000000
0.063333 0.124390 0.000000 0.000000 0.000000 0.000000
0.190000 0.124390 -0.000000 0.000000 0.900000 0.000000
0.316667 0.124390 -0.000000 0.000000 0.900000 0.000000
0.443333 0.124390 -0.000000 -0.000000 0.900000 0.000000
0.570000 0.124390 -0.000000 -0.000000 0.900000 0.000000
0.696667 0.124390 -0.000000 -0.000000 0.900000 0.000000
0.823333 0.124390 0.000000 -0.000000 0.900000 0.000000
0.950000 0.124390 0.000000 -0.000000 0.900000 0.000000
1.076667 0.124390 0.000000 -0.000000 0.900000 0.000000
1.203333 0.124390 0.000000 -0.000000 0.900000 0.000000
1.330000 0.124390 0.000000 -0.000000 0.900000 0.000000
1.456667 0.124390 0.000000 -0.000000 0.900000 0.000000
1.583333 0.124390 0.000000 -0.000000 0.900000 0.000000
1.710000 0.124390 0.000000 -0.000000 0.900000 0.000000
1.836667 0.124390 0.000000 -0.000000 0.900000 0.000000
1.963333 0.124390 0.000000 -0.000000 0.900000 0.000000
2.090000 0.124390 0.000000 0.000000 0.900000 0.000000
2.216667 0.124390 0.000000 -0.000000 0.900000 0.000000
2.343333 0.124390 0.000000 -0.000000 0.900000 0.000000
2.470000 0.124390 0.000000 -0.000000 0.900000 0.000000
2.596667 0.124390 0.000000 -0.000000 0.900000 0.000000
2.723333 0.124390 0.000000 -0.000000 0.900000 0.000000
2.850000 0.124390 0.000000 0.000000 0.900000 0.000000
2.976667 0.124390 0.000000 0.000000 0.900000 0.000000
3.103333 0.124390 0.000000 0.000000 0.900000 0.000000
3.230000 0.124390 0.000000 -0.000000 0.900000 0.000000
3.356667 0.124390 0.000000 0.000000 0.900000 0.000000
3.483333 0.124390 0.000000 0.000000 0.900000 0.000000
3.610000 0.124390 0.000000 0.000000 0.900000 0.000000
3.736667 0.124390 0.000000 0.000000 0.000000 0.000000
0.063333 0.139024 0.000000 0.000000 0.000000 0.000000
0.190000 0.139024 -0.000000 0.000000 0.900000 0.000000
0.316667 0.139024 -0.000000 0.000000 0.900000 0.000000
0.443333 0.139024 -0.000000 -0.000000 0.900000 0.000000
0.570000 0.139024 -0.000000 -0.000000 0.900000 0.000000
0.696667 0.139024 -0.000000 -0.000000 0.900000 0.000000
0.823333 0.139024 -0.000000 -0.000000 0.900000 0.000000
0.950000 0.139024 0.000000 -0.000000 0.900000 0.000000
1.076667 0.139024 0.000000 -0.000000 0.900000 0.000000
1.203333 0.139024 0.000000 -0.000000 0.900000 0.000000
1.330000 0.139024 0.000000 -0.000000 0.900000 0.000000
1.456667 0.139024 0.000000 -0.000000 0.900000 0.000000
1.583333 0.139024 0.000000 -0.000000 0.900000 0.000000
1.710000 0.139024 0.000000 -0.000000 0.900000 0.000000
1.836667 0.139024 0.000000 -0.000000 0.900000 0.000000
1.963333 0.139024 0.000000 -0.000000 0.900000 0.000000
2.090000 0.139024 0.000000 -0.000000 0.900000 0.000000
2.216667 0.139024 0.000000 -0.000000 0.900000 0.000000
2.343333 0.139024 0.000000 -0.000000 0.900000 0.000000
2.470000 0.139024 0.000000 -0.000000 0.900000 0.000000
2.596667 0.139024 0.000000 -0.000000 0.900000 0.000000
2.723333 0.139024 0.000000 -0.000000 0.900000 0.000000
2.850000 0.139024 0.000000 0.000000 0.900000 0.000000
2.976667 0.139024 0.000000 0.000000 0.900000 0.000000
3.103333 0.139024 0.000000 0.000000 0.900000 0.000000
3.230000 0.139024 0.000000 -0.000000 0.900000 0.000000
3.356667 0.139024 0.000000 0.000000 0.900000 0.000000
3.483333 0.139024 0.000000 0.000000 0.900000 0.000000
3.610000 0.139024 0.000000 0.000000 0.900000 0.000000
3.736667 0.139024 0.000000 0.000000 0.000000 0.000000
0.063333 0.153659 0.000000 0.000000 0.000000 0.000000
0.190000 0.153659 -0.000000 0.000000 0.900000 0.000000
0.316667 0.153659 -0.000000 0.000000 0.900000 0.000000
0.443333 0.153659 -0.000000 -0.000000 0.900000 0.000000
0.570000 0.153659 -0.000000 -0.000000 0.900000 0.000000
0.696667 0.153659 -0.000000 -0.000000 0.900000 0.000000
0.823333 0.153659 -0.000000 -0.000000 0.900000 0.000000
0.950000 0.153659 0.000000 -0.000000 0.900000 0.000000
1.076667 0.153659 0.000000 -0.000000 0.900000 0.000000
1.203333 0.153659 0.000000 -0.000000 0.900000 0.000000
1.330000 0.153659 0.000000 -0.000000 0.900000 0.000000
1.456667 0.153659 0.000000 -0.000000 0.900000 0.000000
1.583333 0.153659 0.000000 -0.000000 0.900000 0.000000
1.710000 0.153659 0.000000 -0.000000 0.900000 0.000000
1.836667 0.153659 0.000000 -0.000000 0.900000 0.000000
1.963333 0.153659 0.000000 -0.000000 0.900000 0.000000
2.090000 0.153659 0.000000 -0.000000 0.900000 0.000000
2.216667 0.153659 0.000000 -0.000000 0.900000 0.000000
2.343333 0.153659 0.000000 -0.000000 0.900000 0.000000
2.470000 0.153659 0.000000 -0.000000 0.900000 0.000000
2.596667 0.153659 0.000000 -0.000000 0.900000 0.000000
2.723333 0.153659 0.000000 -0.000000 0.900000 0.000000
2.850000 0.153659 0.000000 0.000000 0.900000 0.000000
2.976667 0.153659 0.000000 0.000000 0.900000 0.000000
3.103333 0.153659 0.000000 0.000000 0.900000 0.000000
3.230000 0.153659 0.000000 -0.000000 0.900000 0.000000
3.356667 0.153659 0.000000 0.000000 0.900000 0.000000
3.483333 0.153659 0.000000 0.000000 0.900000 0.000000
3.610000 0.153659 0.000000 0.000000 0.900000 0.000000
3.736667 0.153659 0.000000 0.000000 0.000000 0.000000
0.063333 0.168293 0.000000 0.000000 0.000000 0.000000
0.190000 0.168293 -0.000000 0.000000 0.900000 0.000000
0.316667 0.168293 -0.000000 0.000000 0.900000 0.000000
0.443333 0.168293 -0.000000 -0.000000 0.900000 0.000000
0.570000 0.168293 -0.000000 -0.000000 0.900000 0.000000
0.696667 0.168293 -0.000000 -0.000000 0.900000 0.000000
0.823333 0.168293 -0.000000 -0.000000 0.900000 0.000000
0.950000 0.168293 0.000000 -0.000000 0.900000 0.000000
1.076667 0.168293 0.000000 -0.000000 0.900000 0.000000
1.203333 0.168293 0.000000 -0.000000 0.900000 0.000000
1.330000 0.168293 0.000000 -0.000000 0.900000 0.000000
1.456667 0.168293 0.000000 -0.000000 0.900000 0.000000
1.583333 0.168293 0.000000 -0.000000 0.900000 0.000000
1.710000 0.168293 0.000000 -0.000000 0.900000 0.000000
1.836667 0.168293 0.000000 -0.000000 0.900000 0.000000
1.963333 0.168293 0.000000 -0.000000 0.900000 0.000000
2.090000 0.168293 0.000000 -0.000000 0.900000 0.000000
2.216667 0.168293 0.000000 -0.000000 0.900000 0.000000
2.343333 0.168293 0.000000 -0.000000 0.900000 0.000000
2.470000 0.168293 0.000000 -0.000000 0.900000 0.000000
2.596667 0.168293 0.000000 -0.000000 0.900000 0.000000
2.723333 0.168293 0.000000 -0.000000 0.900000 0.000000
2.850000 0.168293 0.000000 0.000000 0.900000 0.000000
2.976667 0.168293 0.000000 0.000000 0.900000 0.000000
3.103333 0.168293 0.000000 -0.000000 0.900000 0.000000
3.230000 0.168293 0.000001 -0.000000 0.899988 0.000001
3.356667 0.168293 0.000000 0.000000 0.899995 0.000000
3.483333 0.168293 0.000000 0.000000 0.900000 0.000000
3.610000 0.168293 0.000000 0.000000 0.900000 0.000000
3.736667 0.168293 0.000000 0.000000 0.000000 0.000000
0.063333 0.182927 0.000000 0.000000 0.000000 0.000000
0.190000 0.182927 -0.000000 0.000000 0.900000 0.000000
0.316667 0.182927 -0.000000 0.000000 0.900000 0.000000
0.443333 0.182927 -0.000000 -0.000000 0.899998 0.000000
0.570000 0.182927 -0.000000 -0.000000 0.899999 0.000000
0.696667 0.182927 -0.000000 -0.000000 0.899999 0.000000
0.823333 0.182927 -0.000000 -0.000000 0.900000 0.000000
0.950000 0.182927 0.000000 -0.000000 0.900000 0.000000
1.076667 0.182927 0.000000 -0.000000 0.900000 0.000000
1.203333 0.182927 0.000000 -0.000000 0.900000 0.000000
1.330000 0.182927 0.000000 -0.000000 0.900000 0.000000
1.456667 0.182927 0.000000 -0.000000 0.900000 0.000000
1.583333 0.182927 0.000000 -0.000000 0.900000 0.000000
1.710000 0.182927 0.000000 -0.000000 0.900000 0.000000
1.836667 0.182927 0.000000 -0.000000 0.900000 0.000000
1.963333 0.182927 0.000000 -0.000000 0.900000 0.000000
2.090000 0.182927 0.000000 -0.000000 0.900000 0.000000
2.216667 0.182927 0.000000 -0.000000 0.900000 0.000000
2.343333 0.182927 0.000000 -0.000000 0.899999 0.000000
2.470000 0.182927 0.000000 -0.000000 0.899999 0.000000
2.596667 0.182927 0.000001 -0.000000 0.899985 0.000001
2.723333 0.182927 0.000001 -0.000000 0.899974 0.000001
2.850000 0.182927 0.000002 -0.000000 0.899966 0.000002
2.976667 0.182927 0.000003 0.000000 0.899953 0.000003
3.103333 0.182927 0.000003 -0.000000 0.899946 0.000003
3.230000 0.182927 0.000036 -0.000002 0.899340 0.000036
3.356667 0.182927 0.000054 0.000003 0.899001 0.000054
3.483333 0.182927 0.000002 0.000001 0.899949 0.000003
3.610000 0.182927 0.000000 0.000001 0.899984 0.000001
3.736667 0.182927 0.000000 0.000000 0.000000 0.000000
0.063333 0.197561 0.000000 0.000000 0.000000 0.000000
0.190000 0.197561 -0.000000 0.000000 0.900000 0.000000
0.316667 0.197561 -0.000000 0.000000 0.899998 0.000000
0.443333 0.197561 -0.000001 -0.000000 0.899935 0.000001
0.570000 0.197561 -0.000000 -0.000000 0.899973 0.000000
0.696667 0.197561 -0.000000 -0.000000 0.899965 0.000000
0.823333 0.197561 -0.000000 -0.000000 0.899979 0.000000
0.950000 0.197561 0.000000 -0.000000 0.899994 0.000000
1.076667 0.197561 0.000000 -0.000000 0.899996 0.000000
1.203333 0.197561 0.000000 -0.000000 0.899998 0.000000
1.330000 0.197561 0.000000 -0.000000 0.900000 0.000000
1.456667 0.197561 0.000000 -0.000000 0.900000 0.000000
1.583333 0.197561 0.000000 -0.000000 0.899999 0.000000
1.710000 0.197561 0.000000 -0.000000 0.899999 0.000000
1.836667 0.197561 0.000000 -0.000000 0.899995 0.000000
1.963333 0.197561 0.000000 -0.000000 0.899997 0.000000
2.090000 0.197561 0.000000 -0.000000 0.899994 0.000000
2.216667 0.197561 0.000001 -0.000000 0.899968 0.000001
2.343333 0.197561 0.000002 -0.000000 0.899942 0.000002
2.470000 0.197561 0.000004 -0.000000 0.899904 0.000004
2.596667 0.197561 0.000027 -0.000002 0.899431 0.000027
2.723333 0.197561 0.000070 -0.000002 0.898635 0.000070
2.850000 0.197561 0.000119 -0.000001 0.897749 0.000119
2.976667 0.197561 0.000196 -0.000001 0.896338 0.000196
3.103333 0.197561 0.000238 -0.000003 0.895368 0.000238
3.230000 0.197561 0.000561 -0.000034 0.883589 0.000562
3.356667 0.197561 0.001216 0.000191 0.827247 0.001231
3.483333 0.197561 0.001592 0.001924 0.769721 0.002498
3.610000 0.197561 0.000834 0.005611 0.747921 0.005672
3.736667 0.197561 0.000000 0.000000 0.000000 0.000000
0.063333 0.212195 0.000000 0.000000 0.000000 0.000000
0.190000 0.212195 -0.000000 0.000000 0.899990 0.000000
0.316667 0.212195 -0.000007 0.000000 0.899780 0.000007
0.443333 0.212195 -0.000039 -0.000010 0.898248 0.000040
0.570000 0.212195 -0.000013 -0.000007 0.899201 0.000015
0.696667 0.212195 -0.000010 -0.000007 0.899077 0.000012
0.823333 0.212195 -0.000002 -0.000004 0.899369 0.000004
0.950000 0.212195 0.000001 -0.000001 0.899755 0.000001
1.076667 0.212195 0.000002 -0.000001 0.899798 0.000002
1.203333 0.212195 0.000002 -0.000000 0.899872 0.000002
1.330000 0.212195 0.000001 -0.000000 0.899966 0.000001
1.456667 0.212195 0.000001 -0.000000 0.899955 0.000001
1.583333 0.212195 0.000002 -0.000000 0.899931 0.000002
1.710000 0.212195 0.000003 -0.000000 0.899909 0.000003
1.836667 0.212195 0.000018 -0.000002 0.899476 0.000018
1.963333 0.212195 0.000024 -0.000001 0.899346 0.000024
2.090000 0.212195 0.000033 -0.000001 0.899119 0.000033
2.216667 0.212195 0.000091 -0.000003 0.897670 0.000091
2.343333 0.212195 0.000140 -0.000004 0.896523 0.000140
2.470000 0.212195 0.000183 -0.000009 0.895243 0.000183
2.596667 0.212195 0.000512 -0.000063 0.881125 0.000516
2.723333 0.212195 0.001355 -0.000089 0.829895 0.001358
2.850000 0.212195 0.002799 -0.000073 0.775113 0.002800
2.976667 0.212195 0.004580 -0.000097 0.718324 0.004581
3.103333 0.212195 0.005574 -0.000070 0.658817 0.005574
3.230000 0.212195 0.001254 0.000658 0.606381 0.001416
3.356667 0.212195 -0.005124 0.001002 0.601503 0.005221
3.483333 0.212195 -0.006543 0.004069 0.617594 0.007705
3.610000 0.212195 -0.003036 0.009272 0.640127 0.009757
3.736667 0.212195 0.000000 0.000000 0.000000 0.000000
0.063333 0.226829 0.000000 0.000000 0.000000 0.000000
0.190000 0.226829 -0.000130 0.001376 0.857319 0.001383
0.316667 0.226829 -0.000145 0.000017 0.892367 0.000146
0.443333 0.226829 -0.000682 -0.000201 0.870967 0.000711
0.570000 0.226829 -0.000247 -0.000131 0.883800 0.000280
0.696667 0.226829 -0.000195 -0.000131 0.883159 0.000235
0.823333 0.226829 -0.000036 -0.000087 0.886856 0.000094
0.950000 0.226829 0.000033 -0.000029 0.893351 0.000044
1.076667 0.226829 0.000068 -0.000025 0.893963 0.000073
1.203333 0.226829 0.000088 -0.000014 0.895160 0.000089
1.330000 0.226829 0.000057 -0.000004 0.897499 0.000057
1.456667 0.226829 0.000079 -0.000006 0.896894 0.000079
1.583333 0.226829 0.000118 -0.000010 0.895792 0.000118
1.710000 0.226829 0.000113 -0.000015 0.895319 0.000114
1.836667 0.226829 0.000389 -0.000072 0.874678 0.000396
1.963333 0.226829 0.000787 -0.000099 0.835412 0.000793
2.090000 0.226829 0.001571 -0.000106 0.791190 0.001575
2.216667 0.226829 0.002838 -0.000202 0.746011 0.002845
2.343333 0.226829 0.004439 -0.000257 0.699258 0.004447
2.470000 0.226829 0.005473 -0.000251 0.648546 0.005479
2.596667 0.226829 0.002715 -0.000045 0.605950 0.002715
2.723333 0.226829 -0.000809 -0.000235 0.603086 0.000842
2.850000 0.226829 -0.001288 -0.000112 0.602290 0.001292
2.976667 0.226829 -0.001707 -0.000086 0.600928 0.001709
3.103333 0.226829 -0.002638 0.000118 0.600447 0.002641
3.230000 0.226829 -0.003716 0.001386 0.600111 0.003966
3.356667 0.226829 -0.005001 0.001251 0.600014 0.005155
3.483333 0.226829 -0.005877 0.004214 0.601006 0.007232
3.610000 0.226829 -0.002912 0.009581 0.606590 0.010014
3.736667 0.226829 0.000000 0.000000 0.000000 0.000000
0.063333 0.241463 0.000000 0.000000 0.000000 0.000000
0.190000 0.241463 0.002695 0.006510 0.688290 0.007046
0.316667 0.241463 0.002589 0.001451 0.637114 0.002968
0.443333 0.241463 -0.000445 -0.001807 0.681642 0.001861
0.570000 0.241463 -0.000474 -0.001379 0.709735 0.001458
0.696667 0.241463 -0.001082 -0.001316 0.728584 0.001703
0.823333 0.241463 -0.000761 -0.001056 0.739493 0.001301
0.950000 0.241463 -0.000427 -0.000633 0.741863 0.000763
1.076667 0.241463 -0.000115 -0.000617 0.738731 0.000628
1.203333 0.241463 0.000258 -0.000434 0.727881 0.000505
1.330000 0.241463 0.000677 -0.000219 0.711137 0.000712
1.456667 0.241463 0.001150 -0.000377 0.688323 0.001210
1.583333 0.241463 0.001970 -0.000595 0.657980 0.002058
1.710000 0.241463 0.001723 -0.000539 0.620712 0.001805
1.836667 0.241463 -0.000495 -0.000528 0.602783 0.000723
1.963333 0.241463 -0.001628 -0.000424 0.600975 0.001682
2.090000 0.241463 -0.001255 -0.000260 0.602952 0.001282
2.216667 0.241463 -0.000806 -0.000333 0.603347 0.000872
2.343333 0.241463 -0.000927 -0.000257 0.602411 0.000962
2.470000 0.241463 -0.001273 -0.000040 0.601201 0.001273
2.596667 0.241463 -0.001117 0.000533 0.600179 0.001238
2.723333 0.241463 -0.001082 0.000010 0.600072 0.001082
2.850000 0.241463 -0.001416 0.000068 0.600049 0.001418
2.976667 0.241463 -0.001804 0.000106 0.600015 0.001807
3.103333 0.241463 -0.002624 0.000324 0.600007 0.002644
3.230000 0.241463 -0.003620 0.001429 0.600001 0.003892
3.356667 0.241463 -0.004703 0.001361 0.600000 0.004896
3.483333 0.241463 -0.005213 0.004108 0.600041 0.006637
3.610000 0.241463 -0.002531 0.008986 0.600727 0.009336
3.736667 0.241463 0.000000 0.000000 0.000000 0.000000
0.063333 0.256098 0.000000 0.000000 0.000000 0.000000
0.190000 0.256098 0.003378 0.007834 0.616342 0.008531
0.316667 0.256098 0.007262 0.002093 0.601164 0.007558
0.443333 0.256098 0.006024 -0.002483 0.600009 0.006515
0.570000 0.256098 0.002811 -0.001725 0.600000 0.003298
0.696667 0.256098 -0.000127 -0.001980 0.600000 0.001984
0.823333 0.256098 -0.002035 -0.001670 0.600027 0.002632
0.950000 0.256098 -0.002917 -0.000943 0.602455 0.003065
1.076667 0.256098 -0.003371 -0.000875 0.603192 0.003483
1.203333 0.256098 -0.003854 -0.000511 0.604325 0.003887
1.330000 0.256098 -0.003811 -0.000184 0.605902 0.003815
1.456667 0.256098 -0.003768 -0.000366 0.604391 0.003786
1.583333 0.256098 -0.003813 -0.000635 0.602221 0.003866
1.710000 0.256098 -0.003037 -0.000414 0.600610 0.003065
1.836667 0.256098 -0.002154 -0.000352 0.600021 0.002182
1.963333 0.256098 -0.001642 -0.000397 0.600002 0.001690
2.090000 0.256098 -0.001143 -0.000161 0.600055 0.001154
2.216667 0.256098 -0.000893 -0.000183 0.600097 0.000911
2.343333 0.256098 -0.001071 -0.000036 0.600080 0.001071
2.470000 0.256098 -0.001355 0.000179 0.600042 0.001367
2.596667 0.256098 -0.001178 0.000619 0.600005 0.001331
2.723333 0.256098 -0.001124 0.000194 0.600002 0.001140
2.850000 0.256098 -0.001433 0.000222 0.600001 0.001450
2.976667 0.256098 -0.001812 0.000266 0.600000 0.001832
3.103333 0.256098 -0.002547 0.000492 0.600000 0.002594
3.230000 0.256098 -0.003478 0.001466 0.600000 0.003774
3.356667 0.256098 -0.004424 0.001428 0.600000 0.004649
3.483333 0.256098 -0.004704 0.003954 0.600001 0.006146
3.610000 0.256098 -0.002238 0.008304 0.600058 0.008600
3.736667 0.256098 0.000000 0.000000 0.000000 0.000000
0.063333 0.270732 0.000000 0.000000 0.000000 0.000000
0.190000 0.270732 0.002923 0.007420 0.601894 0.007975
0.316667 0.270732 0.006237 0.001976 0.600032 0.006543
0.443333 0.270732 0.005484 -0.002222 0.600000 0.005917
0.570000 0.270732 0.002648 -0.001233 0.600000 0.002920
0.696667 0.270732 -0.000127 -0.001558 0.600000 0.001564
0.823333 0.270732 -0.001815 -0.001303 0.600000 0.002234
0.950000 0.270732 -0.002701 -0.000702 0.600070 0.002791
1.076667 0.270732 -0.003272 -0.000610 0.600111 0.003329
1.203333 0.270732 -0.003755 -0.000292 0.600182 0.003767
1.330000 0.270732 -0.003896 -0.000038 0.600300 0.003896
1.456667 0.270732 -0.004021 -0.000190 0.600204 0.004025
1.583333 0.270732 -0.004055 -0.000512 0.600083 0.004087
1.710000 0.270732 -0.003250 -0.000477 0.600016 0.003285
1.836667 0.270732 -0.002256 -0.000367 0.600000 0.002286
1.963333 0.270732 -0.001584 -0.000428 0.600000 0.001641
2.090000 0.270732 -0.001072 -0.000071 0.600001 0.001075
2.216667 0.270732 -0.000903 -0.000054 0.600002 0.000904
2.343333 0.270732 -0.001069 0.000142 0.600002 0.001079
2.470000 0.270732 -0.001310 0.000351 0.600001 0.001357
2.596667 0.270732 -0.001178 0.000680 0.600000 0.001361
2.723333 0.270732 -0.001156 0.000336 0.600000 0.001204
2.850000 0.270732 -0.001449 0.000343 0.600000 0.001489
2.976667 0.270732 -0.001820 0.000389 0.600000 0.001861
3.103333 0.270732 -0.002476 0.000615 0.600000 0.002552
3.230000 0.270732 -0.003338 0.001492 0.600000 0.003657
3.356667 0.270732 -0.004154 0.001460 0.600000 0.004403
3.483333 0.270732 -0.004252 0.003782 0.600000 0.005691
3.610000 0.270732 -0.001985 0.007664 0.600003 0.007917
3.736667 0.270732 0.000000 0.000000 0.000000 0.000000
0.063333 0.285366 0.000000 0.000000 0.000000 0.000000
0.190000 0.285366 0.002586 0.006765 0.600151 0.007243
0.316667 0.285366 0.005564 0.001829 0.600001 0.005857
0.443333 0.285366 0.005107 -0.002028 0.600000 0.005495
0.570000 0.285366 0.002575 -0.000769 0.600000 0.002687
0.696667 0.285366 -0.000100 -0.001187 0.600000 0.001191
0.823333 0.285366 -0.001717 -0.000994 0.600000 0.001984
0.950000 0.285366 -0.002624 -0.000477 0.600002 0.002667
1.076667 0.285366 -0.003221 -0.000378 0.600003 0.003243
1.203333 0.285366 -0.003697 -0.000110 0.600006 0.003698
1.330000 0.285366 -0.003870 0.000093 0.600013 0.003871
1.456667 0.285366 -0.004005 -0.000051 0.600008 0.004005
1.583333 0.285366 -0.004054 -0.000421 0.600003 0.004076
1.710000 0.285366 -0.003345 -0.000563 0.600000 0.003392
1.836667 0.285366 -0.002340 -0.000405 0.600000 0.002375
1.963333 0.285366 -0.001516 -0.000482 0.600000 0.001591
2.090000 0.285366 -0.000989 0.000008 0.600000 0.000989
2.216667 0.285366 -0.000905 0.000040 0.600000 0.000906
2.343333 0.285366 -0.001065 0.000268 0.600000 0.001098
2.470000 0.285366 -0.001272 0.000471 0.600000 0.001356
2.596667 0.285366 -0.001179 0.000713 0.600000 0.001378
2.723333 0.285366 -0.001186 0.000432 0.600000 0.001263
2.850000 0.285366 -0.001467 0.000425 0.600000 0.001527
2.976667 0.285366 -0.001829 0.000472 0.600000 0.001889
3.103333 0.285366 -0.002414 0.000692 0.600000 0.002511
3.230000 0.285366 -0.003203 0.001502 0.600000 0.003537
3.356667 0.285366 -0.003890 0.001462 0.600000 0.004156
3.483333 0.285366 -0.003839 0.003599 0.600000 0.005262
3.610000 0.285366 -0.001760 0.007076 0.600000 0.007291
3.736667 0.285366 0.000000 0.000000 0.000000 0.000000
0.063333 0.300000 0.000000 0.000000 0.000000 0.000000
0.190000 0.300000 0.002300 0.006146 0.600009 0.006562
0.316667 0.300000 0.004976 0.001683 0.600000 0.005253
0.443333 0.300000 0.004750 -0.001893 0.600000 0.005113
0.570000 0.300000 0.002505 -0.000333 0.600000 0.002527
0.696667 0.300000 -0.000069 -0.000858 0.600000 0.000861
0.823333 0.300000 -0.001620 -0.000722 0.600000 0.001774
0.950000 0.300000 -0.002549 -0.000281 0.600000 0.002565
1.076667 0.300000 -0.003169 -0.000186 0.600000 0.003174
1.203333 0.300000 -0.003642 0.000033 0.600000 0.003642
1.330000 0.300000 -0.003835 0.000185 0.600000 0.003840
1.456667 0.300000 -0.003975 0.000039 0.600000 0.003975
1.583333 0.300000 -0.004050 -0.000367 0.600000 0.004066
1.710000 0.300000 -0.003458 -0.000665 0.600000 0.003522
1.836667 0.300000 -0.002442 -0.000464 0.600000 0.002486
1.963333 0.300000 -0.001433 -0.000564 0.600000 0.001540
2.090000 0.300000 -0.000887 0.000070 0.600000 0.000890
2.216667 0.300000 -0.000902 0.000091 0.600000 0.000907
2.343333 0.300000 -0.001061 0.000336 0.600000 0.001113
2.470000 0.300000 -0.001242 0.000532 0.600000 0.001351
2.596667 0.300000 -0.001181 0.000707 0.600000 0.001377
2.723333 0.300000 -0.001214 0.000478 0.600000 0.001304
2.850000 0.300000 -0.001486 0.000463 0.600000 0.001557
2.976667 0.300000 -0.001840 0.000510 0.600000 0.001909
3.103333 0.300000 -0.002358 0.000720 0.600000 0.002465
3.230000 0.300000 -0.003072 0.001488 0.600000 0.003413
3.356667 0.300000 -0.003635 0.001438 0.600000 0.003909
3.483333 0.300000 -0.003460 0.003408 0.600000 0.004856
3.610000 0.300000 -0.001561 0.006535 0.600000 0.006719
3.736667 0.300000 0.000000 0.000000 0.000000 0.000000
0.063333 0.314634 0.000000 0.000000 0.000000 0.000000
0.190000 0.314634 0.002045 0.005588 0.600000 0.005951
0.316667 0.314634 0.004437 0.001545 0.600000 0.004698
0.443333 0.314634 0.004411 -0.001814 0.600000 0.004770
0.570000 0.314634 0.002444 0.000073 0.600000 0.002445
0.696667 0.314634 -0.000026 -0.000575 0.600000 0.000576
0.823333 0.314634 -0.001518 -0.000489 0.600000 0.001595
0.950000 0.314634 -0.002472 -0.000120 0.600000 0.002475
1.076667 0.314634 -0.003116 -0.000040 0.600000 0.003116
1.203333 0.314634 -0.003589 0.000128 0.600000 0.003591
1.330000 0.314634 -0.003799 0.000230 0.600000 0.003806
1.456667 0.314634 -0.003943 0.000074 0.600000 0.003944
1.583333 0.314634 -0.004050 -0.000356 0.600000 0.004066
1.710000 0.314634 -0.003602 -0.000784 0.600000 0.003687
1.836667 0.314634 -0.002573 -0.000549 0.600000 0.002631
1.963333 0.314634 -0.001338 -0.000675 0.600000 0.001498
2.090000 0.314634 -0.000770 0.000110 0.600000 0.000778
2.216667 0.314634 -0.000898 0.000089 0.600000 0.000902
2.343333 0.314634 -0.001062 0.000338 0.600000 0.001114
2.470000 0.314634 -0.001221 0.000528 0.600000 0.001331
2.596667 0.314634 -0.001187 0.000653 0.600000 0.001354
2.723333 0.314634 -0.001241 0.000467 0.600000 0.001326
2.850000 0.314634 -0.001509 0.000451 0.600000 0.001575
2.976667 0.314634 -0.001855 0.000498 0.600000 0.001921
3.103333 0.314634 -0.002312 0.000695 0.600000 0.002414
3.230000 0.314634 -0.002948 0.001446 0.600000 0.003283
3.356667 0.314634 -0.003390 0.001390 0.600000 0.003663
3.483333 0.314634 -0.003111 0.003214 0.600000 0.004473
3.610000 0.314634 -0.001384 0.006037 0.600000 0.006193
3.736667 0.314634 0.000000 0.000000 0.000000 0.000000
0.063333 0.329268 0.000000 0.000000 0.000000 0.000000
0.190000 0.329268 0.001819 0.005087 0.600000 0.005403
0.316667 0.329268 0.003941 0.001418 0.600000 0.004188
0.443333 0.329268 0.004085 -0.001788 0.600000 0.004459
0.570000 0.329268 0.002392 0.000444 0.600000 0.002432
0.696667 0.329268 0.000035 -0.000339 0.600000 0.000341
0.823333 0.329268 -0.001409 -0.000297 0.600000 0.001439
0.950000 0.329268 -0.002392 0.000001 0.600000 0.002392
1.076667 0.329268 -0.003062 0.000056 0.600000 0.003062
1.203333 0.329268 -0.003537 0.000170 0.600000 0.003541
1.330000 0.329268 -0.003761 0.000220 0.600000 0.003767
1.456667 0.329268 -0.003907 0.000046 0.600000 0.003907
1.583333 0.329268 -0.004049 -0.000396 0.600000 0.004068
1.710000 0.329268 -0.003780 -0.000920 0.600000 0.003891
1.836667 0.329268 -0.002739 -0.000664 0.600000 0.002818
1.963333 0.329268 -0.001223 -0.000821 0.600000 0.001473
2.090000 0.329268 -0.000630 0.000121 0.600000 0.000642
2.216667 0.329268 -0.000889 0.000024 0.600000 0.000889
2.343333 0.329268 -0.001063 0.000264 0.600000 0.001096
2.470000 0.329268 -0.001207 0.000450 0.600000 0.001288
2.596667 0.329268 -0.001193 0.000540 0.600000 0.001310
2.723333 0.329268 -0.001266 0.000393 0.600000 0.001326
2.850000 0.329268 -0.001533 0.000381 0.600000 0.001580
2.976667 0.329268 -0.001875 0.000432 0.600000 0.001924
3.103333 0.329268 -0.002275 0.000614 0.600000 0.002357
3.230000 0.329268 -0.002835 0.001369 0.600000 0.003148
3.356667 0.329268 -0.003155 0.001321 0.600000 0.003420
3.483333 0.329268 -0.002790 0.003019 0.600000 0.004111
3.610000 0.329268 -0.001226 0.005577 0.600000 0.005710
3.736667 0.329268 0.000000 0.000000 0.000000 0.000000
0.063333 0.343902 0.000000 0.000000 0.000000 0.000000
0.190000 0.343902 0.001619 0.004637 0.600000 0.004912
0.316667 0.343902 0.003485 0.001306 0.600000 0.003721
0.443333 0.343902 0.003768 -0.001811 0.600000 0.004180
0.570000 0.343902 0.002356 0.000771 0.600000 0.002479
0.696667 0.343902 0.000127 -0.000150 0.600000 0.000197
0.823333 0.343902 -0.001286 -0.000144 0.600000 0.001294
0.950000 0.343902 -0.002308 0.000080 0.600000 0.002309
1.076667 0.343902 -0.003006 0.000098 0.600000 0.003007
1.203333 0.343902 -0.003487 0.000153 0.600000 0.003490
1.330000 0.343902 -0.003722 0.000145 0.600000 0.003725
1.456667 0.343902 -0.003867 -0.000052 0.600000 0.003867
1.583333 0.343902 -0.004041 -0.000493 0.600000 0.004071
1.710000 0.343902 -0.004005 -0.001070 0.600000 0.004145
1.836667 0.343902 -0.002956 -0.000817 0.600000 0.003067
1.963333 0.343902 -0.001088 -0.001005 0.600000 0.001481
2.090000 0.343902 -0.000466 0.000096 0.600000 0.000476
2.216667 0.343902 -0.000878 -0.000117 0.600000 0.000886
2.343333 0.343902 -0.001069 0.000105 0.600000 0.001074
2.470000 0.343902 -0.001199 0.000289 0.600000 0.001234
2.596667 0.343902 -0.001202 0.000358 0.600000 0.001254
2.723333 0.343902 -0.001292 0.000249 0.600000 0.001316
2.850000 0.343902 -0.001561 0.000248 0.600000 0.001581
2.976667 0.343902 -0.001901 0.000306 0.600000 0.001926
3.103333 0.343902 -0.002253 0.000474 0.600000 0.002303
3.230000 0.343902 -0.002739 0.001252 0.600000 0.003011
3.356667 0.343902 -0.002934 0.001233 0.600000 0.003183
3.483333 0.343902 -0.002495 0.002828 0.600000 0.003771
3.610000 0.343902 -0.001088 0.005150 0.600000 0.005264
3.736667 0.343902 0.000000 0.000000 0.000000 0.000000
0.063333 0.358537 0.000000 0.000000 0.000000 0.000000
0.190000 0.358537 0.001445 0.004232 0.600000 0.004472
0.316667 0.358537 0.003068 0.001211 0.600000 0.003298
0.443333 0.358537 0.003456 -0.001875 0.600000 0.003932
0.570000 0.358537 0.002343 0.001045 0.600000 0.002566
0.696667 0.358537 0.000265 -0.000005 0.600000 0.000265
0.823333 0.358537 -0.001146 -0.000029 0.600000 0.001147
0.950000 0.358537 -0.002218 0.000115 0.600000 0.002221
1.076667 0.358537 -0.002948 0.000084 0.600000 0.002949
1.203333 0.358537 -0.003437 0.000071 0.600000 0.003438
1.330000 0.358537 -0.003682 0.000001 0.600000 0.003682
1.456667 0.358537 -0.003820 -0.000229 0.600000 0.003827
1.583333 0.358537 -0.004018 -0.000656 0.600000 0.004071
1.710000 0.358537 -0.004289 -0.001224 0.600000 0.004460
1.836667 0.358537 -0.003243 -0.001018 0.600000 0.003399
1.963333 0.358537 -0.000921 -0.001231 0.600000 0.001537
2.090000 0.358537 -0.000266 0.000023 0.600000 0.000267
2.216667 0.358537 -0.000862 -0.000346 0.600000 0.000929
2.343333 0.358537 -0.001076 -0.000151 0.600000 0.001087
2.470000 0.358537 -0.001196 0.000035 0.600000 0.001197
2.596667 0.358537 -0.001212 0.000097 0.600000 0.001216
2.723333 0.358537 -0.001318 0.000027 0.600000 0.001319
2.850000 0.358537 -0.001592 0.000047 0.600000 0.001593
2.976667 0.358537 -0.001936 0.000118 0.600000 0.001940
3.103333 0.358537 -0.002251 0.000274 0.600000 0.002268
3.230000 0.358537 -0.002671 0.001091 0.600000 0.002885
3.356667 0.358537 -0.002734 0.001125 0.600000 0.002956
3.483333 0.358537 -0.002221 0.002641 0.600000 0.003451
3.610000 0.358537 -0.000966 0.004754 0.600000 0.004851
3.736667 0.358537 0.000000 0.000000 0.000000 0.000000
0.063333 0.373171 0.000000 0.000000 0.000000 0.000000
0.190000 0.373171 0.001295 0.003865 0.600000 0.004076
0.316667 0.373171 0.002693 0.001136 0.600000 0.002923
0.443333 0.373171 0.003149 -0.001971 0.600000 0.003715
0.570000 0.373171 0.002368 0.001252 0.600000 0.002678
0.696667 0.373171 0.000473 0.000105 0.600000 0.000484
0.823333 0.373171 -0.000981 0.000057 0.600000 0.000983
0.950000 0.373171 -0.002121 0.000111 0.600000 0.002124
1.076667 0.373171 -0.002888 0.000014 0.600000 0.002888
1.203333 0.373171 -0.003389 -0.000075 0.600000 0.003390
1.330000 0.373171 -0.003642 -0.000216 0.600000 0.003648
1.456667 0.373171 -0.003768 -0.000489 0.600000 0.003800
1.583333 0.373171 -0.003970 -0.000893 0.600000 0.004069
1.710000 0.373171 -0.004658 -0.001364 0.600000 0.004853
1.836667 0.373171 -0.003630 -0.001286 0.600000 0.003851
1.963333 0.373171 -0.000707 -0.001504 0.600000 0.001661
2.090000 0.373171 -0.000016 -0.000108 0.600000 0.000109
2.216667 0.373171 -0.000838 -0.000675 0.600000 0.001076
2.343333 0.373171 -0.001086 -0.000514 0.600000 0.001201
2.470000 0.373171 -0.001197 -0.000320 0.600000 0.001239
2.596667 0.373171 -0.001224 -0.000251 0.600000 0.001249
2.723333 0.373171 -0.001345 -0.000277 0.600000 0.001373
2.850000 0.373171 -0.001629 -0.000227 0.600000 0.001645
2.976667 0.373171 -0.001985 -0.000133 0.600000 0.001989
3.103333 0.373171 -0.002279 0.000013 0.600000 0.002279
3.230000 0.373171 -0.002647 0.000884 0.600000 0.002791
3.356667 0.373171 -0.002562 0.000995 0.600000 0.002749
3.483333 0.373171 -0.001969 0.002463 0.600000 0.003153
3.610000 0.373171 -0.000860 0.004384 0.600000 0.004467
3.736667 0.373171 0.000000 0.000000 0.000000 0.000000
0.063333 0.387805 0.000000 0.000000 0.000000 0.000000
0.190000 0.387805 0.001170 0.003532 0.600000 0.003720
0.316667 0.387805 0.002367 0.001083 0.600000 0.002603
0.443333 0.387805 0.002848 -0.002086 0.599996 0.003530
0.570000 0.387805 0.002451 0.001373 0.600000 0.002809
0.696667 0.387805 0.000783 0.000199 0.600000 0.000808
0.823333 0.387805 -0.000783 0.000127 0.600000 0.000793
0.950000 0.387805 -0.002011 0.000076 0.599999 0.002013
1.076667 0.387805 -0.002824 -0.000105 0.599997 0.002826
1.203333 0.387805 -0.003341 -0.000284 0.599995 0.003353
1.330000 0.387805 -0.003603 -0.000506 0.599994 0.003638
1.456667 0.387805 -0.003711 -0.000835 0.599992 0.003803
1.583333 0.387805 -0.003887 -0.001210 0.599992 0.004071
1.710000 0.387805 -0.005148 -0.001457 0.599996 0.005350
1.836667 0.387805 -0.004161 -0.001648 0.599998 0.004475
1.963333 0.387805 -0.000421 -0.001829 0.599998 0.001877
2.090000 0.387805 0.000310 -0.000309 0.599995 0.000438
2.216667 0.387805 -0.000801 -0.001113 0.599993 0.001371
2.343333 0.387805 -0.001096 -0.000992 0.599993 0.001478
2.470000 0.387805 -0.001202 -0.000783 0.599993 0.001434
2.596667 0.387805 -0.001238 -0.000691 0.599992 0.001418
2.723333 0.387805 -0.001375 -0.000666 0.599991 0.001528
2.850000 0.387805 -0.001674 -0.000574 0.599991 0.001770
2.976667 0.387805 -0.002053 -0.000446 0.599991 0.002101
3.103333 0.387805 -0.002350 -0.000301 0.599992 0.002369
3.230000 0.387805 -0.002697 0.000632 0.599998 0.002770
3.356667 0.387805 -0.002436 0.000837 0.600000 0.002576
3.483333 0.387805 -0.001735 0.002295 0.600000 0.002877
3.610000 0.387805 -0.000770 0.004036 0.600000 0.004109
3.736667 0.387805 0.000000 0.000000 0.000000 0.000000
0.063333 0.402439 0.000000 0.000000 0.000000 0.000000
0.190000 0.402439 0.001068 0.003226 0.600000 0.003399
0.316667 0.402439 0.002096 0.001050 0.600000 0.002344
0.443333 0.402439 0.002555 -0.002197 0.599880 0.003369
0.570000 0.402439 0.002654 0.001370 0.599775 0.002987
0.696667 0.402439 0.001279 0.000304 0.599745 0.001315
0.823333 0.402439 -0.000527 0.000199 0.599729 0.000563
0.950000 0.402439 -0.001880 0.000023 0.599698 0.001880
1.076667 0.402439 -0.002754 -0.000262 0.599660 0.002766
1.203333 0.402439 -0.003299 -0.000547 0.599646 0.003344
1.330000 0.402439 -0.003577 -0.000864 0.599657 0.003680
1.456667 0.402439 -0.003672 -0.001265 0.599684 0.003883
1.583333 0.402439 -0.003788 -0.001612 0.599737 0.004117
1.710000 0.402439 -0.005818 -0.001456 0.599847 0.005997
1.836667 0.402439 -0.004872 -0.002147 0.599851 0.005324
1.963333 0.402439 0.000007 -0.002219 0.599905 0.002219
2.090000 0.402439 0.000812 -0.000596 0.599839 0.001008
2.216667 0.402439 -0.000695 -0.001663 0.599797 0.001802
2.343333 0.402439 -0.001091 -0.001590 0.599773 0.001929
2.470000 0.402439 -0.001203 -0.001357 0.599749 0.001814
2.596667 0.402439 -0.001254 -0.001227 0.599719 0.001754
2.723333 0.402439 -0.001415 -0.001139 0.599683 0.001816
2.850000 0.402439 -0.001744 -0.000989 0.599648 0.002005
2.976667 0.402439 -0.002164 -0.000814 0.599626 0.002312
3.103333 0.402439 -0.002511 -0.000659 0.599634 0.002596
3.230000 0.402439 -0.002952 0.000347 0.599774 0.002972
3.356667 0.402439 -0.002458 0.000627 0.600000 0.002537
3.483333 0.402439 -0.001519 0.002140 0.600000 0.002625
3.610000 0.402439 -0.000694 0.003707 0.600000 0.003772
3.736667 0.402439 0.000000 0.000000 0.000000 0.000000
0.063333 0.417073 0.000000 0.000000 0.000000 0.000000
0.190000 0.417073 0.000990 0.002943 0.600000 0.003105
0.316667 0.417073 0.001818 0.001045 0.600000 0.002096
0.443333 0.417073 -0.002478 -0.001736 0.597633 0.003026
0.570000 0.417073 -0.002525 0.000901 0.553267 0.002681
0.696667 0.417073 0.000058 0.000608 0.549942 0.000611
0.823333 0.417073 -0.000905 0.000548 0.550051 0.001058
0.950000 0.417073 -0.001596 0.000331 0.550841 0.001630
1.076667 0.417073 -0.001903 0.000025 0.551634 0.001904
1.203333 0.417073 -0.001931 -0.000291 0.552457 0.001953
1.330000 0.417073 -0.001715 -0.000637 0.553379 0.001830
1.456667 0.417073 -0.001261 -0.001056 0.554354 0.001645
1.583333 0.417073 -0.000351 -0.001415 0.555259 0.001458
1.710000 0.417073 0.003223 -0.001377 0.557398 0.003504
1.836667 0.417073 0.002702 -0.001849 0.596967 0.003274
1.963333 0.417073 -0.007152 -0.001759 0.597671 0.007365
2.090000 0.417073 -0.006699 -0.001106 0.559487 0.006790
2.216667 0.417073 -0.002065 -0.001596 0.556098 0.002610
2.343333 0.417073 -0.001564 -0.001506 0.555654 0.002171
2.470000 0.417073 -0.001283 -0.001273 0.555150 0.001807
2.596667 0.417073 -0.001090 -0.001127 0.554707 0.001567
2.723333 0.417073 -0.001012 -0.001007 0.554217 0.001427
2.850000 0.417073 -0.001053 -0.000846 0.553694 0.001351
2.976667 0.417073 -0.001127 -0.000682 0.553227 0.001317
3.103333 0.417073 -0.000955 -0.000593 0.553183 0.001124
3.230000 0.417073 0.002034 -0.000063 0.555141 0.002035
3.356667 0.417073 0.002278 0.000859 0.597045 0.002434
3.483333 0.417073 -0.001170 0.002018 0.599995 0.002333
3.610000 0.417073 -0.000633 0.003394 0.600000 0.003453
3.736667 0.417073 0.000000 0.000000 0.000000 0.000000
0.063333 0.431707 0.000000 0.000000 0.000000 0.000000
0.190000 0.431707 0.000936 0.002676 0.600000 0.002836
0.316667 0.431707 0.001750 0.001053 0.600000 0.002043
0.443333 0.431707 0.001054 -0.001148 0.600000 0.001558
0.570000 0.431707 0.000245 0.000403 0.299741 0.000472
0.696667 0.431707 -0.000026 0.000645 0.299600 0.000645
0.823333 0.431707 -0.000560 0.000657 0.299615 0.000863
0.950000 0.431707 -0.000944 0.000492 0.299737 0.001064
1.076667 0.431707 -0.001112 0.000250 0.299873 0.001139
1.203333 0.431707 -0.001117 -0.000009 0.299981 0.001117
1.330000 0.431707 -0.000980 -0.000298 0.299999 0.001024
1.456667 0.431707 -0.000705 -0.000655 0.299997 0.000962
1.583333 0.431707 -0.000168 -0.000996 0.299994 0.001010
1.710000 0.431707 0.000245 -0.001005 0.299993 0.001035
1.836667 0.431707 -0.000405 -0.001130 0.599992 0.001200
1.963333 0.431707 -0.002167 -0.000989 0.600000 0.002382
2.090000 0.431707 -0.001467 -0.001235 0.299992 0.001918
2.216667 0.431707 -0.001255 -0.001174 0.299992 0.001718
2.343333 0.431707 -0.000938 -0.001054 0.299993 0.001411
2.470000 0.431707 -0.000764 -0.000858 0.299996 0.001149
2.596667 0.431707 -0.000649 -0.000737 0.299998 0.000982
2.723333 0.431707 -0.000600 -0.000640 0.299999 0.000877
2.850000 0.431707 -0.000620 -0.000523 0.300000 0.000811
2.976667 0.431707 -0.000656 -0.000417 0.299999 0.000777
3.103333 0.431707 -0.000556 -0.000401 0.299997 0.000686
3.230000 0.431707 -0.000268 -0.000048 0.299993 0.000272
3.356667 0.431707 -0.000483 0.001225 0.599858 0.001317
3.483333 0.431707 -0.000979 0.001933 0.600000 0.002166
3.610000 0.431707 -0.000589 0.003094 0.600000 0.003149
3.736667 0.431707 0.000000 0.000000 0.000000 0.000000
0.063333 0.446341 0.000000 0.000000 0.000000 0.000000
0.190000 0.446341 0.000904 0.002421 0.600000 0.002584
0.316667 0.446341 0.001874 0.001041 0.600000 0.002143
0.443333 0.446341 0.001618 -0.000961 0.600000 0.001882
0.570000 0.446341 0.000447 0.000276 0.299996 0.000526
0.696667 0.446341 -0.000100 0.000606 0.299990 0.000614
0.823333 0.446341 -0.000725 0.000659 0.299990 0.000979
0.950000 0.446341 -0.001156 0.000504 0.299995 0.001261
1.076667 0.446341 -0.001375 0.000252 0.299999 0.001398
1.203333 0.446341 -0.001443 -0.000025 0.300000 0.001443
1.330000 0.446341 -0.001414 -0.000340 0.300000 0.001454
1.456667 0.446341 -0.001305 -0.000741 0.300000 0.001501
1.583333 0.446341 -0.001064 -0.001145 0.300000 0.001563
1.710000 0.446341 -0.000426 -0.001061 0.300000 0.001143
1.836667 0.446341 -0.000608 -0.000838 0.600000 0.001035
1.963333 0.446341 -0.001882 -0.000767 0.600000 0.002032
2.090000 0.446341 -0.001313 -0.001462 0.300000 0.001965
2.216667 0.446341 -0.001207 -0.001333 0.300000 0.001798
2.343333 0.446341 -0.000934 -0.001173 0.300000 0.001500
2.470000 0.446341 -0.000778 -0.000948 0.300000 0.001226
2.596667 0.446341 -0.000658 -0.000813 0.300000 0.001046
2.723333 0.446341 -0.000612 -0.000714 0.300000 0.000941
2.850000 0.446341 -0.000653 -0.000598 0.300000 0.000886
2.976667 0.446341 -0.000764 -0.000500 0.300000 0.000913
3.103333 0.446341 -0.000895 -0.000508 0.300000 0.001029
3.230000 0.446341 -0.000678 0.000033 0.300000 0.000679
3.356667 0.446341 -0.000893 0.001191 0.599996 0.001489
3.483333 0.446341 -0.001057 0.001842 0.600000 0.002124
3.610000 0.446341 -0.000563 0.002801 0.600000 0.002857
3.736667 0.446341 0.000000 0.000000 0.000000 0.000000
0.063333 0.460976 0.000000 0.000000 0.000000 0.000000
0.190000 0.460976 0.000887 0.002172 0.600000 0.002346
0.316667 0.460976 0.001983 0.000994 0.600000 0.002218
0.443333 0.460976 0.002055 -0.000803 0.600000 0.002206
0.570000 0.460976 0.000704 0.000063 0.300000 0.000706
0.696667 0.460976 0.000045 0.000365 0.300000 0.000368
0.823333 0.460976 -0.000660 0.000448 0.300000 0.000798
0.950000 0.460976 -0.001123 0.000355 0.300000 0.001177
1.076667 0.460976 -0.001350 0.000172 0.300000 0.001360
1.203333 0.460976 -0.001416 -0.000036 0.300000 0.001416
1.330000 0.460976 -0.001384 -0.000282 0.300000 0.001413
1.456667 0.460976 -0.001277 -0.000607 0.300000 0.001414
1.583333 0.460976 -0.001061 -0.000956 0.300000 0.001428
1.710000 0.460976 -0.000520 -0.000937 0.300000 0.001072
1.836667 0.460976 -0.000740 -0.000617 0.600000 0.000964
1.963333 0.460976 -0.001687 -0.000589 0.600000 0.001787
2.090000 0.460976 -0.001217 -0.001245 0.300000 0.001741
2.216667 0.460976 -0.001197 -0.001095 0.300000 0.001622
2.343333 0.460976 -0.000942 -0.000940 0.300000 0.001330
2.470000 0.460976 -0.000783 -0.000750 0.300000 0.001084
2.596667 0.460976 -0.000665 -0.000643 0.300000 0.000925
2.723333 0.460976 -0.000616 -0.000573 0.300000 0.000842
2.850000 0.460976 -0.000662 -0.000496 0.300000 0.000827
2.976667 0.460976 -0.000795 -0.000440 0.300000 0.000909
3.103333 0.460976 -0.000979 -0.000474 0.300000 0.001088
3.230000 0.460976 -0.000849 -0.000032 0.300000 0.000850
3.356667 0.460976 -0.001218 0.001110 0.600000 0.001648
3.483333 0.460976 -0.001146 0.001721 0.600000 0.002068
3.610000 0.460976 -0.000550 0.002513 0.600000 0.002573
3.736667 0.460976 0.000000 0.000000 0.000000 0.000000
0.063333 0.475610 0.000000 0.000000 0.000000 0.000000
0.190000 0.475610 0.000882 0.001927 0.600000 0.002119
0.316667 0.475610 0.002081 0.000922 0.600000 0.002276
0.443333 0.475610 0.002394 -0.000668 0.600000 0.002485
0.570000 0.475610 0.000925 -0.000066 0.300000 0.000927
0.696667 0.475610 0.000195 0.000188 0.300000 0.000271
0.823333 0.475610 -0.000588 0.000288 0.300000 0.000655
0.950000 0.475610 -0.001084 0.000240 0.300000 0.001110
1.076667 0.475610 -0.001321 0.000110 0.300000 0.001325
1.203333 0.475610 -0.001387 -0.000044 0.300000 0.001388
1.330000 0.475610 -0.001357 -0.000234 0.300000 0.001377
1.456667 0.475610 -0.001257 -0.000496 0.300000 0.001352
1.583333 0.475610 -0.001074 -0.000796 0.300000 0.001337
1.710000 0.475610 -0.000599 -0.000806 0.300000 0.001005
1.836667 0.475610 -0.000834 -0.000451 0.600000 0.000948
1.963333 0.475610 -0.001555 -0.000445 0.600000 0.001617
2.090000 0.475610 -0.001139 -0.001042 0.300000 0.001544
2.216667 0.475610 -0.001177 -0.000896 0.300000 0.001479
2.343333 0.475610 -0.000947 -0.000748 0.300000 0.001207
2.470000 0.475610 -0.000791 -0.000589 0.300000 0.000986
2.596667 0.475610 -0.000674 -0.000504 0.300000 0.000842
2.723333 0.475610 -0.000625 -0.000456 0.300000 0.000774
2.850000 0.475610 -0.000676 -0.000409 0.300000 0.000790
2.976667 0.475610 -0.000833 -0.000384 0.300000 0.000917
3.103333 0.475610 -0.001072 -0.000436 0.300000 0.001157
3.230000 0.475610 -0.000995 -0.000062 0.300000 0.000997
3.356667 0.475610 -0.001472 0.001001 0.600000 0.001780
3.483333 0.475610 -0.001234 0.001575 0.600000 0.002001
3.610000 0.475610 -0.000547 0.002227 0.600000 0.002293
3.736667 0.475610 0.000000 0.000000 0.000000 0.000000
0.063333 0.490244 0.000000 0.000000 0.000000 0.000000
0.190000 0.490244 0.000886 0.001683 0.600000 0.001902
0.316667 0.490244 0.002172 0.000831 0.600000 0.002325
0.443333 0.490244 0.002663 -0.000550 0.600000 0.002719
0.570000 0.490244 0.001116 -0.000137 0.300000 0.001124
0.696667 0.490244 0.000344 0.000063 0.300000 0.000350
0.823333 0.490244 -0.000514 0.000169 0.300000 0.000541
0.950000 0.490244 -0.001042 0.000153 0.300000 0.001053
1.076667 0.490244 -0.001290 0.000063 0.300000 0.001292
1.203333 0.490244 -0.001358 -0.000049 0.300000 0.001359
1.330000 0.490244 -0.001331 -0.000193 0.300000 0.001345
1.456667 0.490244 -0.001243 -0.000402 0.300000 0.001307
1.583333 0.490244 -0.001098 -0.000657 0.300000 0.001279
1.710000 0.490244 -0.000666 -0.000678 0.300000 0.000950
1.836667 0.490244 -0.000903 -0.000324 0.600000 0.000960
1.963333 0.490244 -0.001465 -0.000329 0.600000 0.001502
2.090000 0.490244 -0.001076 -0.000857 0.300000 0.001376
2.216667 0.490244 -0.001153 -0.000727 0.300000 0.001363
2.343333 0.490244 -0.000951 -0.000590 0.300000 0.001120
2.470000 0.490244 -0.000801 -0.000457 0.300000 0.000922
2.596667 0.490244 -0.000687 -0.000390 0.300000 0.000789
2.723333 0.490244 -0.000637 -0.000359 0.300000 0.000732
2.850000 0.490244 -0.000693 -0.000334 0.300000 0.000770
2.976667 0.490244 -0.000874 -0.000331 0.300000 0.000935
3.103333 0.490244 -0.001166 -0.000393 0.300000 0.001231
3.230000 0.490244 -0.001120 -0.000073 0.300000 0.001123
3.356667 0.490244 -0.001674 0.000876 0.600000 0.001889
3.483333 0.490244 -0.001321 0.001407 0.600000 0.001930
3.610000 0.490244 -0.000553 0.001941 0.600000 0.002018
3.736667 0.490244 0.000000 0.000000 0.000000 0.000000
0.063333 0.504878 0.000000 0.000000 0.000000 0.000000
0.190000 0.504878 0.000897 0.001438 0.600000 0.001695
0.316667 0.504878 0.002257 0.000726 0.600000 0.002371
0.443333 0.504878 0.002882 -0.000445 0.600000 0.002917
0.570000 0.504878 0.001283 -0.000167 0.300000 0.001294
0.696667 0.504878 0.000487 -0.000018 0.300000 0.000487
0.823333 0.504878 -0.000440 0.000084 0.300000 0.000447
0.950000 0.504878 -0.000999 0.000089 0.300000 0.001003
1.076667 0.504878 -0.001258 0.000028 0.300000 0.001259
1.203333 0.504878 -0.001328 -0.000050 0.300000 0.001329
1.330000 0.504878 -0.001306 -0.000157 0.300000 0.001316
1.456667 0.504878 -0.001234 -0.000322 0.300000 0.001275
1.583333 0.504878 -0.001127 -0.000534 0.300000 0.001247
1.710000 0.504878 -0.000724 -0.000555 0.300000 0.000913
1.836667 0.504878 -0.000957 -0.000227 0.600000 0.000983
1.963333 0.504878 -0.001407 -0.000235 0.600000 0.001426
2.090000 0.504878 -0.001025 -0.000689 0.300000 0.001235
2.216667 0.504878 -0.001127 -0.000581 0.300000 0.001268
2.343333 0.504878 -0.000955 -0.000459 0.300000 0.001060
2.470000 0.504878 -0.000813 -0.000348 0.300000 0.000884
2.596667 0.504878 -0.000701 -0.000296 0.300000 0.000761
2.723333 0.504878 -0.000652 -0.000278 0.300000 0.000708
2.850000 0.504878 -0.000713 -0.000268 0.300000 0.000762
2.976667 0.504878 -0.000917 -0.000279 0.300000 0.000959
3.103333 0.504878 -0.001259 -0.000346 0.300000 0.001305
3.230000 0.504878 -0.001229 -0.000073 0.300000 0.001232
3.356667 0.504878 -0.001841 0.000742 0.600000 0.001985
3.483333 0.504878 -0.001405 0.001223 0.600000 0.001863
3.610000 0.504878 -0.000564 0.001653 0.600000 0.001747
3.736667 0.504878 0.000000 0.000000 0.000000 0.000000
0.063333 0.519512 0.000000 0.000000 0.000000 0.000000
0.190000 0.519512 0.000915 0.001190 0.600000 0.001501
0.316667 0.519512 0.002342 0.000611 0.600000 0.002420
0.443333 0.519512 0.003069 -0.000351 0.600000 0.003089
0.570000 0.519512 0.001431 -0.000167 0.300000 0.001441
0.696667 0.519512 0.000622 -0.000065 0.300000 0.000626
0.823333 0.519512 -0.000365 0.000027 0.300000 0.000366
0.950000 0.519512 -0.000955 0.000044 0.300000 0.000956
1.076667 0.519512 -0.001226 0.000005 0.300000 0.001226
1.203333 0.519512 -0.001300 -0.000049 0.300000 0.001300
1.330000 0.519512 -0.001284 -0.000126 0.300000 0.001290
1.456667 0.519512 -0.001228 -0.000253 0.300000 0.001254
1.583333 0.519512 -0.001160 -0.000423 0.300000 0.001235
1.710000 0.519512 -0.000778 -0.000440 0.300000 0.000894
1.836667 0.519512 -0.001005 -0.000153 0.600000 0.001017
1.963333 0.519512 -0.001373 -0.000161 0.600000 0.001382
2.090000 0.519512 -0.000984 -0.000537 0.300000 0.001121
2.216667 0.519512 -0.001104 -0.000453 0.300000 0.001194
2.343333 0.519512 -0.000962 -0.000348 0.300000 0.001023
2.470000 0.519512 -0.000828 -0.000258 0.300000 0.000868
2.596667 0.519512 -0.000718 -0.000219 0.300000 0.000750
2.723333 0.519512 -0.000668 -0.000209 0.300000 0.000700
2.850000 0.519512 -0.000735 -0.000209 0.300000 0.000764
2.976667 0.519512 -0.000960 -0.000229 0.300000 0.000987
3.103333 0.519512 -0.001348 -0.000293 0.300000 0.001379
3.230000 0.519512 -0.001327 -0.000066 0.300000 0.001328
3.356667 0.519512 -0.001984 0.000605 0.600000 0.002075
3.483333 0.519512 -0.001489 0.001024 0.600000 0.001807
3.610000 0.519512 -0.000580 0.001362 0.600000 0.001481
3.736667 0.519512 0.000000 0.000000 0.000000 0.000000
0.063333 0.534146 0.000000 0.000000 0.000000 0.000000
0.190000 0.534146 0.000938 0.000937 0.600000 0.001326
0.316667 0.534146 0.002426 0.000487 0.600000 0.002475
0.443333 0.534146 0.003233 -0.000265 0.600000 0.003244
0.570000 0.534146 0.001563 -0.000147 0.300000 0.001569
0.696667 0.534146 0.000748 -0.000083 0.300000 0.000753
0.823333 0.534146 -0.000295 -0.000006 0.300000 0.000295
0.950000 0.534146 -0.000913 0.000015 0.300000 0.000913
1.076667 0.534146 -0.001194 -0.000010 0.300000 0.001194
1.203333 0.534146 -0.001271 -0.000044 0.300000 0.001272
1.330000 0.534146 -0.001262 -0.000097 0.300000 0.001266
1.456667 0.534146 -0.001224 -0.000190 0.300000 0.001239
1.583333 0.534146 -0.001194 -0.000322 0.300000 0.001237
1.710000 0.534146 -0.000827 -0.000334 0.300000 0.000891
1.836667 0.534146 -0.001050 -0.000096 0.600000 0.001054
1.963333 0.534146 -0.001351 -0.000102 0.600000 0.001355
2.090000 0.534146 -0.000949 -0.000400 0.300000 0.001030
2.216667 0.534146 -0.001083 -0.000338 0.300000 0.001135
2.343333 0.534146 -0.000969 -0.000254 0.300000 0.001001
2.470000 0.534146 -0.000844 -0.000184 0.300000 0.000864
2.596667 0.534146 -0.000735 -0.000155 0.300000 0.000751
2.723333 0.534146 -0.000685 -0.000150 0.300000 0.000701
2.850000 0.534146 -0.000756 -0.000156 0.300000 0.000772
2.976667 0.534146 -0.001002 -0.000178 0.300000 0.001017
3.103333 0.534146 -0.001431 -0.000236 0.300000 0.001451
3.230000 0.534146 -0.001414 -0.000055 0.300000 0.001415
3.356667 0.534146 -0.002112 0.000468 0.600000 0.002164
3.483333 0.534146 -0.001572 0.000814 0.600000 0.001770
3.610000 0.534146 -0.000599 0.001068 0.600000 0.001225
3.736667 0.534146 0.000000 0.000000 0.000000 0.000000
0.063333 0.548780 0.000000 0.000000 0.000000 0.000000
0.190000 0.548780 0.000966 0.000679 0.600000 0.001181
0.316667 0.548780 0.002517 0.000357 0.600000 0.002542
0.443333 0.548780 0.003387 -0.000184 0.600000 0.003392
0.570000 0.548780 0.001684 -0.000114 0.300000 0.001687
0.696667 0.548780 0.000867 -0.000078 0.300000 0.000870
0.823333 0.548780 -0.000228 -0.000021 0.300000 0.000229
0.950000 0.548780 -0.000871 -0.000002 0.300000 0.000871
1.076667 0.548780 -0.001162 -0.000016 0.300000 0.001162
1.203333 0.548780 -0.001244 -0.000036 0.300000 0.001244
1.330000 0.548780 -0.001242 -0.000069 0.300000 0.001244
1.456667 0.548780 -0.001223 -0.000133 0.300000 0.001230
1.583333 0.548780 -0.001231 -0.000226 0.300000 0.001252
1.710000 0.548780 -0.000877 -0.000234 0.300000 0.000907
1.836667 0.548780 -0.001103 -0.000053 0.600000 0.001104
1.963333 0.548780 -0.001345 -0.000057 0.600000 0.001346
2.090000 0.548780 -0.000923 -0.000276 0.300000 0.000963
2.216667 0.548780 -0.001070 -0.000234 0.300000 0.001096
2.343333 0.548780 -0.000982 -0.000171 0.300000 0.000997
2.470000 0.548780 -0.000867 -0.000121 0.300000 0.000875
2.596667 0.548780 -0.000757 -0.000101 0.300000 0.000764
2.723333 0.548780 -0.000704 -0.000100 0.300000 0.000711
2.850000 0.548780 -0.000778 -0.000107 0.300000 0.000785
2.976667 0.548780 -0.001041 -0.000128 0.300000 0.001049
3.103333 0.548780 -0.001510 -0.000175 0.300000 0.001520
3.230000 0.548780 -0.001496 -0.000043 0.300000 0.001497
3.356667 0.548780 -0.002233 0.000333 0.600000 0.002258
3.483333 0.548780 -0.001655 0.000593 0.600000 0.001758
3.610000 0.548780 -0.000621 0.000769 0.600000 0.000989
3.736667 0.548780 0.000000 0.000000 0.000000 0.000000
0.063333 0.563415 0.000000 0.000000 0.000000 0.000000
0.190000 0.563415 0.000998 0.000414 0.600000 0.001081
0.316667 0.563415 0.002614 0.000220 0.600000 0.002623
0.443333 0.563415 0.003534 -0.000109 0.600000 0.003536
0.570000 0.563415 0.001794 -0.000072 0.300000 0.001796
0.696667 0.563415 0.000975 -0.000057 0.300000 0.000976
0.823333 0.563415 -0.000166 -0.000021 0.300000 0.000168
0.950000 0.563415 -0.000833 -0.000007 0.300000 0.000833
1.076667 0.563415 -0.001132 -0.000014 0.300000 0.001132
1.203333 0.563415 -0.001217 -0.000025 0.300000 0.001217
1.330000 0.563415 -0.001222 -0.000042 0.300000 0.001222
1.456667 0.563415 -0.001222 -0.000079 0.300000 0.001224
1.583333 0.563415 -0.001266 -0.000135 0.300000 0.001273
1.710000 0.563415 -0.000926 -0.000139 0.300000 0.000937
1.836667 0.563415 -0.001159 -0.000022 0.600000 0.001159
1.963333 0.563415 -0.001340 -0.000024 0.600000 0.001340
2.090000 0.563415 -0.000898 -0.000161 0.300000 0.000913
2.216667 0.563415 -0.001059 -0.000138 0.300000 0.001068
2.343333 0.563415 -0.000997 -0.000098 0.300000 0.001002
2.470000 0.563415 -0.000889 -0.000068 0.300000 0.000892
2.596667 0.563415 -0.000778 -0.000056 0.300000 0.000780
2.723333 0.563415 -0.000722 -0.000056 0.300000 0.000724
2.850000 0.563415 -0.000797 -0.000062 0.300000 0.000799
2.976667 0.563415 -0.001076 -0.000077 0.300000 0.001078
3.103333 0.563415 -0.001582 -0.000109 0.300000 0.001585
3.230000 0.563415 -0.001573 -0.000028 0.300000 0.001573
3.356667 0.563415 -0.002352 0.000199 0.600000 0.002361
3.483333 0.563415 -0.001741 0.000363 0.600000 0.001778
3.610000 0.563415 -0.000646 0.000466 0.600000 0.000796
3.736667 0.563415 0.000000 0.000000 0.000000 0.000000
0.063333 0.578049 0.000000 0.000000 0.000000 0.000000
0.190000 0.578049 0.001042 0.000140 0.600000 0.001051
0.316667 0.578049 0.002744 0.000075 0.600000 0.002745
0.443333 0.578049 0.003719 -0.000036 0.600000 0.003719
0.570000 0.578049 0.001919 -0.000025 0.300000 0.001919
0.696667 0.578049 0.001090 -0.000021 0.300000 0.001091
0.823333 0.578049 -0.000104 -0.000009 0.300000 0.000104
0.950000 0.578049 -0.000793 -0.000004 0.300000 0.000793
1.076667 0.578049 -0.001098 -0.000006 0.300000 0.001098
1.203333 0.578049 -0.001184 -0.000009 0.300000 0.001184
1.330000 0.578049 -0.001194 -0.000014 0.300000 0.001194
1.456667 0.578049 -0.001214 -0.000026 0.300000 0.001215
1.583333 0.578049 -0.001303 -0.000045 0.300000 0.001304
1.710000 0.578049 -0.000988 -0.000046 0.300000 0.000989
1.836667 0.578049 -0.001235 -0.000005 0.600000 0.001235
1.963333 0.578049 -0.001325 -0.000006 0.600000 0.001325
2.090000 0.578049 -0.000862 -0.000053 0.300000 0.000864
2.216667 0.578049 -0.001045 -0.000046 0.300000 0.001046
2.343333 0.578049 -0.001015 -0.000032 0.300000 0.001015
2.470000 0.578049 -0.000915 -0.000022 0.300000 0.000916
2.596667 0.578049 -0.000801 -0.000018 0.300000 0.000801
2.723333 0.578049 -0.000738 -0.000018 0.300000 0.000739
2.850000 0.578049 -0.000813 -0.000020 0.300000 0.000814
2.976667 0.578049 -0.001108 -0.000026 0.300000 0.001109
3.103333 0.578049 -0.001659 -0.000037 0.300000 0.001659
3.230000 0.578049 -0.001665 -0.000010 0.300000 0.001665
3.356667 0.578049 -0.002506 0.000066 0.600000 0.002507
3.483333 0.578049 -0.001849 0.000123 0.600000 0.001853
3.610000 0.578049 -0.000678 0.000156 0.600000 0.000695
3.736667 0.578049 0.000000 0.000000 0.000000 0.000000
0.063333 0.592683 0.000000 0.000000 0.000000 0.000000
0.190000 0.592683 0.000000 0.000000 0.000000 0.000000
0.316667 0.592683 0.000000 0.000000 0.000000 0.000000
0.443333 0.592683 0.000000 0.000000 0.000000 0.000000
0.570000 0.592683 0.000000 0.000000 0.000000 0.000000
0.696667 0.592683 0.000000 0.000000 0.000000 0.000000
0.823333 0.592683 0.000000 0.000000 0.000000 0.000000
0.950000 0.592683 0.000000 0.000000 0.000000 0.000000
1.076667 0.592683 0.000000 0.000000 0.000000 0.000000
1.203333 0.592683 0.000000 0.000000 0.000000 0.000000
1.330000 0.592683 0.000000 0.000000 0.000000 0.000000
1.456667 0.592683 0.000000 0.000000 0.000000 0.000000
1.583333 0.592683 0.000000 0.000000 0.000000 0.000000
1.710000 0.592683 0.000000 0.000000 0.000000 0.000000
1.836667 0.592683 0.000000 0.000000 0.000000 0.000000
1.963333 0.592683 0.000000 0.000000 0.000000 0.000000
2.090000 0.592683 0.000000 0.000000 0.000000 0.000000
2.216667 0.592683 0.000000 0.000000 0.000000 0.000000
2.343333 0.592683 0.000000 0.000000 0.000000 0.000000
2.470000 0.592683 0.000000 0.000000 0.000000 0.000000
2.596667 0.592683 0.000000 0.000000 0.000000 0.000000
2.723333 0.592683 0.000000 0.000000 0.000000 0.000000
2.850000 0.592683 0.000000 0.000000 0.000000 0.000000
2.976667 0.592683 0.000000 0.000000 0.000000 0.000000
3.103333 0.592683 0.000000 0.000000 0.000000 0.000000
3.230000 0.592683 0.000000 0.000000 0.000000 0.000000
3.356667 0.592683 0.000000 0.000000 0.000000 0.000000
3.483333 0.592683 0.000000 0.000000 0.000000 0.000000
3.610000 0.592683 0.000000 0.000000 0.000000 0.000000
3.736667 0.592683 0.000000 0.000000 0.000000 0.000000
