TITLE="(Vx,Vy)"
VARIABLES=X,Y,Vx,Vy,Vm,V
ZONE T="T-Dummy" I=30, J=41, F=POINT
0.063333 0.007317 0.000000 0.000000 0.000000 0.000000
0.190000 0.007317 0.000000 0.000000 0.000000 0.000000
0.316667 0.007317 0.000000 0.000000 0.000000 0.000000
0.443333 0.007317 0.000000 0.000000 0.000000 0.000000
0.570000 0.007317 0.000000 0.000000 0.000000 0.000000
0.696667 0.007317 0.000000 0.000000 0.000000 0.000000
0.823333 0.007317 0.000000 0.000000 0.000000 0.000000
0.950000 0.007317 0.000000 0.000000 0.000000 0.000000
1.076667 0.007317 0.000000 0.000000 0.000000 0.000000
1.203333 0.007317 0.000000 0.000000 0.000000 0.000000
1.330000 0.007317 0.000000 0.000000 0.000000 0.000000
1.456667 0.007317 0.000000 0.000000 0.000000 0.000000
1.583333 0.007317 0.000000 0.000000 0.000000 0.000000
1.710000 0.007317 0.000000 0.000000 0.000000 0.000000
1.836667 0.007317 0.000000 0.000000 0.000000 0.000000
1.963333 0.007317 0.000000 0.000000 0.000000 0.000000
2.090000 0.007317 0.000000 0.000000 0.000000 0.000000
2.216667 0.007317 0.000000 0.000000 0.000000 0.000000
2.343333 0.007317 0.000000 0.000000 0.000000 0.000000
2.470000 0.007317 0.000000 0.000000 0.000000 0.000000
2.596667 0.007317 0.000000 0.000000 0.000000 0.000000
2.723333 0.007317 0.000000 0.000000 0.000000 0.000000
2.850000 0.007317 0.000000 0.000000 0.000000 0.000000
2.976667 0.007317 0.000000 0.000000 0.000000 0.000000
3.103333 0.007317 0.000000 0.000000 0.000000 0.000000
3.230000 0.007317 0.000000 0.000000 0.000000 0.000000
3.356667 0.007317 0.000000 0.000000 0.000000 0.000000
3.483333 0.007317 0.000000 0.000000 0.000000 0.000000
3.610000 0.007317 0.000000 0.000000 0.000000 0.000000
3.736667 0.007317 0.000000 0.000000 0.000000 0.000000
0.063333 0.021951 0.000000 0.000000 0.000000 0.000000
0.190000 0.021951 -0.002004 0.000125 0.900000 0.002008
0.316667 0.021951 -0.005469 0.000061 0.900000 0.005470
0.443333 0.021951 -0.007900 0.000014 0.900000 0.007900
0.570000 0.021951 -0.009573 0.000002 0.900000 0.009573
0.696667 0.021951 -0.010617 -0.000019 0.900000 0.010617
0.823333 0.021951 -0.010997 -0.000000 0.900000 0.010997
0.950000 0.021951 -0.010728 0.000003 0.900000 0.010728
1.076667 0.021951 -0.009753 -0.000002 0.900000 0.009753
1.203333 0.021951 -0.008310 0.000003 0.900000 0.008310
1.330000 0.021951 -0.006902 0.000017 0.900000 0.006902
1.456667 0.021951 -0.005779 0.000029 0.900000 0.005779
1.583333 0.021951 -0.004969 0.000033 0.900000 0.004969
1.710000 0.021951 -0.004563 0.000035 0.900000 0.004563
1.836667 0.021951 -0.004673 0.000046 0.900000 0.004673
1.963333 0.021951 -0.005100 0.000052 0.900000 0.005100
2.090000 0.021951 -0.005338 0.000052 0.900000 0.005339
2.216667 0.021951 -0.005146 0.000055 0.900000 0.005146
2.343333 0.021951 -0.004621 0.000056 0.900000 0.004621
2.470000 0.021951 -0.003885 0.000049 0.900000 0.003885
2.596667 0.021951 -0.002994 0.000044 0.900000 0.002994
2.723333 0.021951 -0.002104 0.000037 0.900000 0.002104
2.850000 0.021951 -0.001509 0.000033 0.900000 0.001509
2.976667 0.021951 -0.001295 0.000022 0.900000 0.001295
3.103333 0.021951 -0.001554 0.000041 0.900000 0.001554
3.230000 0.021951 -0.002120 0.000020 0.900000 0.002120
3.356667 0.021951 -0.002240 -0.000070 0.900000 0.002241
3.483333 0.021951 -0.001696 -0.000110 0.900000 0.001700
3.610000 0.021951 -0.000657 -0.000138 0.900000 0.000671
3.736667 0.021951 0.000000 0.000000 0.000000 0.000000
0.063333 0.036585 0.000000 0.000000 0.000000 0.000000
0.190000 0.036585 -0.001999 0.000374 0.900000 0.002033
0.316667 0.036585 -0.005434 0.000180 0.900000 0.005437
0.443333 0.036585 -0.007737 0.000030 0.900000 0.007737
0.570000 0.036585 -0.008440 -0.000096 0.900000 0.008441
0.696667 0.036585 -0.008998 -0.000061 0.900000 0.008998
0.823333 0.036585 -0.010188 0.000010 0.900000 0.010188
0.950000 0.036585 -0.010517 -0.000007 0.900000 0.010517
1.076667 0.036585 -0.009833 -0.000024 0.900000 0.009833
1.203333 0.036585 -0.008627 -0.000010 0.900000 0.008627
1.330000 0.036585 -0.007441 0.000032 0.900000 0.007441
1.456667 0.036585 -0.006497 0.000066 0.900000 0.006497
1.583333 0.036585 -0.005747 0.000073 0.900000 0.005747
1.710000 0.036585 -0.005173 0.000068 0.900000 0.005173
1.836667 0.036585 -0.004830 0.000090 0.900000 0.004831
1.963333 0.036585 -0.004661 0.000109 0.900000 0.004662
2.090000 0.036585 -0.004441 0.000120 0.900000 0.004443
2.216667 0.036585 -0.004073 0.000139 0.900000 0.004076
2.343333 0.036585 -0.003604 0.000149 0.900000 0.003607
2.470000 0.036585 -0.003051 0.000133 0.900000 0.003054
2.596667 0.036585 -0.002393 0.000118 0.900000 0.002396
2.723333 0.036585 -0.001772 0.000102 0.900000 0.001775
2.850000 0.036585 -0.001545 0.000096 0.900000 0.001548
2.976667 0.036585 -0.002092 0.000095 0.900000 0.002095
3.103333 0.036585 -0.003264 0.000119 0.900000 0.003266
3.230000 0.036585 -0.003249 -0.000058 0.900000 0.003250
3.356667 0.036585 -0.002351 -0.000220 0.900000 0.002361
3.483333 0.036585 -0.001727 -0.000332 0.900000 0.001759
3.610000 0.036585 -0.000664 -0.000414 0.900000 0.000783
3.736667 0.036585 0.000000 0.000000 0.000000 0.000000
0.063333 0.051220 0.000000 0.000000 0.000000 0.000000
0.190000 0.051220 -0.002007 0.000624 0.900000 0.002102
0.316667 0.051220 -0.005432 0.000295 0.900000 0.005440
0.443333 0.051220 -0.007682 0.000033 0.900000 0.007682
0.570000 0.051220 -0.008603 -0.000263 0.900000 0.008607
0.696667 0.051220 -0.009330 -0.000105 0.900000 0.009331
0.823333 0.051220 -0.010329 0.000019 0.900000 0.010329
0.950000 0.051220 -0.010532 -0.000036 0.900000 0.010532
1.076667 0.051220 -0.009818 -0.000068 0.900000 0.009818
1.203333 0.051220 -0.008600 -0.000044 0.900000 0.008600
1.330000 0.051220 -0.007409 0.000029 0.900000 0.007409
1.456667 0.051220 -0.006466 0.000083 0.900000 0.006467
1.583333 0.051220 -0.005719 0.000087 0.900000 0.005720
1.710000 0.051220 -0.005143 0.000064 0.900000 0.005144
1.836667 0.051220 -0.004797 0.000084 0.900000 0.004797
1.963333 0.051220 -0.004625 0.000115 0.900000 0.004626
2.090000 0.051220 -0.004402 0.000150 0.900000 0.004405
2.216667 0.051220 -0.004034 0.000197 0.900000 0.004038
2.343333 0.051220 -0.003568 0.000224 0.900000 0.003575
2.470000 0.051220 -0.003020 0.000202 0.900000 0.003027
2.596667 0.051220 -0.002363 0.000179 0.900000 0.002370
2.723333 0.051220 -0.001737 0.000156 0.900000 0.001744
2.850000 0.051220 -0.001488 0.000154 0.900000 0.001496
2.976667 0.051220 -0.001931 0.000187 0.900000 0.001940
3.103333 0.051220 -0.002895 0.000181 0.900000 0.002900
3.230000 0.051220 -0.003032 -0.000229 0.900000 0.003041
3.356667 0.051220 -0.002390 -0.000382 0.900000 0.002421
3.483333 0.051220 -0.001743 -0.000558 0.900000 0.001830
3.610000 0.051220 -0.000668 -0.000692 0.900000 0.000962
3.736667 0.051220 0.000000 0.000000 0.000000 0.000000
0.063333 0.065854 0.000000 0.000000 0.000000 0.000000
0.190000 0.065854 -0.002027 0.000879 0.900000 0.002210
0.316667 0.065854 -0.005458 0.000408 0.900000 0.005474
0.443333 0.065854 -0.007676 0.000030 0.900000 0.007676
0.570000 0.065854 -0.008768 -0.000375 0.900000 0.008776
0.696667 0.065854 -0.009619 -0.000148 0.900000 0.009620
0.823333 0.065854 -0.010464 0.000009 0.900000 0.010464
0.950000 0.065854 -0.010552 -0.000069 0.900000 0.010552
1.076667 0.065854 -0.009803 -0.000115 0.900000 0.009804
1.203333 0.065854 -0.008569 -0.000079 0.900000 0.008569
1.330000 0.065854 -0.007372 0.000024 0.900000 0.007372
1.456667 0.065854 -0.006433 0.000100 0.900000 0.006434
1.583333 0.065854 -0.005692 0.000101 0.900000 0.005693
1.710000 0.065854 -0.005117 0.000057 0.900000 0.005117
1.836667 0.065854 -0.004764 0.000076 0.900000 0.004765
1.963333 0.065854 -0.004586 0.000119 0.900000 0.004588
2.090000 0.065854 -0.004360 0.000177 0.900000 0.004364
2.216667 0.065854 -0.003993 0.000253 0.900000 0.004001
2.343333 0.065854 -0.003534 0.000299 0.900000 0.003547
2.470000 0.065854 -0.002992 0.000271 0.900000 0.003005
2.596667 0.065854 -0.002337 0.000239 0.900000 0.002349
2.723333 0.065854 -0.001704 0.000207 0.900000 0.001717
2.850000 0.065854 -0.001429 0.000206 0.900000 0.001444
2.976667 0.065854 -0.001775 0.000258 0.900000 0.001794
3.103333 0.065854 -0.002573 0.000218 0.900000 0.002582
3.230000 0.065854 -0.002827 -0.000355 0.900000 0.002850
3.356667 0.065854 -0.002396 -0.000549 0.900000 0.002458
3.483333 0.065854 -0.001750 -0.000786 0.900000 0.001918
3.610000 0.065854 -0.000670 -0.000971 0.900000 0.001180
3.736667 0.065854 0.000000 0.000000 0.000000 0.000000
0.063333 0.080488 0.000000 0.000000 0.000000 0.000000
0.190000 0.080488 -0.002059 0.001142 0.900000 0.002354
0.316667 0.080488 -0.005510 0.000519 0.900000 0.005534
0.443333 0.080488 -0.007708 0.000027 0.900000 0.007708
0.570000 0.080488 -0.008929 -0.000447 0.900000 0.008940
0.696667 0.080488 -0.009868 -0.000190 0.900000 0.009869
0.823333 0.080488 -0.010585 -0.000016 0.900000 0.010585
0.950000 0.080488 -0.010571 -0.000107 0.900000 0.010571
1.076667 0.080488 -0.009784 -0.000165 0.900000 0.009786
1.203333 0.080488 -0.008530 -0.000118 0.900000 0.008531
1.330000 0.080488 -0.007328 0.000019 0.900000 0.007328
1.456667 0.080488 -0.006396 0.000117 0.900000 0.006397
1.583333 0.080488 -0.005666 0.000114 0.900000 0.005667
1.710000 0.080488 -0.005093 0.000046 0.900000 0.005093
1.836667 0.080488 -0.004731 0.000064 0.900000 0.004732
1.963333 0.080488 -0.004543 0.000119 0.900000 0.004544
2.090000 0.080488 -0.004311 0.000201 0.900000 0.004316
2.216667 0.080488 -0.003947 0.000308 0.900000 0.003959
2.343333 0.080488 -0.003498 0.000373 0.900000 0.003518
2.470000 0.080488 -0.002966 0.000338 0.900000 0.002985
2.596667 0.080488 -0.002313 0.000297 0.900000 0.002332
2.723333 0.080488 -0.001673 0.000256 0.900000 0.001692
2.850000 0.080488 -0.001371 0.000252 0.900000 0.001394
2.976667 0.080488 -0.001631 0.000312 0.900000 0.001660
3.103333 0.080488 -0.002295 0.000236 0.900000 0.002307
3.230000 0.080488 -0.002637 -0.000450 0.900000 0.002675
3.356667 0.080488 -0.002377 -0.000717 0.900000 0.002483
3.483333 0.080488 -0.001750 -0.001015 0.900000 0.002023
3.610000 0.080488 -0.000670 -0.001251 0.900000 0.001419
3.736667 0.080488 0.000000 0.000000 0.000000 0.000000
0.063333 0.095122 0.000000 0.000000 0.000000 0.000000
0.190000 0.095122 -0.002103 0.001415 0.900000 0.002535
0.316667 0.095122 -0.005589 0.000629 0.900000 0.005624
0.443333 0.095122 -0.007774 0.000025 0.900000 0.007774
0.570000 0.095122 -0.009090 -0.000488 0.900000 0.009103
0.696667 0.095122 -0.010087 -0.000230 0.900000 0.010090
0.823333 0.095122 -0.010699 -0.000055 0.900000 0.010700
0.950000 0.095122 -0.010592 -0.000151 0.900000 0.010593
1.076667 0.095122 -0.009765 -0.000220 0.900000 0.009767
1.203333 0.095122 -0.008488 -0.000160 0.900000 0.008489
1.330000 0.095122 -0.007280 0.000012 0.900000 0.007280
1.456667 0.095122 -0.006357 0.000134 0.900000 0.006359
1.583333 0.095122 -0.005643 0.000126 0.900000 0.005644
1.710000 0.095122 -0.005074 0.000032 0.900000 0.005074
1.836667 0.095122 -0.004700 0.000045 0.900000 0.004700
1.963333 0.095122 -0.004495 0.000113 0.900000 0.004497
2.090000 0.095122 -0.004255 0.000221 0.900000 0.004261
2.216667 0.095122 -0.003895 0.000360 0.900000 0.003912
2.343333 0.095122 -0.003461 0.000446 0.900000 0.003490
2.470000 0.095122 -0.002941 0.000405 0.900000 0.002969
2.596667 0.095122 -0.002290 0.000354 0.900000 0.002317
2.723333 0.095122 -0.001643 0.000301 0.900000 0.001670
2.850000 0.095122 -0.001315 0.000291 0.900000 0.001347
2.976667 0.095122 -0.001498 0.000348 0.900000 0.001538
3.103333 0.095122 -0.002054 0.000239 0.900000 0.002068
3.230000 0.095122 -0.002457 -0.000522 0.900000 0.002512
3.356667 0.095122 -0.002338 -0.000883 0.900000 0.002499
3.483333 0.095122 -0.001742 -0.001246 0.900000 0.002142
3.610000 0.095122 -0.000668 -0.001532 0.900000 0.001671
3.736667 0.095122 0.000000 0.000000 0.000000 0.000000
0.063333 0.109756 0.000000 0.000000 0.000000 0.000000
0.190000 0.109756 -0.002160 0.001703 0.900000 0.002750
0.316667 0.109756 -0.005693 0.000738 0.900000 0.005740
0.443333 0.109756 -0.007867 0.000025 0.900000 0.007867
0.570000 0.109756 -0.009248 -0.000508 0.900000 0.009262
0.696667 0.109756 -0.010280 -0.000268 0.900000 0.010284
0.823333 0.109756 -0.010801 -0.000106 0.900000 0.010801
0.950000 0.109756 -0.010609 -0.000203 0.900000 0.010611
1.076667 0.109756 -0.009739 -0.000282 0.900000 0.009743
1.203333 0.109756 -0.008437 -0.000208 0.900000 0.008440
1.330000 0.109756 -0.007223 0.000003 0.900000 0.007223
1.456667 0.109756 -0.006314 0.000151 0.900000 0.006316
1.583333 0.109756 -0.005621 0.000138 0.900000 0.005623
1.710000 0.109756 -0.005059 0.000011 0.900000 0.005059
1.836667 0.109756 -0.004669 0.000019 0.900000 0.004669
1.963333 0.109756 -0.004442 0.000101 0.900000 0.004443
2.090000 0.109756 -0.004191 0.000236 0.900000 0.004198
2.216667 0.109756 -0.003837 0.000408 0.900000 0.003859
2.343333 0.109756 -0.003421 0.000519 0.900000 0.003460
2.470000 0.109756 -0.002917 0.000471 0.900000 0.002954
2.596667 0.109756 -0.002270 0.000408 0.900000 0.002306
2.723333 0.109756 -0.001617 0.000342 0.900000 0.001652
2.850000 0.109756 -0.001263 0.000323 0.900000 0.001304
2.976667 0.109756 -0.001379 0.000368 0.900000 0.001428
3.103333 0.109756 -0.001845 0.000227 0.900000 0.001859
3.230000 0.109756 -0.002287 -0.000581 0.900000 0.002359
3.356667 0.109756 -0.002283 -0.001046 0.900000 0.002511
3.483333 0.109756 -0.001727 -0.001477 0.900000 0.002273
3.610000 0.109756 -0.000664 -0.001813 0.900000 0.001931
3.736667 0.109756 0.000000 0.000000 0.000000 0.000000
0.063333 0.124390 0.000000 0.000000 0.000000 0.000000
0.190000 0.124390 -0.002230 0.002007 0.900000 0.003000
0.316667 0.124390 -0.005823 0.000847 0.900000 0.005885
0.443333 0.124390 -0.007984 0.000026 0.900000 0.007984
0.570000 0.124390 -0.009406 -0.000511 0.900000 0.009420
0.696667 0.124390 -0.010453 -0.000304 0.900000 0.010458
0.823333 0.124390 -0.010893 -0.000167 0.900000 0.010895
0.950000 0.124390 -0.010624 -0.000262 0.900000 0.010627
1.076667 0.124390 -0.009711 -0.000352 0.900000 0.009717
1.203333 0.124390 -0.008381 -0.000262 0.900000 0.008385
1.330000 0.124390 -0.007160 -0.000007 0.900000 0.007160
1.456667 0.124390 -0.006268 0.000168 0.900000 0.006270
1.583333 0.124390 -0.005602 0.000149 0.900000 0.005604
1.710000 0.124390 -0.005048 -0.000017 0.900000 0.005048
1.836667 0.124390 -0.004638 -0.000016 0.900000 0.004638
1.963333 0.124390 -0.004385 0.000079 0.900000 0.004385
2.090000 0.124390 -0.004120 0.000244 0.900000 0.004127
2.216667 0.124390 -0.003774 0.000452 0.900000 0.003801
2.343333 0.124390 -0.003380 0.000590 0.900000 0.003431
2.470000 0.124390 -0.002894 0.000534 0.900000 0.002943
2.596667 0.124390 -0.002253 0.000459 0.900000 0.002299
2.723333 0.124390 -0.001593 0.000378 0.900000 0.001637
2.850000 0.124390 -0.001217 0.000346 0.900000 0.001265
2.976667 0.124390 -0.001275 0.000373 0.900000 0.001329
3.103333 0.124390 -0.001661 0.000200 0.900000 0.001673
3.230000 0.124390 -0.002123 -0.000631 0.900000 0.002215
3.356667 0.124390 -0.002216 -0.001205 0.900000 0.002522
3.483333 0.124390 -0.001707 -0.001709 0.900000 0.002415
3.610000 0.124390 -0.000659 -0.002094 0.900000 0.002196
3.736667 0.124390 0.000000 0.000000 0.000000 0.000000
0.063333 0.139024 0.000000 0.000000 0.000000 0.000000
0.190000 0.139024 -0.002314 0.002334 0.900000 0.003286
0.316667 0.139024 -0.005980 0.000954 0.900000 0.006056
0.443333 0.139024 -0.008121 0.000028 0.900000 0.008121
0.570000 0.139024 -0.009562 -0.000503 0.900000 0.009575
0.696667 0.139024 -0.010610 -0.000337 0.900000 0.010615
0.823333 0.139024 -0.010976 -0.000237 0.900000 0.010979
0.950000 0.139024 -0.010634 -0.000328 0.900000 0.010639
1.076667 0.139024 -0.009677 -0.000430 0.900000 0.009687
1.203333 0.139024 -0.008315 -0.000323 0.900000 0.008322
1.330000 0.139024 -0.007088 -0.000021 0.900000 0.007088
1.456667 0.139024 -0.006217 0.000185 0.900000 0.006219
1.583333 0.139024 -0.005584 0.000159 0.900000 0.005586
1.710000 0.139024 -0.005042 -0.000053 0.900000 0.005043
1.836667 0.139024 -0.004609 -0.000063 0.900000 0.004609
1.963333 0.139024 -0.004322 0.000047 0.900000 0.004322
2.090000 0.139024 -0.004041 0.000243 0.900000 0.004048
2.216667 0.139024 -0.003704 0.000491 0.900000 0.003736
2.343333 0.139024 -0.003336 0.000660 0.900000 0.003401
2.470000 0.139024 -0.002874 0.000596 0.900000 0.002935
2.596667 0.139024 -0.002238 0.000506 0.900000 0.002295
2.723333 0.139024 -0.001574 0.000408 0.900000 0.001626
2.850000 0.139024 -0.001177 0.000360 0.900000 0.001231
2.976667 0.139024 -0.001186 0.000363 0.900000 0.001241
3.103333 0.139024 -0.001500 0.000157 0.900000 0.001508
3.230000 0.139024 -0.001964 -0.000680 0.900000 0.002078
3.356667 0.139024 -0.002137 -0.001360 0.900000 0.002533
3.483333 0.139024 -0.001682 -0.001940 0.900000 0.002567
3.610000 0.139024 -0.000653 -0.002376 0.900000 0.002464
3.736667 0.139024 0.000000 0.000000 0.000000 0.000000
0.063333 0.153659 0.000000 0.000000 0.000000 0.000000
0.190000 0.153659 -0.002413 0.002685 0.900000 0.003610
0.316667 0.153659 -0.006163 0.001060 0.900000 0.006253
0.443333 0.153659 -0.008274 0.000030 0.899999 0.008274
0.570000 0.153659 -0.009715 -0.000486 0.899999 0.009727
0.696667 0.153659 -0.010751 -0.000367 0.899999 0.010757
0.823333 0.153659 -0.011048 -0.000315 0.900000 0.011052
0.950000 0.153659 -0.010638 -0.000403 0.900000 0.010645
1.076667 0.153659 -0.009636 -0.000518 0.900000 0.009650
1.203333 0.153659 -0.008239 -0.000392 0.900000 0.008249
1.330000 0.153659 -0.007004 -0.000036 0.900000 0.007004
1.456667 0.153659 -0.006159 0.000202 0.900000 0.006162
1.583333 0.153659 -0.005567 0.000167 0.900000 0.005569
1.710000 0.153659 -0.005040 -0.000099 0.900000 0.005041
1.836667 0.153659 -0.004579 -0.000124 0.900000 0.004580
1.963333 0.153659 -0.004252 0.000002 0.900000 0.004252
2.090000 0.153659 -0.003953 0.000233 0.900000 0.003960
2.216667 0.153659 -0.003627 0.000522 0.900000 0.003665
2.343333 0.153659 -0.003291 0.000727 0.900000 0.003370
2.470000 0.153659 -0.002855 0.000654 0.900000 0.002929
2.596667 0.153659 -0.002228 0.000549 0.900000 0.002294
2.723333 0.153659 -0.001559 0.000432 0.900000 0.001618
2.850000 0.153659 -0.001147 0.000363 0.900000 0.001203
2.976667 0.153659 -0.001115 0.000338 0.900000 0.001165
3.103333 0.153659 -0.001357 0.000096 0.900000 0.001361
3.230000 0.153659 -0.001806 -0.000732 0.900000 0.001949
3.356667 0.153659 -0.002049 -0.001510 0.900000 0.002546
3.483333 0.153659 -0.001652 -0.002170 0.899999 0.002728
3.610000 0.153659 -0.000646 -0.002658 0.899998 0.002736
3.736667 0.153659 0.000000 0.000000 0.000000 0.000000
0.063333 0.168293 0.000000 0.000000 0.000000 0.000000
0.190000 0.168293 -0.002527 0.003069 0.900000 0.003975
0.316667 0.168293 -0.006375 0.001163 0.899998 0.006480
0.443333 0.168293 -0.008447 0.000031 0.899920 0.008447
0.570000 0.168293 -0.009867 -0.000463 0.899921 0.009878
0.696667 0.168293 -0.010881 -0.000393 0.899929 0.010888
0.823333 0.168293 -0.011111 -0.000400 0.899962 0.011118
0.950000 0.168293 -0.010638 -0.000485 0.899984 0.010649
1.076667 0.168293 -0.009592 -0.000617 0.899987 0.009612
1.203333 0.168293 -0.008156 -0.000472 0.899996 0.008170
1.330000 0.168293 -0.006913 -0.000055 0.900000 0.006913
1.456667 0.168293 -0.006097 0.000219 0.900000 0.006101
1.583333 0.168293 -0.005554 0.000175 0.900000 0.005557
1.710000 0.168293 -0.005046 -0.000158 0.900000 0.005049
1.836667 0.168293 -0.004552 -0.000201 0.900000 0.004556
1.963333 0.168293 -0.004179 -0.000057 0.900000 0.004179
2.090000 0.168293 -0.003858 0.000210 0.900000 0.003864
2.216667 0.168293 -0.003544 0.000544 0.900000 0.003586
2.343333 0.168293 -0.003243 0.000791 0.900000 0.003338
2.470000 0.168293 -0.002839 0.000710 0.900000 0.002926
2.596667 0.168293 -0.002220 0.000586 0.900000 0.002296
2.723333 0.168293 -0.001549 0.000449 0.900000 0.001613
2.850000 0.168293 -0.001125 0.000355 0.900000 0.001180
2.976667 0.168293 -0.001061 0.000297 0.900000 0.001101
3.103333 0.168293 -0.001231 0.000013 0.900000 0.001231
3.230000 0.168293 -0.001646 -0.000792 0.899998 0.001827
3.356667 0.168293 -0.001952 -0.001655 0.899989 0.002559
3.483333 0.168293 -0.001621 -0.002400 0.899969 0.002896
3.610000 0.168293 -0.000639 -0.002941 0.899930 0.003010
3.736667 0.168293 0.000000 0.000000 0.000000 0.000000
0.063333 0.182927 0.000000 0.000000 0.000000 0.000000
0.190000 0.182927 -0.002801 0.003483 0.899987 0.004470
0.316667 0.182927 -0.007008 0.001264 0.899472 0.007121
0.443333 0.182927 -0.008775 -0.000028 0.894511 0.008775
0.570000 0.182927 -0.009856 -0.000423 0.895586 0.009865
0.696667 0.182927 -0.010833 -0.000398 0.896137 0.010840
0.823333 0.182927 -0.010955 -0.000464 0.897456 0.010965
0.950000 0.182927 -0.010504 -0.000551 0.898574 0.010518
1.076667 0.182927 -0.009473 -0.000719 0.898670 0.009500
1.203333 0.182927 -0.008011 -0.000555 0.899376 0.008030
1.330000 0.182927 -0.006796 -0.000074 0.899968 0.006797
1.456667 0.182927 -0.006037 0.000238 0.900000 0.006041
1.583333 0.182927 -0.005550 0.000182 0.900000 0.005553
1.710000 0.182927 -0.005059 -0.000233 0.899986 0.005065
1.836667 0.182927 -0.004522 -0.000298 0.899996 0.004532
1.963333 0.182927 -0.004096 -0.000135 0.899989 0.004098
2.090000 0.182927 -0.003751 0.000172 0.899992 0.003755
2.216667 0.182927 -0.003451 0.000552 0.900000 0.003495
2.343333 0.182927 -0.003190 0.000851 0.900000 0.003301
2.470000 0.182927 -0.002825 0.000763 0.900000 0.002926
2.596667 0.182927 -0.002218 0.000617 0.900000 0.002302
2.723333 0.182927 -0.001546 0.000459 0.900000 0.001613
2.850000 0.182927 -0.001117 0.000335 0.899998 0.001166
2.976667 0.182927 -0.001028 0.000239 0.899986 0.001056
3.103333 0.182927 -0.001123 -0.000097 0.899977 0.001128
3.230000 0.182927 -0.001493 -0.000866 0.899875 0.001725
3.356667 0.182927 -0.001864 -0.001796 0.899549 0.002589
3.483333 0.182927 -0.001618 -0.002629 0.899138 0.003087
3.610000 0.182927 -0.000654 -0.003229 0.898530 0.003294
3.736667 0.182927 0.000000 0.000000 0.000000 0.000000
0.063333 0.197561 0.000000 0.000000 0.000000 0.000000
0.190000 0.197561 -0.000337 0.003711 0.723050 0.003726
0.316667 0.197561 -0.001851 0.001478 0.724717 0.002369
0.443333 0.197561 -0.003474 0.000039 0.744173 0.003474
0.570000 0.197561 -0.004831 -0.000128 0.765132 0.004832
0.696667 0.197561 -0.006062 -0.000117 0.783634 0.006063
0.823333 0.197561 -0.006441 -0.000225 0.802002 0.006444
0.950000 0.197561 -0.006383 -0.000357 0.818806 0.006393
1.076667 0.197561 -0.006067 -0.000571 0.834232 0.006094
1.203333 0.197561 -0.005656 -0.000420 0.846568 0.005671
1.330000 0.197561 -0.005063 0.000053 0.854708 0.005063
1.456667 0.197561 -0.004234 0.000379 0.861758 0.004251
1.583333 0.197561 -0.003418 0.000353 0.870383 0.003436
1.710000 0.197561 -0.003131 -0.000010 0.881246 0.003131
1.836667 0.197561 -0.003216 -0.000103 0.888639 0.003218
1.963333 0.197561 -0.003125 0.000039 0.893221 0.003125
2.090000 0.197561 -0.003020 0.000368 0.896719 0.003042
2.216667 0.197561 -0.003156 0.000768 0.899179 0.003248
2.343333 0.197561 -0.003195 0.000987 0.899493 0.003344
2.470000 0.197561 -0.002872 0.000822 0.899927 0.002987
2.596667 0.197561 -0.002277 0.000634 0.899991 0.002363
2.723333 0.197561 -0.001644 0.000461 0.899990 0.001707
2.850000 0.197561 -0.001288 0.000303 0.899067 0.001324
2.976667 0.197561 -0.001113 0.000154 0.897454 0.001123
3.103333 0.197561 -0.001100 -0.000230 0.896747 0.001124
3.230000 0.197561 -0.001524 -0.000959 0.893575 0.001801
3.356667 0.197561 -0.001968 -0.001955 0.888584 0.002774
3.483333 0.197561 -0.001816 -0.002867 0.884845 0.003394
3.610000 0.197561 -0.000792 -0.003548 0.880610 0.003636
3.736667 0.197561 0.000000 0.000000 0.000000 0.000000
0.063333 0.212195 0.000000 0.000000 0.000000 0.000000
0.190000 0.212195 0.001380 0.003534 0.618623 0.003794
0.316667 0.212195 0.002528 0.001647 0.604778 0.003017
0.443333 0.212195 0.001783 0.000209 0.600134 0.001796
0.570000 0.212195 0.000468 0.000251 0.600352 0.000531
0.696667 0.212195 -0.000615 0.000237 0.601387 0.000659
0.823333 0.212195 -0.001003 0.000110 0.602226 0.001009
0.950000 0.212195 -0.001123 -0.000060 0.603079 0.001124
1.076667 0.212195 -0.001371 -0.000250 0.602822 0.001394
1.203333 0.212195 -0.001826 -0.000115 0.605115 0.001830
1.330000 0.212195 -0.001829 0.000271 0.611744 0.001849
1.456667 0.212195 -0.001118 0.000591 0.616323 0.001264
1.583333 0.212195 -0.000099 0.000650 0.615428 0.000657
1.710000 0.212195 0.000547 0.000498 0.610371 0.000740
1.836667 0.212195 0.000839 0.000396 0.609999 0.000928
1.963333 0.212195 0.001361 0.000482 0.614273 0.001443
2.090000 0.212195 0.001928 0.000822 0.622839 0.002096
2.216667 0.212195 0.002289 0.001184 0.633528 0.002578
2.343333 0.212195 0.002727 0.001167 0.645134 0.002966
2.470000 0.212195 0.003128 0.000850 0.656050 0.003242
2.596667 0.212195 0.003436 0.000583 0.670077 0.003485
2.723333 0.212195 0.003679 0.000407 0.684504 0.003702
2.850000 0.212195 0.003658 0.000234 0.699636 0.003666
2.976667 0.212195 0.003559 0.000035 0.716286 0.003559
3.103333 0.212195 0.003263 -0.000363 0.732835 0.003283
3.230000 0.212195 0.002363 -0.001040 0.747083 0.002582
3.356667 0.212195 0.001300 -0.002093 0.756911 0.002464
3.483333 0.212195 0.000559 -0.003042 0.764035 0.003093
3.610000 0.212195 0.000122 -0.003784 0.766633 0.003786
3.736667 0.212195 0.000000 0.000000 0.000000 0.000000
0.063333 0.226829 0.000000 0.000000 0.000000 0.000000
0.190000 0.226829 0.000802 0.003223 0.601503 0.003322
0.316667 0.226829 0.001739 0.001613 0.600107 0.002372
0.443333 0.226829 0.001549 0.000278 0.600000 0.001573
0.570000 0.226829 0.000493 0.000458 0.600002 0.000673
0.696667 0.226829 -0.000500 0.000381 0.600016 0.000629
0.823333 0.226829 -0.000839 0.000250 0.600036 0.000875
0.950000 0.226829 -0.000981 0.000103 0.600052 0.000986
1.076667 0.226829 -0.001158 -0.000018 0.600044 0.001158
1.203333 0.226829 -0.001311 0.000123 0.600104 0.001317
1.330000 0.226829 -0.001239 0.000446 0.600354 0.001317
1.456667 0.226829 -0.000876 0.000738 0.600627 0.001145
1.583333 0.226829 -0.000274 0.000821 0.600588 0.000866
1.710000 0.226829 0.000539 0.000749 0.600335 0.000923
1.836667 0.226829 0.001430 0.000636 0.600289 0.001566
1.963333 0.226829 0.002437 0.000680 0.600360 0.002530
2.090000 0.226829 0.003437 0.001078 0.601000 0.003602
2.216667 0.226829 0.004466 0.001400 0.602034 0.004681
2.343333 0.226829 0.005655 0.001271 0.602760 0.005796
2.470000 0.226829 0.006585 0.000912 0.602399 0.006648
2.596667 0.226829 0.007218 0.000596 0.602002 0.007243
2.723333 0.226829 0.007660 0.000421 0.601420 0.007672
2.850000 0.226829 0.007842 0.000243 0.600961 0.007846
2.976667 0.226829 0.007804 0.000019 0.600487 0.007804
3.103333 0.226829 0.007421 -0.000366 0.600005 0.007430
3.230000 0.226829 0.006324 -0.000976 0.600000 0.006399
3.356667 0.226829 0.004830 -0.002054 0.600000 0.005249
3.483333 0.226829 0.003317 -0.003003 0.600000 0.004474
3.610000 0.226829 0.001261 -0.003709 0.600000 0.003918
3.736667 0.226829 0.000000 0.000000 0.000000 0.000000
0.063333 0.241463 0.000000 0.000000 0.000000 0.000000
0.190000 0.241463 0.000656 0.002995 0.600078 0.003066
0.316667 0.241463 0.001479 0.001527 0.600002 0.002126
0.443333 0.241463 0.001403 0.000315 0.600000 0.001438
0.570000 0.241463 0.000457 0.000645 0.600000 0.000791
0.696667 0.241463 -0.000500 0.000507 0.600000 0.000712
0.823333 0.241463 -0.000835 0.000374 0.600001 0.000915
0.950000 0.241463 -0.000981 0.000263 0.600001 0.001016
1.076667 0.241463 -0.001143 0.000190 0.600001 0.001159
1.203333 0.241463 -0.001259 0.000333 0.600002 0.001303
1.330000 0.241463 -0.001169 0.000620 0.600010 0.001323
1.456667 0.241463 -0.000833 0.000863 0.600020 0.001199
1.583333 0.241463 -0.000284 0.000898 0.600018 0.000942
1.710000 0.241463 0.000493 0.000754 0.600009 0.000901
1.836667 0.241463 0.001415 0.000610 0.600005 0.001541
1.963333 0.241463 0.002533 0.000618 0.600005 0.002607
2.090000 0.241463 0.003607 0.001115 0.600029 0.003776
2.216667 0.241463 0.004613 0.001422 0.600082 0.004827
2.343333 0.241463 0.005716 0.001332 0.600111 0.005869
2.470000 0.241463 0.006585 0.001036 0.600077 0.006666
2.596667 0.241463 0.007193 0.000727 0.600052 0.007229
2.723333 0.241463 0.007611 0.000550 0.600030 0.007631
2.850000 0.241463 0.007790 0.000357 0.600013 0.007799
2.976667 0.241463 0.007734 0.000117 0.600004 0.007735
3.103333 0.241463 0.007330 -0.000254 0.600000 0.007335
3.230000 0.241463 0.006224 -0.000795 0.600000 0.006274
3.356667 0.241463 0.004701 -0.001885 0.600000 0.005065
3.483333 0.241463 0.003146 -0.002827 0.600000 0.004229
3.610000 0.241463 0.001167 -0.003454 0.600000 0.003646
3.736667 0.241463 0.000000 0.000000 0.000000 0.000000
0.063333 0.256098 0.000000 0.000000 0.000000 0.000000
0.190000 0.256098 0.000563 0.002791 0.600003 0.002847
0.316667 0.256098 0.001280 0.001437 0.600000 0.001924
0.443333 0.256098 0.001268 0.000329 0.600000 0.001310
0.570000 0.256098 0.000421 0.000821 0.600000 0.000923
0.696667 0.256098 -0.000503 0.000624 0.600000 0.000802
0.823333 0.256098 -0.000828 0.000491 0.600000 0.000963
0.950000 0.256098 -0.000977 0.000414 0.600000 0.001061
1.076667 0.256098 -0.001126 0.000381 0.600000 0.001189
1.203333 0.256098 -0.001221 0.000525 0.600000 0.001329
1.330000 0.256098 -0.001122 0.000779 0.600000 0.001366
1.456667 0.256098 -0.000799 0.000978 0.600001 0.001262
1.583333 0.256098 -0.000287 0.000966 0.600000 0.001008
1.710000 0.256098 0.000441 0.000752 0.600000 0.000872
1.836667 0.256098 0.001377 0.000570 0.600000 0.001490
1.963333 0.256098 0.002597 0.000537 0.600000 0.002652
2.090000 0.256098 0.003704 0.001151 0.600001 0.003879
2.216667 0.256098 0.004646 0.001442 0.600003 0.004865
2.343333 0.256098 0.005694 0.001389 0.600004 0.005861
2.470000 0.256098 0.006544 0.001142 0.600002 0.006643
2.596667 0.256098 0.007152 0.000848 0.600001 0.007202
2.723333 0.256098 0.007567 0.000663 0.600001 0.007596
2.850000 0.256098 0.007746 0.000458 0.600000 0.007759
2.976667 0.256098 0.007680 0.000205 0.600000 0.007683
3.103333 0.256098 0.007271 -0.000154 0.600000 0.007273
3.230000 0.256098 0.006188 -0.000628 0.600000 0.006220
3.356667 0.256098 0.004682 -0.001724 0.600000 0.004989
3.483333 0.256098 0.003116 -0.002659 0.600000 0.004096
3.610000 0.256098 0.001149 -0.003221 0.600000 0.003420
3.736667 0.256098 0.000000 0.000000 0.000000 0.000000
0.063333 0.270732 0.000000 0.000000 0.000000 0.000000
0.190000 0.270732 0.000479 0.002604 0.600000 0.002648
0.316667 0.270732 0.001095 0.001347 0.600000 0.001736
0.443333 0.270732 0.001142 0.000321 0.600000 0.001186
0.570000 0.270732 0.000385 0.000987 0.600000 0.001059
0.696667 0.270732 -0.000507 0.000730 0.600000 0.000889
0.823333 0.270732 -0.000816 0.000601 0.600000 0.001013
0.950000 0.270732 -0.000965 0.000556 0.600000 0.001114
1.076667 0.270732 -0.001105 0.000559 0.600000 0.001238
1.203333 0.270732 -0.001182 0.000702 0.600000 0.001375
1.330000 0.270732 -0.001075 0.000926 0.600000 0.001419
1.456667 0.270732 -0.000765 0.001086 0.600000 0.001328
1.583333 0.270732 -0.000292 0.001033 0.600000 0.001073
1.710000 0.270732 0.000376 0.000755 0.600000 0.000843
1.836667 0.270732 0.001325 0.000523 0.600000 0.001424
1.963333 0.270732 0.002668 0.000443 0.600000 0.002705
2.090000 0.270732 0.003809 0.001196 0.600000 0.003992
2.216667 0.270732 0.004678 0.001466 0.600000 0.004903
2.343333 0.270732 0.005676 0.001440 0.600000 0.005855
2.470000 0.270732 0.006507 0.001232 0.600000 0.006622
2.596667 0.270732 0.007112 0.000953 0.600000 0.007176
2.723333 0.270732 0.007524 0.000761 0.600000 0.007562
2.850000 0.270732 0.007699 0.000544 0.600000 0.007718
2.976667 0.270732 0.007625 0.000278 0.600000 0.007630
3.103333 0.270732 0.007218 -0.000071 0.600000 0.007218
3.230000 0.270732 0.006160 -0.000479 0.600000 0.006179
3.356667 0.270732 0.004665 -0.001566 0.600000 0.004921
3.483333 0.270732 0.003085 -0.002493 0.600000 0.003967
3.610000 0.270732 0.001129 -0.002996 0.600000 0.003202
3.736667 0.270732 0.000000 0.000000 0.000000 0.000000
0.063333 0.285366 0.000000 0.000000 0.000000 0.000000
0.190000 0.285366 0.000404 0.002433 0.600000 0.002466
0.316667 0.285366 0.000923 0.001259 0.600000 0.001561
0.443333 0.285366 0.001021 0.000292 0.600000 0.001062
0.570000 0.285366 0.000350 0.001142 0.600000 0.001194
0.696667 0.285366 -0.000508 0.000824 0.600000 0.000968
0.823333 0.285366 -0.000796 0.000702 0.600000 0.001061
0.950000 0.285366 -0.000945 0.000689 0.600000 0.001169
1.076667 0.285366 -0.001077 0.000723 0.600000 0.001297
1.203333 0.285366 -0.001139 0.000867 0.600000 0.001432
1.330000 0.285366 -0.001027 0.001062 0.600000 0.001478
1.456667 0.285366 -0.000729 0.001188 0.600000 0.001394
1.583333 0.285366 -0.000296 0.001100 0.600000 0.001139
1.710000 0.285366 0.000299 0.000765 0.600000 0.000821
1.836667 0.285366 0.001260 0.000467 0.600000 0.001343
1.963333 0.285366 0.002750 0.000332 0.600000 0.002770
2.090000 0.285366 0.003929 0.001251 0.600000 0.004123
2.216667 0.285366 0.004713 0.001492 0.600000 0.004943
2.343333 0.285366 0.005661 0.001483 0.600000 0.005852
2.470000 0.285366 0.006473 0.001305 0.600000 0.006603
2.596667 0.285366 0.007074 0.001042 0.600000 0.007151
2.723333 0.285366 0.007481 0.000842 0.600000 0.007528
2.850000 0.285366 0.007650 0.000613 0.600000 0.007675
2.976667 0.285366 0.007569 0.000333 0.600000 0.007576
3.103333 0.285366 0.007169 -0.000010 0.600000 0.007169
3.230000 0.285366 0.006142 -0.000350 0.600000 0.006152
3.356667 0.285366 0.004653 -0.001411 0.600000 0.004862
3.483333 0.285366 0.003056 -0.002330 0.600000 0.003843
3.610000 0.285366 0.001111 -0.002779 0.600000 0.002993
3.736667 0.285366 0.000000 0.000000 0.000000 0.000000
0.063333 0.300000 0.000000 0.000000 0.000000 0.000000
0.190000 0.300000 0.000336 0.002276 0.600000 0.002300
0.316667 0.300000 0.000761 0.001174 0.600000 0.001399
0.443333 0.300000 0.000903 0.000241 0.600000 0.000935
0.570000 0.300000 0.000315 0.001285 0.600000 0.001323
0.696667 0.300000 -0.000506 0.000903 0.600000 0.001035
0.823333 0.300000 -0.000769 0.000794 0.600000 0.001105
0.950000 0.300000 -0.000919 0.000812 0.600000 0.001227
1.076667 0.300000 -0.001046 0.000877 0.600000 0.001365
1.203333 0.300000 -0.001097 0.001020 0.600000 0.001498
1.330000 0.300000 -0.000980 0.001190 0.600000 0.001542
1.456667 0.300000 -0.000693 0.001285 0.600000 0.001460
1.583333 0.300000 -0.000301 0.001169 0.600000 0.001207
1.710000 0.300000 0.000204 0.000786 0.600000 0.000812
1.836667 0.300000 0.001173 0.000401 0.600000 0.001240
1.963333 0.300000 0.002841 0.000199 0.600000 0.002848
2.090000 0.300000 0.004062 0.001319 0.600000 0.004271
2.216667 0.300000 0.004748 0.001517 0.600000 0.004985
2.343333 0.300000 0.005649 0.001516 0.600000 0.005849
2.470000 0.300000 0.006440 0.001362 0.600000 0.006583
2.596667 0.300000 0.007037 0.001114 0.600000 0.007124
2.723333 0.300000 0.007436 0.000905 0.600000 0.007491
2.850000 0.300000 0.007599 0.000663 0.600000 0.007627
2.976667 0.300000 0.007510 0.000368 0.600000 0.007519
3.103333 0.300000 0.007123 0.000027 0.600000 0.007123
3.230000 0.300000 0.006132 -0.000244 0.600000 0.006137
3.356667 0.300000 0.004646 -0.001257 0.600000 0.004813
3.483333 0.300000 0.003027 -0.002168 0.600000 0.003723
3.610000 0.300000 0.001093 -0.002569 0.600000 0.002792
3.736667 0.300000 0.000000 0.000000 0.000000 0.000000
0.063333 0.314634 0.000000 0.000000 0.000000 0.000000
0.190000 0.314634 0.000275 0.002132 0.600000 0.002150
0.316667 0.314634 0.000608 0.001093 0.600000 0.001251
0.443333 0.314634 0.000787 0.000170 0.600000 0.000805
0.570000 0.314634 0.000282 0.001415 0.600000 0.001443
0.696667 0.314634 -0.000495 0.000965 0.600000 0.001084
0.823333 0.314634 -0.000730 0.000878 0.600000 0.001142
0.950000 0.314634 -0.000883 0.000928 0.600000 0.001281
1.076667 0.314634 -0.001007 0.001023 0.600000 0.001435
1.203333 0.314634 -0.001050 0.001166 0.600000 0.001569
1.330000 0.314634 -0.000928 0.001311 0.600000 0.001606
1.456667 0.314634 -0.000649 0.001380 0.600000 0.001525
1.583333 0.314634 -0.000298 0.001243 0.600000 0.001278
1.710000 0.314634 0.000095 0.000823 0.600000 0.000829
1.836667 0.314634 0.001066 0.000323 0.600000 0.001114
1.963333 0.314634 0.002949 0.000042 0.600000 0.002949
2.090000 0.314634 0.004217 0.001401 0.600000 0.004444
2.216667 0.314634 0.004787 0.001541 0.600000 0.005029
2.343333 0.314634 0.005641 0.001539 0.600000 0.005847
2.470000 0.314634 0.006412 0.001401 0.600000 0.006563
2.596667 0.314634 0.007001 0.001167 0.600000 0.007098
2.723333 0.314634 0.007393 0.000950 0.600000 0.007453
2.850000 0.314634 0.007546 0.000692 0.600000 0.007578
2.976667 0.314634 0.007450 0.000382 0.600000 0.007460
3.103333 0.314634 0.007081 0.000035 0.600000 0.007081
3.230000 0.314634 0.006131 -0.000165 0.600000 0.006133
3.356667 0.314634 0.004646 -0.001101 0.600000 0.004774
3.483333 0.314634 0.002998 -0.002008 0.600000 0.003608
3.610000 0.314634 0.001076 -0.002365 0.600000 0.002598
3.736667 0.314634 0.000000 0.000000 0.000000 0.000000
0.063333 0.329268 0.000000 0.000000 0.000000 0.000000
0.190000 0.329268 0.000220 0.002001 0.600000 0.002013
0.316667 0.329268 0.000464 0.001019 0.600000 0.001119
0.443333 0.329268 0.000669 0.000079 0.600000 0.000673
0.570000 0.329268 0.000251 0.001527 0.600000 0.001548
0.696667 0.329268 -0.000471 0.001009 0.600000 0.001114
0.823333 0.329268 -0.000681 0.000954 0.600000 0.001172
0.950000 0.329268 -0.000840 0.001039 0.600000 0.001336
1.076667 0.329268 -0.000964 0.001165 0.600000 0.001512
1.203333 0.329268 -0.001001 0.001308 0.600000 0.001647
1.330000 0.329268 -0.000876 0.001429 0.600000 0.001676
1.456667 0.329268 -0.000603 0.001474 0.600000 0.001593
1.583333 0.329268 -0.000291 0.001323 0.600000 0.001355
1.710000 0.329268 -0.000040 0.000885 0.600000 0.000886
1.836667 0.329268 0.000925 0.000230 0.600000 0.000953
1.963333 0.329268 0.003072 -0.000145 0.600000 0.003075
2.090000 0.329268 0.004394 0.001501 0.600000 0.004643
2.216667 0.329268 0.004826 0.001561 0.600000 0.005072
2.343333 0.329268 0.005633 0.001550 0.600000 0.005843
2.470000 0.329268 0.006385 0.001424 0.600000 0.006541
2.596667 0.329268 0.006965 0.001202 0.600000 0.007068
2.723333 0.329268 0.007347 0.000976 0.600000 0.007412
2.850000 0.329268 0.007489 0.000701 0.600000 0.007522
2.976667 0.329268 0.007386 0.000371 0.600000 0.007395
3.103333 0.329268 0.007037 0.000012 0.600000 0.007037
3.230000 0.329268 0.006138 -0.000115 0.600000 0.006139
3.356667 0.329268 0.004651 -0.000942 0.600000 0.004745
3.483333 0.329268 0.002969 -0.001848 0.600000 0.003497
3.610000 0.329268 0.001057 -0.002167 0.600000 0.002411
3.736667 0.329268 0.000000 0.000000 0.000000 0.000000
0.063333 0.343902 0.000000 0.000000 0.000000 0.000000
0.190000 0.343902 0.000173 0.001880 0.600000 0.001887
0.316667 0.343902 0.000329 0.000952 0.600000 0.001007
0.443333 0.343902 0.000546 -0.000028 0.600000 0.000547
0.570000 0.343902 0.000224 0.001617 0.600000 0.001632
0.696667 0.343902 -0.000427 0.001036 0.600000 0.001121
0.823333 0.343902 -0.000615 0.001026 0.600000 0.001196
0.950000 0.343902 -0.000785 0.001149 0.600000 0.001391
1.076667 0.343902 -0.000912 0.001307 0.600000 0.001594
1.203333 0.343902 -0.000948 0.001452 0.600000 0.001734
1.330000 0.343902 -0.000819 0.001548 0.600000 0.001752
1.456667 0.343902 -0.000549 0.001573 0.600000 0.001666
1.583333 0.343902 -0.000270 0.001416 0.600000 0.001441
1.710000 0.343902 -0.000204 0.000984 0.600000 0.001005
1.836667 0.343902 0.000744 0.000118 0.600000 0.000754
1.963333 0.343902 0.003220 -0.000368 0.600000 0.003241
2.090000 0.343902 0.004602 0.001623 0.600000 0.004880
2.216667 0.343902 0.004870 0.001577 0.600000 0.005119
2.343333 0.343902 0.005630 0.001550 0.600000 0.005839
2.470000 0.343902 0.006360 0.001430 0.600000 0.006519
2.596667 0.343902 0.006931 0.001221 0.600000 0.007038
2.723333 0.343902 0.007301 0.000984 0.600000 0.007367
2.850000 0.343902 0.007430 0.000687 0.600000 0.007462
2.976667 0.343902 0.007317 0.000334 0.600000 0.007325
3.103333 0.343902 0.006990 -0.000046 0.600000 0.006990
3.230000 0.343902 0.006149 -0.000101 0.600000 0.006150
3.356667 0.343902 0.004660 -0.000777 0.600000 0.004725
3.483333 0.343902 0.002937 -0.001690 0.600000 0.003388
3.610000 0.343902 0.001039 -0.001976 0.600000 0.002232
3.736667 0.343902 0.000000 0.000000 0.000000 0.000000
0.063333 0.358537 0.000000 0.000000 0.000000 0.000000
0.190000 0.358537 0.000132 0.001768 0.600000 0.001773
0.316667 0.358537 0.000204 0.000893 0.600000 0.000916
0.443333 0.358537 0.000416 -0.000148 0.600000 0.000442
0.570000 0.358537 0.000205 0.001675 0.600000 0.001688
0.696667 0.358537 -0.000352 0.001049 0.600000 0.001107
0.823333 0.358537 -0.000532 0.001100 0.600000 0.001221
0.950000 0.358537 -0.000719 0.001264 0.600000 0.001454
1.076667 0.358537 -0.000854 0.001457 0.600000 0.001689
1.203333 0.358537 -0.000892 0.001605 0.600000 0.001836
1.330000 0.358537 -0.000760 0.001677 0.600000 0.001841
1.456667 0.358537 -0.000488 0.001682 0.600000 0.001751
1.583333 0.358537 -0.000236 0.001526 0.600000 0.001544
1.710000 0.358537 -0.000410 0.001138 0.600000 0.001209
1.836667 0.358537 0.000506 -0.000019 0.600000 0.000506
1.963333 0.358537 0.003398 -0.000634 0.600000 0.003456
2.090000 0.358537 0.004849 0.001773 0.600000 0.005163
2.216667 0.358537 0.004917 0.001590 0.600000 0.005168
2.343333 0.358537 0.005628 0.001541 0.600000 0.005835
2.470000 0.358537 0.006338 0.001423 0.600000 0.006496
2.596667 0.358537 0.006897 0.001225 0.600000 0.007005
2.723333 0.358537 0.007252 0.000977 0.600000 0.007317
2.850000 0.358537 0.007365 0.000653 0.600000 0.007394
2.976667 0.358537 0.007241 0.000272 0.600000 0.007246
3.103333 0.358537 0.006934 -0.000139 0.600000 0.006935
3.230000 0.358537 0.006161 -0.000126 0.600000 0.006162
3.356667 0.358537 0.004672 -0.000605 0.600000 0.004711
3.483333 0.358537 0.002902 -0.001532 0.600000 0.003282
3.610000 0.358537 0.001019 -0.001791 0.600000 0.002060
3.736667 0.358537 0.000000 0.000000 0.000000 0.000000
0.063333 0.373171 0.000000 0.000000 0.000000 0.000000
0.190000 0.373171 0.000099 0.001664 0.600000 0.001667
0.316667 0.373171 0.000092 0.000845 0.600000 0.000850
0.443333 0.373171 0.000277 -0.000275 0.600000 0.000390
0.570000 0.373171 0.000200 0.001693 0.600000 0.001704
0.696667 0.373171 -0.000233 0.001054 0.600000 0.001079
0.823333 0.373171 -0.000424 0.001183 0.600000 0.001257
0.950000 0.373171 -0.000639 0.001393 0.600000 0.001533
1.076667 0.373171 -0.000787 0.001627 0.600000 0.001807
1.203333 0.373171 -0.000831 0.001779 0.600000 0.001963
1.330000 0.373171 -0.000698 0.001825 0.600000 0.001954
1.456667 0.373171 -0.000420 0.001811 0.600000 0.001859
1.583333 0.373171 -0.000181 0.001662 0.600000 0.001672
1.710000 0.373171 -0.000673 0.001374 0.600000 0.001530
1.836667 0.373171 0.000189 -0.000194 0.600000 0.000271
1.963333 0.373171 0.003620 -0.000953 0.600000 0.003744
2.090000 0.373171 0.005151 0.001959 0.600000 0.005511
2.216667 0.373171 0.004972 0.001604 0.600000 0.005224
2.343333 0.373171 0.005629 0.001527 0.600000 0.005832
2.470000 0.373171 0.006318 0.001408 0.600000 0.006473
2.596667 0.373171 0.006864 0.001219 0.600000 0.006971
2.723333 0.373171 0.007200 0.000958 0.600000 0.007263
2.850000 0.373171 0.007293 0.000602 0.600000 0.007318
2.976667 0.373171 0.007152 0.000188 0.600000 0.007154
3.103333 0.373171 0.006860 -0.000267 0.600000 0.006865
3.230000 0.373171 0.006163 -0.000195 0.600000 0.006166
3.356667 0.373171 0.004682 -0.000424 0.600000 0.004701
3.483333 0.373171 0.002863 -0.001375 0.600000 0.003176
3.610000 0.373171 0.000997 -0.001612 0.600000 0.001896
3.736667 0.373171 0.000000 0.000000 0.000000 0.000000
0.063333 0.387805 0.000000 0.000000 0.000000 0.000000
0.190000 0.387805 0.000074 0.001566 0.600000 0.001568
0.316667 0.387805 -0.000002 0.000806 0.600000 0.000806
0.443333 0.387805 0.000127 -0.000400 0.600000 0.000420
0.570000 0.387805 0.000221 0.001655 0.600000 0.001669
0.696667 0.387805 -0.000047 0.001063 0.600000 0.001064
0.823333 0.387805 -0.000286 0.001290 0.600000 0.001322
0.950000 0.387805 -0.000542 0.001552 0.600000 0.001643
1.076667 0.387805 -0.000709 0.001832 0.600000 0.001964
1.203333 0.387805 -0.000763 0.001991 0.600000 0.002133
1.330000 0.387805 -0.000631 0.002009 0.600000 0.002106
1.456667 0.387805 -0.000344 0.001976 0.600000 0.002005
1.583333 0.387805 -0.000095 0.001836 0.600000 0.001838
1.710000 0.387805 -0.001017 0.001732 0.600000 0.002009
1.836667 0.387805 -0.000236 -0.000426 0.600000 0.000487
1.963333 0.387805 0.003909 -0.001337 0.599998 0.004132
2.090000 0.387805 0.005531 0.002196 0.600000 0.005951
2.216667 0.387805 0.005037 0.001627 0.600000 0.005294
2.343333 0.387805 0.005634 0.001515 0.600000 0.005834
2.470000 0.387805 0.006301 0.001393 0.600000 0.006453
2.596667 0.387805 0.006830 0.001213 0.600000 0.006937
2.723333 0.387805 0.007142 0.000936 0.600000 0.007204
2.850000 0.387805 0.007211 0.000541 0.599999 0.007231
2.976667 0.387805 0.007045 0.000087 0.599997 0.007046
3.103333 0.387805 0.006757 -0.000424 0.599994 0.006770
3.230000 0.387805 0.006140 -0.000312 0.599996 0.006148
3.356667 0.387805 0.004682 -0.000234 0.600000 0.004688
3.483333 0.387805 0.002817 -0.001219 0.600000 0.003070
3.610000 0.387805 0.000973 -0.001440 0.600000 0.001738
3.736667 0.387805 0.000000 0.000000 0.000000 0.000000
0.063333 0.402439 0.000000 0.000000 0.000000 0.000000
0.190000 0.402439 0.000057 0.001472 0.600000 0.001474
0.316667 0.402439 -0.000069 0.000777 0.600000 0.000780
0.443333 0.402439 0.000042 -0.000519 0.599980 0.000520
0.570000 0.402439 0.000376 0.001546 0.599859 0.001591
0.696667 0.402439 0.000257 0.001096 0.599920 0.001126
0.823333 0.402439 -0.000103 0.001439 0.600000 0.001443
0.950000 0.402439 -0.000423 0.001757 0.600000 0.001807
1.076667 0.402439 -0.000623 0.002094 0.600000 0.002184
1.203333 0.402439 -0.000701 0.002262 0.600000 0.002368
1.330000 0.402439 -0.000577 0.002249 0.600000 0.002321
1.456667 0.402439 -0.000285 0.002194 0.600000 0.002212
1.583333 0.402439 -0.000009 0.002062 0.600000 0.002062
1.710000 0.402439 -0.001575 0.002273 0.600000 0.002765
1.836667 0.402439 -0.000884 -0.000753 0.599940 0.001161
1.963333 0.402439 0.004336 -0.001809 0.599912 0.004699
2.090000 0.402439 0.006091 0.002503 0.599999 0.006585
2.216667 0.402439 0.005157 0.001672 0.600000 0.005421
2.343333 0.402439 0.005659 0.001519 0.600000 0.005859
2.470000 0.402439 0.006295 0.001389 0.600000 0.006447
2.596667 0.402439 0.006799 0.001220 0.599985 0.006908
2.723333 0.402439 0.007075 0.000923 0.599923 0.007135
2.850000 0.402439 0.007107 0.000480 0.599841 0.007123
2.976667 0.402439 0.006904 -0.000021 0.599780 0.006904
3.103333 0.402439 0.006590 -0.000600 0.599762 0.006618
3.230000 0.402439 0.005981 -0.000470 0.599853 0.005999
3.356667 0.402439 0.004580 -0.000049 0.599998 0.004581
3.483333 0.402439 0.002764 -0.001065 0.599999 0.002962
3.610000 0.402439 0.000947 -0.001276 0.600000 0.001589
3.736667 0.402439 0.000000 0.000000 0.000000 0.000000
0.063333 0.417073 0.000000 0.000000 0.000000 0.000000
0.190000 0.417073 0.000049 0.001381 0.600000 0.001382
0.316667 0.417073 -0.000230 0.000769 0.599993 0.000803
0.443333 0.417073 -0.004664 -0.000112 0.596972 0.004665
0.570000 0.417073 -0.004489 0.001052 0.556035 0.004610
0.696667 0.417073 -0.000162 0.001284 0.551859 0.001294
0.823333 0.417073 -0.000223 0.001768 0.550937 0.001782
0.950000 0.417073 -0.000360 0.002150 0.550592 0.002180
1.076667 0.417073 -0.000374 0.002543 0.550289 0.002570
1.203333 0.417073 -0.000256 0.002722 0.550280 0.002734
1.330000 0.417073 0.000075 0.002678 0.550521 0.002679
1.456667 0.417073 0.000633 0.002594 0.550748 0.002670
1.583333 0.417073 0.001596 0.002416 0.551106 0.002896
1.710000 0.417073 0.005896 0.002435 0.553315 0.006379
1.836667 0.417073 0.005560 -0.000398 0.597093 0.005575
1.963333 0.417073 -0.002142 -0.001569 0.598020 0.002655
2.090000 0.417073 -0.001342 0.002307 0.554872 0.002669
2.216667 0.417073 0.003792 0.001852 0.552238 0.004220
2.343333 0.417073 0.004902 0.001717 0.552182 0.005195
2.470000 0.417073 0.005786 0.001598 0.552194 0.006002
2.596667 0.417073 0.006493 0.001448 0.552196 0.006652
2.723333 0.417073 0.006981 0.001139 0.552426 0.007073
2.850000 0.417073 0.007246 0.000655 0.552883 0.007275
2.976667 0.417073 0.007304 0.000108 0.553408 0.007305
3.103333 0.417073 0.007386 -0.000559 0.554309 0.007407
3.230000 0.417073 0.010748 -0.000831 0.557269 0.010780
3.356667 0.417073 0.008984 0.000607 0.595987 0.009004
3.483333 0.417073 0.002900 -0.000892 0.599954 0.003034
3.610000 0.417073 0.000921 -0.001119 0.600000 0.001449
3.736667 0.417073 0.000000 0.000000 0.000000 0.000000
0.063333 0.431707 0.000000 0.000000 0.000000 0.000000
0.190000 0.431707 0.000050 0.001290 0.600000 0.001291
0.316667 0.431707 -0.000241 0.000780 0.600000 0.000817
0.443333 0.431707 -0.000591 0.000355 0.599920 0.000689
0.570000 0.431707 -0.000478 0.000658 0.299928 0.000813
0.696667 0.431707 -0.000302 0.001753 0.299687 0.001779
0.823333 0.431707 -0.000330 0.002525 0.299441 0.002546
0.950000 0.431707 -0.000433 0.003113 0.299239 0.003143
1.076667 0.431707 -0.000417 0.003698 0.299027 0.003721
1.203333 0.431707 -0.000258 0.003965 0.298934 0.003974
1.330000 0.431707 0.000099 0.003903 0.298974 0.003904
1.456667 0.431707 0.000671 0.003770 0.299036 0.003829
1.583333 0.431707 0.001644 0.003454 0.299156 0.003825
1.710000 0.431707 0.001805 0.002077 0.299366 0.002752
1.836667 0.431707 0.001468 0.000221 0.599968 0.001485
1.963333 0.431707 0.001222 -0.000941 0.600000 0.001542
2.090000 0.431707 0.001960 0.002421 0.299536 0.003115
2.216667 0.431707 0.003729 0.002626 0.299502 0.004561
2.343333 0.431707 0.004857 0.002544 0.299529 0.005483
2.470000 0.431707 0.005745 0.002426 0.299562 0.006236
2.596667 0.431707 0.006461 0.002255 0.299602 0.006843
2.723333 0.431707 0.006966 0.001839 0.299699 0.007205
2.850000 0.431707 0.007244 0.001160 0.299841 0.007336
2.976667 0.431707 0.007303 0.000378 0.299965 0.007313
3.103333 0.431707 0.007351 -0.000604 0.300000 0.007376
3.230000 0.431707 0.005416 -0.000486 0.300000 0.005437
3.356667 0.431707 0.003670 0.001126 0.599748 0.003839
3.483333 0.431707 0.002853 -0.000698 0.599998 0.002937
3.610000 0.431707 0.000888 -0.000970 0.600000 0.001315
3.736667 0.431707 0.000000 0.000000 0.000000 0.000000
0.063333 0.446341 0.000000 0.000000 0.000000 0.000000
0.190000 0.446341 0.000061 0.001197 0.600000 0.001199
0.316667 0.446341 -0.000098 0.000780 0.600000 0.000786
0.443333 0.446341 -0.000220 0.000352 0.599999 0.000415
0.570000 0.446341 -0.000325 0.000477 0.300000 0.000577
0.696667 0.446341 -0.000606 0.001723 0.299993 0.001827
0.823333 0.446341 -0.000756 0.002637 0.299979 0.002743
0.950000 0.446341 -0.000826 0.003364 0.299960 0.003464
1.076667 0.446341 -0.000782 0.004073 0.299936 0.004147
1.203333 0.446341 -0.000614 0.004413 0.299923 0.004455
1.330000 0.446341 -0.000247 0.004365 0.299926 0.004372
1.456667 0.446341 0.000291 0.004219 0.299933 0.004229
1.583333 0.446341 0.000893 0.003836 0.299947 0.003939
1.710000 0.446341 0.001013 0.001643 0.299969 0.001930
1.836667 0.446341 0.001201 0.000334 0.600000 0.001247
1.963333 0.446341 0.001478 -0.000717 0.600000 0.001643
2.090000 0.446341 0.002425 0.002531 0.299982 0.003505
2.216667 0.446341 0.003961 0.002932 0.299978 0.004928
2.343333 0.446341 0.004905 0.002902 0.299980 0.005699
2.470000 0.446341 0.005722 0.002805 0.299982 0.006372
2.596667 0.446341 0.006339 0.002627 0.299985 0.006861
2.723333 0.446341 0.006717 0.002151 0.299991 0.007053
2.850000 0.446341 0.006861 0.001355 0.299997 0.006994
2.976667 0.446341 0.006749 0.000423 0.300000 0.006762
3.103333 0.446341 0.006375 -0.000747 0.300000 0.006419
3.230000 0.446341 0.004555 0.000066 0.300000 0.004556
3.356667 0.446341 0.003264 0.001022 0.599992 0.003420
3.483333 0.446341 0.002623 -0.000521 0.600000 0.002674
3.610000 0.446341 0.000849 -0.000830 0.600000 0.001187
3.736667 0.446341 0.000000 0.000000 0.000000 0.000000
0.063333 0.460976 0.000000 0.000000 0.000000 0.000000
0.190000 0.460976 0.000078 0.001100 0.600000 0.001103
0.316667 0.460976 0.000033 0.000754 0.600000 0.000755
0.443333 0.460976 0.000070 0.000337 0.600000 0.000344
0.570000 0.460976 0.000016 0.000124 0.300000 0.000125
0.696667 0.460976 -0.000339 0.001119 0.300000 0.001170
0.823333 0.460976 -0.000577 0.001906 0.300000 0.001991
0.950000 0.460976 -0.000678 0.002566 0.299999 0.002654
1.076667 0.460976 -0.000653 0.003198 0.299997 0.003264
1.203333 0.460976 -0.000509 0.003515 0.299997 0.003552
1.330000 0.460976 -0.000152 0.003500 0.299997 0.003503
1.456667 0.460976 0.000374 0.003385 0.299997 0.003406
1.583333 0.460976 0.000911 0.003046 0.299998 0.003179
1.710000 0.460976 0.000795 0.001225 0.299999 0.001461
1.836667 0.460976 0.000991 0.000397 0.600000 0.001068
1.963333 0.460976 0.001682 -0.000546 0.600000 0.001769
2.090000 0.460976 0.002682 0.001875 0.300000 0.003272
2.216667 0.460976 0.003985 0.002346 0.299999 0.004624
2.343333 0.460976 0.004858 0.002392 0.299999 0.005415
2.470000 0.460976 0.005662 0.002356 0.300000 0.006132
2.596667 0.460976 0.006260 0.002232 0.300000 0.006646
2.723333 0.460976 0.006605 0.001841 0.300000 0.006857
2.850000 0.460976 0.006717 0.001161 0.300000 0.006817
2.976667 0.460976 0.006561 0.000349 0.300000 0.006570
3.103333 0.460976 0.006109 -0.000670 0.300000 0.006146
3.230000 0.460976 0.004242 -0.000035 0.300000 0.004242
3.356667 0.460976 0.002934 0.000904 0.600000 0.003070
3.483333 0.460976 0.002407 -0.000380 0.600000 0.002436
3.610000 0.460976 0.000806 -0.000701 0.600000 0.001068
3.736667 0.460976 0.000000 0.000000 0.000000 0.000000
0.063333 0.475610 0.000000 0.000000 0.000000 0.000000
0.190000 0.475610 0.000099 0.000998 0.600000 0.001003
0.316667 0.475610 0.000150 0.000708 0.600000 0.000724
0.443333 0.475610 0.000296 0.000314 0.600000 0.000432
0.570000 0.475610 0.000302 -0.000123 0.300000 0.000326
0.696667 0.475610 -0.000086 0.000643 0.300000 0.000649
0.823333 0.475610 -0.000403 0.001314 0.300000 0.001375
0.950000 0.475610 -0.000531 0.001910 0.300000 0.001983
1.076667 0.475610 -0.000523 0.002472 0.300000 0.002527
1.203333 0.475610 -0.000399 0.002766 0.300000 0.002795
1.330000 0.475610 -0.000052 0.002774 0.300000 0.002775
1.456667 0.475610 0.000458 0.002685 0.300000 0.002724
1.583333 0.475610 0.000924 0.002387 0.300000 0.002560
1.710000 0.475610 0.000634 0.000916 0.300000 0.001114
1.836667 0.475610 0.000849 0.000423 0.600000 0.000949
1.963333 0.475610 0.001843 -0.000417 0.600000 0.001890
2.090000 0.475610 0.002905 0.001377 0.300000 0.003214
2.216667 0.475610 0.004041 0.001855 0.300000 0.004446
2.343333 0.475610 0.004836 0.001956 0.300000 0.005216
2.470000 0.475610 0.005619 0.001969 0.300000 0.005954
2.596667 0.475610 0.006196 0.001893 0.300000 0.006479
2.723333 0.475610 0.006510 0.001577 0.300000 0.006698
2.850000 0.475610 0.006591 0.000999 0.300000 0.006666
2.976667 0.475610 0.006391 0.000295 0.300000 0.006398
3.103333 0.475610 0.005858 -0.000588 0.300000 0.005887
3.230000 0.475610 0.003975 -0.000083 0.300000 0.003976
3.356667 0.475610 0.002667 0.000782 0.600000 0.002779
3.483333 0.475610 0.002212 -0.000269 0.600000 0.002228
3.610000 0.475610 0.000763 -0.000583 0.600000 0.000960
3.736667 0.475610 0.000000 0.000000 0.000000 0.000000
0.063333 0.490244 0.000000 0.000000 0.000000 0.000000
0.190000 0.490244 0.000122 0.000889 0.600000 0.000898
0.316667 0.490244 0.000254 0.000647 0.600000 0.000695
0.443333 0.490244 0.000475 0.000284 0.600000 0.000554
0.570000 0.490244 0.000542 -0.000288 0.300000 0.000614
0.696667 0.490244 0.000150 0.000278 0.300000 0.000316
0.823333 0.490244 -0.000238 0.000843 0.300000 0.000876
0.950000 0.490244 -0.000391 0.001376 0.300000 0.001430
1.076667 0.490244 -0.000396 0.001873 0.300000 0.001914
1.203333 0.490244 -0.000288 0.002141 0.300000 0.002160
1.330000 0.490244 0.000050 0.002165 0.300000 0.002165
1.456667 0.490244 0.000542 0.002096 0.300000 0.002165
1.583333 0.490244 0.000937 0.001839 0.300000 0.002064
1.710000 0.490244 0.000519 0.000684 0.300000 0.000859
1.836667 0.490244 0.000759 0.000421 0.600000 0.000867
1.963333 0.490244 0.001972 -0.000320 0.600000 0.001998
2.090000 0.490244 0.003097 0.000997 0.300000 0.003254
2.216667 0.490244 0.004116 0.001444 0.300000 0.004362
2.343333 0.490244 0.004833 0.001580 0.300000 0.005085
2.470000 0.490244 0.005591 0.001632 0.300000 0.005825
2.596667 0.490244 0.006146 0.001597 0.300000 0.006350
2.723333 0.490244 0.006429 0.001346 0.300000 0.006569
2.850000 0.490244 0.006481 0.000860 0.300000 0.006538
2.976667 0.490244 0.006238 0.000257 0.300000 0.006243
3.103333 0.490244 0.005627 -0.000501 0.300000 0.005649
3.230000 0.490244 0.003747 -0.000098 0.300000 0.003749
3.356667 0.490244 0.002448 0.000661 0.600000 0.002536
3.483333 0.490244 0.002038 -0.000183 0.600000 0.002046
3.610000 0.490244 0.000720 -0.000476 0.600000 0.000863
3.736667 0.490244 0.000000 0.000000 0.000000 0.000000
0.063333 0.504878 0.000000 0.000000 0.000000 0.000000
0.190000 0.504878 0.000148 0.000774 0.600000 0.000788
0.316667 0.504878 0.000349 0.000572 0.600000 0.000670
0.443333 0.504878 0.000619 0.000250 0.600000 0.000668
0.570000 0.504878 0.000746 -0.000389 0.300000 0.000841
0.696667 0.504878 0.000365 0.000009 0.300000 0.000365
0.823333 0.504878 -0.000081 0.000475 0.300000 0.000482
0.950000 0.504878 -0.000257 0.000944 0.300000 0.000978
1.076667 0.504878 -0.000274 0.001378 0.300000 0.001405
1.203333 0.504878 -0.000177 0.001618 0.300000 0.001628
1.330000 0.504878 0.000154 0.001651 0.300000 0.001658
1.456667 0.504878 0.000628 0.001600 0.300000 0.001719
1.583333 0.504878 0.000957 0.001383 0.300000 0.001682
1.710000 0.504878 0.000441 0.000507 0.300000 0.000672
1.836667 0.504878 0.000708 0.000397 0.600000 0.000812
1.963333 0.504878 0.002080 -0.000245 0.600000 0.002094
2.090000 0.504878 0.003265 0.000705 0.300000 0.003341
2.216667 0.504878 0.004203 0.001101 0.300000 0.004345
2.343333 0.504878 0.004844 0.001255 0.300000 0.005004
2.470000 0.504878 0.005576 0.001335 0.300000 0.005733
2.596667 0.504878 0.006108 0.001333 0.300000 0.006252
2.723333 0.504878 0.006362 0.001139 0.300000 0.006464
2.850000 0.504878 0.006386 0.000736 0.300000 0.006428
2.976667 0.504878 0.006101 0.000228 0.300000 0.006106
3.103333 0.504878 0.005416 -0.000411 0.300000 0.005432
3.230000 0.504878 0.003550 -0.000094 0.300000 0.003551
3.356667 0.504878 0.002266 0.000545 0.600000 0.002330
3.483333 0.504878 0.001884 -0.000117 0.600000 0.001888
3.610000 0.504878 0.000679 -0.000379 0.600000 0.000778
3.736667 0.504878 0.000000 0.000000 0.000000 0.000000
0.063333 0.519512 0.000000 0.000000 0.000000 0.000000
0.190000 0.519512 0.000174 0.000652 0.600000 0.000674
0.316667 0.519512 0.000436 0.000487 0.600000 0.000654
0.443333 0.519512 0.000740 0.000212 0.600000 0.000770
0.570000 0.519512 0.000922 -0.000434 0.300000 0.001019
0.696667 0.519512 0.000563 -0.000173 0.300000 0.000589
0.823333 0.519512 0.000067 0.000201 0.300000 0.000212
0.950000 0.519512 -0.000128 0.000602 0.300000 0.000616
1.076667 0.519512 -0.000152 0.000972 0.300000 0.000984
1.203333 0.519512 -0.000060 0.001182 0.300000 0.001183
1.330000 0.519512 0.000268 0.001218 0.300000 0.001247
1.456667 0.519512 0.000723 0.001182 0.300000 0.001386
1.583333 0.519512 0.000992 0.001006 0.300000 0.001413
1.710000 0.519512 0.000399 0.000368 0.300000 0.000543
1.836667 0.519512 0.000692 0.000357 0.600000 0.000779
1.963333 0.519512 0.002180 -0.000186 0.600000 0.002188
2.090000 0.519512 0.003417 0.000482 0.300000 0.003451
2.216667 0.519512 0.004300 0.000813 0.300000 0.004376
2.343333 0.519512 0.004870 0.000970 0.300000 0.004965
2.470000 0.519512 0.005571 0.001066 0.300000 0.005672
2.596667 0.519512 0.006081 0.001089 0.300000 0.006177
2.723333 0.519512 0.006309 0.000946 0.300000 0.006379
2.850000 0.519512 0.006307 0.000621 0.300000 0.006337
2.976667 0.519512 0.005983 0.000204 0.300000 0.005986
3.103333 0.519512 0.005229 -0.000322 0.300000 0.005239
3.230000 0.519512 0.003378 -0.000080 0.300000 0.003379
3.356667 0.519512 0.002111 0.000436 0.600000 0.002156
3.483333 0.519512 0.001750 -0.000069 0.600000 0.001751
3.610000 0.519512 0.000642 -0.000293 0.600000 0.000705
3.736667 0.519512 0.000000 0.000000 0.000000 0.000000
0.063333 0.534146 0.000000 0.000000 0.000000 0.000000
0.190000 0.534146 0.000201 0.000521 0.600000 0.000559
0.316667 0.534146 0.000517 0.000393 0.600000 0.000649
0.443333 0.534146 0.000844 0.000171 0.600000 0.000861
0.570000 0.534146 0.001075 -0.000430 0.300000 0.001158
0.696667 0.534146 0.000741 -0.000274 0.300000 0.000790
0.823333 0.534146 0.000202 0.000012 0.300000 0.000203
0.950000 0.534146 -0.000009 0.000341 0.300000 0.000341
1.076667 0.534146 -0.000038 0.000644 0.300000 0.000645
1.203333 0.534146 0.000053 0.000818 0.300000 0.000820
1.330000 0.534146 0.000379 0.000854 0.300000 0.000934
1.456667 0.534146 0.000817 0.000830 0.300000 0.001165
1.583333 0.534146 0.001033 0.000694 0.300000 0.001244
1.710000 0.534146 0.000379 0.000257 0.300000 0.000457
1.836667 0.534146 0.000698 0.000302 0.600000 0.000760
1.963333 0.534146 0.002271 -0.000138 0.600000 0.002275
2.090000 0.534146 0.003552 0.000311 0.300000 0.003566
2.216667 0.534146 0.004397 0.000573 0.300000 0.004434
2.343333 0.534146 0.004901 0.000718 0.300000 0.004953
2.470000 0.534146 0.005573 0.000818 0.300000 0.005633
2.596667 0.534146 0.006061 0.000857 0.300000 0.006122
2.723333 0.534146 0.006266 0.000758 0.300000 0.006312
2.850000 0.534146 0.006241 0.000506 0.300000 0.006262
2.976667 0.534146 0.005881 0.000179 0.300000 0.005884
3.103333 0.534146 0.005064 -0.000234 0.300000 0.005069
3.230000 0.534146 0.003226 -0.000062 0.300000 0.003227
3.356667 0.534146 0.001978 0.000332 0.600000 0.002006
3.483333 0.534146 0.001633 -0.000035 0.600000 0.001633
3.610000 0.534146 0.000608 -0.000215 0.600000 0.000645
3.736667 0.534146 0.000000 0.000000 0.000000 0.000000
0.063333 0.548780 0.000000 0.000000 0.000000 0.000000
0.190000 0.548780 0.000229 0.000383 0.600000 0.000446
0.316667 0.548780 0.000596 0.000290 0.600000 0.000663
0.443333 0.548780 0.000939 0.000126 0.600000 0.000948
0.570000 0.548780 0.001215 -0.000375 0.300000 0.001271
0.696667 0.548780 0.000906 -0.000296 0.300000 0.000953
0.823333 0.548780 0.000331 -0.000094 0.300000 0.000345
0.950000 0.548780 0.000108 0.000155 0.300000 0.000189
1.076667 0.548780 0.000080 0.000385 0.300000 0.000393
1.203333 0.548780 0.000177 0.000518 0.300000 0.000548
1.330000 0.548780 0.000507 0.000549 0.300000 0.000747
1.456667 0.548780 0.000931 0.000535 0.300000 0.001074
1.583333 0.548780 0.001099 0.000439 0.300000 0.001184
1.710000 0.548780 0.000388 0.000166 0.300000 0.000422
1.836667 0.548780 0.000733 0.000235 0.600000 0.000769
1.963333 0.548780 0.002370 -0.000097 0.600000 0.002372
2.090000 0.548780 0.003683 0.000182 0.300000 0.003687
2.216667 0.548780 0.004502 0.000371 0.300000 0.004517
2.343333 0.548780 0.004942 0.000492 0.300000 0.004966
2.470000 0.548780 0.005583 0.000583 0.300000 0.005614
2.596667 0.548780 0.006051 0.000627 0.300000 0.006083
2.723333 0.548780 0.006235 0.000565 0.300000 0.006261
2.850000 0.548780 0.006192 0.000384 0.300000 0.006203
2.976667 0.548780 0.005799 0.000147 0.300000 0.005801
3.103333 0.548780 0.004922 -0.000154 0.300000 0.004924
3.230000 0.548780 0.003090 -0.000042 0.300000 0.003090
3.356667 0.548780 0.001861 0.000234 0.600000 0.001876
3.483333 0.548780 0.001532 -0.000013 0.600000 0.001533
3.610000 0.548780 0.000578 -0.000146 0.600000 0.000596
3.736667 0.548780 0.000000 0.000000 0.000000 0.000000
0.063333 0.563415 0.000000 0.000000 0.000000 0.000000
0.190000 0.563415 0.000256 0.000236 0.600000 0.000349
0.316667 0.563415 0.000672 0.000180 0.600000 0.000696
0.443333 0.563415 0.001030 0.000078 0.600000 0.001033
0.570000 0.563415 0.001342 -0.000268 0.300000 0.001369
0.696667 0.563415 0.001053 -0.000238 0.300000 0.001079
0.823333 0.563415 0.000445 -0.000117 0.300000 0.000460
0.950000 0.563415 0.000211 0.000042 0.300000 0.000215
1.076667 0.563415 0.000189 0.000189 0.300000 0.000267
1.203333 0.563415 0.000297 0.000275 0.300000 0.000404
1.330000 0.563415 0.000633 0.000296 0.300000 0.000699
1.456667 0.563415 0.001045 0.000290 0.300000 0.001085
1.583333 0.563415 0.001173 0.000232 0.300000 0.001195
1.710000 0.563415 0.000408 0.000090 0.300000 0.000418
1.836667 0.563415 0.000779 0.000153 0.600000 0.000794
1.963333 0.563415 0.002468 -0.000058 0.600000 0.002469
2.090000 0.563415 0.003802 0.000088 0.300000 0.003803
2.216667 0.563415 0.004602 0.000203 0.300000 0.004606
2.343333 0.563415 0.004983 0.000285 0.300000 0.004991
2.470000 0.563415 0.005595 0.000352 0.300000 0.005606
2.596667 0.563415 0.006045 0.000389 0.300000 0.006058
2.723333 0.563415 0.006214 0.000357 0.300000 0.006224
2.850000 0.563415 0.006156 0.000247 0.300000 0.006161
2.976667 0.563415 0.005736 0.000102 0.300000 0.005737
3.103333 0.563415 0.004802 -0.000083 0.300000 0.004802
3.230000 0.563415 0.002966 -0.000024 0.300000 0.002967
3.356667 0.563415 0.001756 0.000140 0.600000 0.001761
3.483333 0.563415 0.001448 -0.000001 0.600000 0.001448
3.610000 0.563415 0.000553 -0.000083 0.600000 0.000560
3.736667 0.563415 0.000000 0.000000 0.000000 0.000000
0.063333 0.578049 0.000000 0.000000 0.000000 0.000000
0.190000 0.578049 0.000289 0.000080 0.600000 0.000300
0.316667 0.578049 0.000763 0.000061 0.600000 0.000766
0.443333 0.578049 0.001144 0.000027 0.600000 0.001144
0.570000 0.578049 0.001491 -0.000100 0.300000 0.001495
0.696667 0.578049 0.001208 -0.000094 0.300000 0.001211
0.823333 0.578049 0.000555 -0.000054 0.300000 0.000558
0.950000 0.578049 0.000311 0.000002 0.300000 0.000311
1.076667 0.578049 0.000300 0.000053 0.300000 0.000304
1.203333 0.578049 0.000427 0.000083 0.300000 0.000435
1.330000 0.578049 0.000775 0.000091 0.300000 0.000780
1.456667 0.578049 0.001177 0.000089 0.300000 0.001180
1.583333 0.578049 0.001261 0.000070 0.300000 0.001263
1.710000 0.578049 0.000433 0.000028 0.300000 0.000433
1.836667 0.578049 0.000838 0.000054 0.600000 0.000840
1.963333 0.578049 0.002587 -0.000019 0.600000 0.002587
2.090000 0.578049 0.003934 0.000024 0.300000 0.003934
2.216667 0.578049 0.004710 0.000063 0.300000 0.004710
2.343333 0.578049 0.005024 0.000093 0.300000 0.005025
2.470000 0.578049 0.005604 0.000118 0.300000 0.005606
2.596667 0.578049 0.006039 0.000133 0.300000 0.006041
2.723333 0.578049 0.006199 0.000124 0.300000 0.006200
2.850000 0.578049 0.006131 0.000087 0.300000 0.006132
2.976667 0.578049 0.005685 0.000038 0.300000 0.005685
3.103333 0.578049 0.004685 -0.000025 0.300000 0.004685
3.230000 0.578049 0.002827 -0.000008 0.300000 0.002827
3.356667 0.578049 0.001636 0.000047 0.600000 0.001637
3.483333 0.578049 0.001363 0.000001 0.600000 0.001363
3.610000 0.578049 0.000529 -0.000027 0.600000 0.000530
3.736667 0.578049 0.000000 0.000000 0.000000 0.000000
0.063333 0.592683 0.000000 0.000000 0.000000 0.000000
0.190000 0.592683 0.000000 0.000000 0.000000 0.000000
0.316667 0.592683 0.000000 0.000000 0.000000 0.000000
0.443333 0.592683 0.000000 0.000000 0.000000 0.000000
0.570000 0.592683 0.000000 0.000000 0.000000 0.000000
0.696667 0.592683 0.000000 0.000000 0.000000 0.000000
0.823333 0.592683 0.000000 0.000000 0.000000 0.000000
0.950000 0.592683 0.000000 0.000000 0.000000 0.000000
1.076667 0.592683 0.000000 0.000000 0.000000 0.000000
1.203333 0.592683 0.000000 0.000000 0.000000 0.000000
1.330000 0.592683 0.000000 0.000000 0.000000 0.000000
1.456667 0.592683 0.000000 0.000000 0.000000 0.000000
1.583333 0.592683 0.000000 0.000000 0.000000 0.000000
1.710000 0.592683 0.000000 0.000000 0.000000 0.000000
1.836667 0.592683 0.000000 0.000000 0.000000 0.000000
1.963333 0.592683 0.000000 0.000000 0.000000 0.000000
2.090000 0.592683 0.000000 0.000000 0.000000 0.000000
2.216667 0.592683 0.000000 0.000000 0.000000 0.000000
2.343333 0.592683 0.000000 0.000000 0.000000 0.000000
2.470000 0.592683 0.000000 0.000000 0.000000 0.000000
2.596667 0.592683 0.000000 0.000000 0.000000 0.000000
2.723333 0.592683 0.000000 0.000000 0.000000 0.000000
2.850000 0.592683 0.000000 0.000000 0.000000 0.000000
2.976667 0.592683 0.000000 0.000000 0.000000 0.000000
3.103333 0.592683 0.000000 0.000000 0.000000 0.000000
3.230000 0.592683 0.000000 0.000000 0.000000 0.000000
3.356667 0.592683 0.000000 0.000000 0.000000 0.000000
3.483333 0.592683 0.000000 0.000000 0.000000 0.000000
3.610000 0.592683 0.000000 0.000000 0.000000 0.000000
3.736667 0.592683 0.000000 0.000000 0.000000 0.000000
