TITLE="(Vx,Vy)"
VARIABLES=X,Y,Vx,Vy,Vm,V
ZONE T="T-Dummy" I=30, J=41, F=POINT
0.063333 0.007317 0.000000 0.000000 0.000000 0.000000
0.190000 0.007317 0.000000 0.000000 0.000000 0.000000
0.316667 0.007317 0.000000 0.000000 0.000000 0.000000
0.443333 0.007317 0.000000 0.000000 0.000000 0.000000
0.570000 0.007317 0.000000 0.000000 0.000000 0.000000
0.696667 0.007317 0.000000 0.000000 0.000000 0.000000
0.823333 0.007317 0.000000 0.000000 0.000000 0.000000
0.950000 0.007317 0.000000 0.000000 0.000000 0.000000
1.076667 0.007317 0.000000 0.000000 0.000000 0.000000
1.203333 0.007317 0.000000 0.000000 0.000000 0.000000
1.330000 0.007317 0.000000 0.000000 0.000000 0.000000
1.456667 0.007317 0.000000 0.000000 0.000000 0.000000
1.583333 0.007317 0.000000 0.000000 0.000000 0.000000
1.710000 0.007317 0.000000 0.000000 0.000000 0.000000
1.836667 0.007317 0.000000 0.000000 0.000000 0.000000
1.963333 0.007317 0.000000 0.000000 0.000000 0.000000
2.090000 0.007317 0.000000 0.000000 0.000000 0.000000
2.216667 0.007317 0.000000 0.000000 0.000000 0.000000
2.343333 0.007317 0.000000 0.000000 0.000000 0.000000
2.470000 0.007317 0.000000 0.000000 0.000000 0.000000
2.596667 0.007317 0.000000 0.000000 0.000000 0.000000
2.723333 0.007317 0.000000 0.000000 0.000000 0.000000
2.850000 0.007317 0.000000 0.000000 0.000000 0.000000
2.976667 0.007317 0.000000 0.000000 0.000000 0.000000
3.103333 0.007317 0.000000 0.000000 0.000000 0.000000
3.230000 0.007317 0.000000 0.000000 0.000000 0.000000
3.356667 0.007317 0.000000 0.000000 0.000000 0.000000
3.483333 0.007317 0.000000 0.000000 0.000000 0.000000
3.610000 0.007317 0.000000 0.000000 0.000000 0.000000
3.736667 0.007317 0.000000 0.000000 0.000000 0.000000
0.063333 0.021951 0.000000 0.000000 0.000000 0.000000
0.190000 0.021951 -0.001656 0.000012 0.900000 0.001656
0.316667 0.021951 -0.004703 -0.000012 0.900000 0.004703
0.443333 0.021951 -0.007289 -0.000016 0.900000 0.007289
0.570000 0.021951 -0.010676 0.000136 0.900000 0.010677
0.696667 0.021951 -0.013896 0.000014 0.900000 0.013896
0.823333 0.021951 -0.014825 -0.000141 0.900000 0.014826
0.950000 0.021951 -0.014656 -0.000124 0.900000 0.014657
1.076667 0.021951 -0.014211 -0.000134 0.900000 0.014211
1.203333 0.021951 -0.013235 -0.000136 0.900000 0.013235
1.330000 0.021951 -0.011895 -0.000128 0.900000 0.011896
1.456667 0.021951 -0.010338 -0.000110 0.900000 0.010338
1.583333 0.021951 -0.008900 -0.000064 0.900000 0.008900
1.710000 0.021951 -0.008273 0.000026 0.900000 0.008273
1.836667 0.021951 -0.009005 0.000125 0.900000 0.009006
1.963333 0.021951 -0.010365 0.000107 0.900000 0.010366
2.090000 0.021951 -0.010734 -0.000012 0.900000 0.010734
2.216667 0.021951 -0.009628 -0.000094 0.900000 0.009628
2.343333 0.021951 -0.007806 -0.000110 0.900000 0.007806
2.470000 0.021951 -0.005988 -0.000096 0.900000 0.005988
2.596667 0.021951 -0.004413 -0.000086 0.900000 0.004414
2.723333 0.021951 -0.003085 -0.000080 0.900000 0.003086
2.850000 0.021951 -0.001975 -0.000082 0.900000 0.001976
2.976667 0.021951 -0.000924 -0.000101 0.900000 0.000929
3.103333 0.021951 0.000593 -0.000180 0.900000 0.000619
3.230000 0.021951 0.001518 -0.000054 0.900000 0.001519
3.356667 0.021951 0.001308 -0.000008 0.900000 0.001308
3.483333 0.021951 0.000969 0.000004 0.900000 0.000969
3.610000 0.021951 0.000395 0.000027 0.900000 0.000396
3.736667 0.021951 0.000000 0.000000 0.000000 0.000000
0.063333 0.036585 0.000000 0.000000 0.000000 0.000000
0.190000 0.036585 -0.001647 0.000036 0.900000 0.001647
0.316667 0.036585 -0.004642 -0.000040 0.900000 0.004643
0.443333 0.036585 -0.006987 -0.000072 0.900000 0.006987
0.570000 0.036585 -0.007677 0.000113 0.900000 0.007678
0.696667 0.036585 -0.009015 0.000152 0.900000 0.009016
0.823333 0.036585 -0.012027 -0.000213 0.900000 0.012029
0.950000 0.036585 -0.013918 -0.000265 0.900000 0.013921
1.076667 0.036585 -0.014480 -0.000317 0.900000 0.014483
1.203333 0.036585 -0.014291 -0.000329 0.900000 0.014295
1.330000 0.036585 -0.013662 -0.000311 0.900000 0.013665
1.456667 0.036585 -0.012696 -0.000269 0.900000 0.012699
1.583333 0.036585 -0.011529 -0.000164 0.900000 0.011530
1.710000 0.036585 -0.010513 0.000049 0.900000 0.010514
1.836667 0.036585 -0.009979 0.000288 0.900000 0.009983
1.963333 0.036585 -0.009658 0.000238 0.900000 0.009661
2.090000 0.036585 -0.008874 -0.000059 0.900000 0.008874
2.216667 0.036585 -0.007531 -0.000251 0.900000 0.007535
2.343333 0.036585 -0.006082 -0.000279 0.900000 0.006089
2.470000 0.036585 -0.004842 -0.000236 0.900000 0.004848
2.596667 0.036585 -0.003860 -0.000205 0.900000 0.003866
2.723333 0.036585 -0.003159 -0.000183 0.900000 0.003164
2.850000 0.036585 -0.002874 -0.000168 0.900000 0.002879
2.976667 0.036585 -0.003415 -0.000151 0.900000 0.003419
3.103333 0.036585 -0.003650 -0.000421 0.900000 0.003674
3.230000 0.036585 -0.001266 -0.000395 0.900000 0.001326
3.356667 0.036585 0.000890 -0.000052 0.900000 0.000891
3.483333 0.036585 0.000870 0.000006 0.900000 0.000870
3.610000 0.036585 0.000377 0.000080 0.900000 0.000386
3.736667 0.036585 0.000000 0.000000 0.000000 0.000000
0.063333 0.051220 0.000000 0.000000 0.000000 0.000000
0.190000 0.051220 -0.001653 0.000060 0.900000 0.001654
0.316667 0.051220 -0.004635 -0.000075 0.900000 0.004635
0.443333 0.051220 -0.006922 -0.000158 0.900000 0.006924
0.570000 0.051220 -0.008080 -0.000152 0.900000 0.008082
0.696667 0.051220 -0.009647 0.000354 0.900000 0.009654
0.823333 0.051220 -0.012228 -0.000095 0.900000 0.012229
0.950000 0.051220 -0.013935 -0.000303 0.900000 0.013938
1.076667 0.051220 -0.014455 -0.000415 0.900000 0.014461
1.203333 0.051220 -0.014246 -0.000443 0.900000 0.014253
1.330000 0.051220 -0.013608 -0.000422 0.900000 0.013615
1.456667 0.051220 -0.012637 -0.000369 0.900000 0.012642
1.583333 0.051220 -0.011462 -0.000238 0.900000 0.011465
1.710000 0.051220 -0.010438 0.000041 0.900000 0.010439
1.836667 0.051220 -0.009907 0.000363 0.900000 0.009914
1.963333 0.051220 -0.009601 0.000286 0.900000 0.009605
2.090000 0.051220 -0.008822 -0.000129 0.900000 0.008823
2.216667 0.051220 -0.007471 -0.000379 0.900000 0.007480
2.343333 0.051220 -0.006014 -0.000398 0.900000 0.006027
2.470000 0.051220 -0.004772 -0.000324 0.900000 0.004783
2.596667 0.051220 -0.003786 -0.000273 0.900000 0.003796
2.723333 0.051220 -0.003066 -0.000229 0.900000 0.003075
2.850000 0.051220 -0.002714 -0.000180 0.900000 0.002720
2.976667 0.051220 -0.002908 -0.000079 0.900000 0.002909
3.103333 0.051220 -0.002773 -0.000549 0.900000 0.002826
3.230000 0.051220 -0.000948 -0.000886 0.900000 0.001298
3.356667 0.051220 0.000686 -0.000133 0.900000 0.000699
3.483333 0.051220 0.000823 -0.000003 0.900000 0.000823
3.610000 0.051220 0.000375 0.000131 0.900000 0.000397
3.736667 0.051220 0.000000 0.000000 0.000000 0.000000
0.063333 0.065854 0.000000 0.000000 0.000000 0.000000
0.190000 0.065854 -0.001671 0.000088 0.900000 0.001673
0.316667 0.065854 -0.004660 -0.000113 0.900000 0.004661
0.443333 0.065854 -0.006935 -0.000252 0.900000 0.006939
0.570000 0.065854 -0.008464 -0.000326 0.900000 0.008471
0.696667 0.065854 -0.010202 0.000476 0.900000 0.010214
0.823333 0.065854 -0.012434 -0.000018 0.900000 0.012434
0.950000 0.065854 -0.013962 -0.000350 0.900000 0.013966
1.076667 0.065854 -0.014434 -0.000519 0.900000 0.014443
1.203333 0.065854 -0.014205 -0.000561 0.900000 0.014216
1.330000 0.065854 -0.013559 -0.000534 0.900000 0.013570
1.456667 0.065854 -0.012586 -0.000472 0.900000 0.012595
1.583333 0.065854 -0.011404 -0.000315 0.900000 0.011409
1.710000 0.065854 -0.010368 0.000030 0.900000 0.010368
1.836667 0.065854 -0.009835 0.000439 0.900000 0.009845
1.963333 0.065854 -0.009541 0.000335 0.900000 0.009546
2.090000 0.065854 -0.008762 -0.000200 0.900000 0.008764
2.216667 0.065854 -0.007399 -0.000509 0.900000 0.007417
2.343333 0.065854 -0.005938 -0.000517 0.900000 0.005961
2.470000 0.065854 -0.004699 -0.000412 0.900000 0.004717
2.596667 0.065854 -0.003710 -0.000343 0.900000 0.003726
2.723333 0.065854 -0.002967 -0.000280 0.900000 0.002981
2.850000 0.065854 -0.002540 -0.000206 0.900000 0.002548
2.976667 0.065854 -0.002441 -0.000065 0.900000 0.002442
3.103333 0.065854 -0.002033 -0.000680 0.900000 0.002144
3.230000 0.065854 -0.000635 -0.001234 0.900000 0.001388
3.356667 0.065854 0.000587 -0.000229 0.900000 0.000630
3.483333 0.065854 0.000810 -0.000020 0.900000 0.000810
3.610000 0.065854 0.000385 0.000183 0.900000 0.000426
3.736667 0.065854 0.000000 0.000000 0.000000 0.000000
0.063333 0.080488 0.000000 0.000000 0.000000 0.000000
0.190000 0.080488 -0.001699 0.000123 0.900000 0.001703
0.316667 0.080488 -0.004713 -0.000153 0.900000 0.004715
0.443333 0.080488 -0.007004 -0.000347 0.900000 0.007013
0.570000 0.080488 -0.008819 -0.000437 0.900000 0.008830
0.696667 0.080488 -0.010676 0.000536 0.900000 0.010689
0.823333 0.080488 -0.012629 0.000022 0.900000 0.012629
0.950000 0.080488 -0.013987 -0.000408 0.900000 0.013993
1.076667 0.080488 -0.014406 -0.000628 0.900000 0.014419
1.203333 0.080488 -0.014155 -0.000681 0.900000 0.014171
1.330000 0.080488 -0.013504 -0.000649 0.900000 0.013519
1.456667 0.080488 -0.012532 -0.000576 0.900000 0.012545
1.583333 0.080488 -0.011349 -0.000395 0.900000 0.011356
1.710000 0.080488 -0.010301 0.000017 0.900000 0.010301
1.836667 0.080488 -0.009761 0.000515 0.900000 0.009775
1.963333 0.080488 -0.009468 0.000385 0.900000 0.009475
2.090000 0.080488 -0.008683 -0.000274 0.900000 0.008688
2.216667 0.080488 -0.007313 -0.000641 0.900000 0.007341
2.343333 0.080488 -0.005853 -0.000637 0.900000 0.005888
2.470000 0.080488 -0.004620 -0.000500 0.900000 0.004647
2.596667 0.080488 -0.003628 -0.000416 0.900000 0.003652
2.723333 0.080488 -0.002862 -0.000336 0.900000 0.002881
2.850000 0.080488 -0.002355 -0.000245 0.900000 0.002368
2.976667 0.080488 -0.002008 -0.000097 0.900000 0.002011
3.103333 0.080488 -0.001392 -0.000810 0.900000 0.001611
3.230000 0.080488 -0.000319 -0.001475 0.900000 0.001509
3.356667 0.080488 0.000571 -0.000328 0.900000 0.000659
3.483333 0.080488 0.000830 -0.000042 0.900000 0.000831
3.610000 0.080488 0.000407 0.000239 0.900000 0.000472
3.736667 0.080488 0.000000 0.000000 0.000000 0.000000
0.063333 0.095122 0.000000 0.000000 0.000000 0.000000
0.190000 0.095122 -0.001739 0.000168 0.900000 0.001747
0.316667 0.095122 -0.004797 -0.000192 0.900000 0.004801
0.443333 0.095122 -0.007124 -0.000439 0.900000 0.007137
0.570000 0.095122 -0.009156 -0.000505 0.900000 0.009170
0.696667 0.095122 -0.011089 0.000550 0.900000 0.011102
0.823333 0.095122 -0.012815 0.000027 0.900000 0.012815
0.950000 0.095122 -0.014017 -0.000477 0.900000 0.014025
1.076667 0.095122 -0.014379 -0.000741 0.900000 0.014398
1.203333 0.095122 -0.014104 -0.000803 0.900000 0.014127
1.330000 0.095122 -0.013450 -0.000763 0.900000 0.013471
1.456667 0.095122 -0.012484 -0.000681 0.900000 0.012503
1.583333 0.095122 -0.011304 -0.000476 0.900000 0.011314
1.710000 0.095122 -0.010246 0.000001 0.900000 0.010246
1.836667 0.095122 -0.009691 0.000591 0.900000 0.009709
1.963333 0.095122 -0.009387 0.000434 0.900000 0.009397
2.090000 0.095122 -0.008592 -0.000349 0.900000 0.008599
2.216667 0.095122 -0.007217 -0.000773 0.900000 0.007258
2.343333 0.095122 -0.005762 -0.000757 0.900000 0.005812
2.470000 0.095122 -0.004539 -0.000588 0.900000 0.004577
2.596667 0.095122 -0.003544 -0.000491 0.900000 0.003577
2.723333 0.095122 -0.002752 -0.000396 0.900000 0.002780
2.850000 0.095122 -0.002165 -0.000297 0.900000 0.002185
2.976667 0.095122 -0.001607 -0.000164 0.900000 0.001615
3.103333 0.095122 -0.000831 -0.000935 0.900000 0.001251
3.230000 0.095122 -0.000003 -0.001635 0.900000 0.001635
3.356667 0.095122 0.000621 -0.000424 0.900000 0.000752
3.483333 0.095122 0.000885 -0.000067 0.900000 0.000887
3.610000 0.095122 0.000442 0.000302 0.900000 0.000535
3.736667 0.095122 0.000000 0.000000 0.000000 0.000000
0.063333 0.109756 0.000000 0.000000 0.000000 0.000000
0.190000 0.109756 -0.001789 0.000224 0.900000 0.001803
0.316667 0.109756 -0.004907 -0.000229 0.900000 0.004913
0.443333 0.109756 -0.007281 -0.000526 0.900000 0.007299
0.570000 0.109756 -0.009474 -0.000544 0.900000 0.009490
0.696667 0.109756 -0.011444 0.000526 0.900000 0.011457
0.823333 0.109756 -0.012981 0.000002 0.900000 0.012981
0.950000 0.109756 -0.014039 -0.000556 0.900000 0.014050
1.076667 0.109756 -0.014342 -0.000859 0.900000 0.014367
1.203333 0.109756 -0.014043 -0.000927 0.900000 0.014074
1.330000 0.109756 -0.013387 -0.000878 0.900000 0.013416
1.456667 0.109756 -0.012433 -0.000785 0.900000 0.012458
1.583333 0.109756 -0.011262 -0.000558 0.900000 0.011275
1.710000 0.109756 -0.010195 -0.000018 0.900000 0.010196
1.836667 0.109756 -0.009618 0.000665 0.900000 0.009641
1.963333 0.109756 -0.009291 0.000483 0.900000 0.009303
2.090000 0.109756 -0.008480 -0.000425 0.900000 0.008491
2.216667 0.109756 -0.007103 -0.000905 0.900000 0.007161
2.343333 0.109756 -0.005662 -0.000876 0.900000 0.005730
2.470000 0.109756 -0.004452 -0.000676 0.900000 0.004503
2.596667 0.109756 -0.003454 -0.000567 0.900000 0.003501
2.723333 0.109756 -0.002637 -0.000460 0.900000 0.002677
2.850000 0.109756 -0.001972 -0.000362 0.900000 0.002005
2.976667 0.109756 -0.001232 -0.000258 0.900000 0.001259
3.103333 0.109756 -0.000332 -0.001052 0.900000 0.001103
3.230000 0.109756 0.000312 -0.001734 0.900000 0.001761
3.356667 0.109756 0.000725 -0.000511 0.900000 0.000887
3.483333 0.109756 0.000971 -0.000094 0.900000 0.000976
3.610000 0.109756 0.000489 0.000376 0.900000 0.000617
3.736667 0.109756 0.000000 0.000000 0.000000 0.000000
0.063333 0.124390 0.000000 0.000000 0.000000 0.000000
0.190000 0.124390 -0.001851 0.000295 0.900000 0.001875
0.316667 0.124390 -0.005045 -0.000263 0.900000 0.005052
0.443333 0.124390 -0.007470 -0.000607 0.900000 0.007495
0.570000 0.124390 -0.009780 -0.000568 0.900000 0.009797
0.696667 0.124390 -0.011757 0.000472 0.900000 0.011766
0.823333 0.124390 -0.013129 -0.000049 0.900000 0.013129
0.950000 0.124390 -0.014056 -0.000645 0.900000 0.014071
1.076667 0.124390 -0.014299 -0.000981 0.900000 0.014333
1.203333 0.124390 -0.013976 -0.001051 0.900000 0.014016
1.330000 0.124390 -0.013321 -0.000991 0.900000 0.013358
1.456667 0.124390 -0.012384 -0.000886 0.900000 0.012415
1.583333 0.124390 -0.011228 -0.000640 0.900000 0.011246
1.710000 0.124390 -0.010156 -0.000040 0.900000 0.010156
1.836667 0.124390 -0.009547 0.000736 0.900000 0.009575
1.963333 0.124390 -0.009181 0.000529 0.900000 0.009196
2.090000 0.124390 -0.008348 -0.000501 0.900000 0.008363
2.216667 0.124390 -0.006976 -0.001033 0.900000 0.007052
2.343333 0.124390 -0.005555 -0.000991 0.900000 0.005643
2.470000 0.124390 -0.004362 -0.000762 0.900000 0.004428
2.596667 0.124390 -0.003362 -0.000645 0.900000 0.003424
2.723333 0.124390 -0.002519 -0.000527 0.900000 0.002573
2.850000 0.124390 -0.001778 -0.000436 0.900000 0.001830
2.976667 0.124390 -0.000882 -0.000370 0.900000 0.000956
3.103333 0.124390 0.000117 -0.001159 0.900000 0.001165
3.230000 0.124390 0.000624 -0.001784 0.900000 0.001890
3.356667 0.124390 0.000870 -0.000587 0.900000 0.001050
3.483333 0.124390 0.001089 -0.000121 0.900000 0.001096
3.610000 0.124390 0.000550 0.000463 0.900000 0.000719
3.736667 0.124390 0.000000 0.000000 0.000000 0.000000
0.063333 0.139024 0.000000 0.000000 0.000000 0.000000
0.190000 0.139024 -0.001924 0.000384 0.900000 0.001962
0.316667 0.139024 -0.005209 -0.000292 0.900000 0.005217
0.443333 0.139024 -0.007687 -0.000682 0.900000 0.007717
0.570000 0.139024 -0.010078 -0.000584 0.900000 0.010094
0.696667 0.139024 -0.012031 0.000391 0.900000 0.012038
0.823333 0.139024 -0.013254 -0.000124 0.900000 0.013254
0.950000 0.139024 -0.014061 -0.000743 0.900000 0.014081
1.076667 0.139024 -0.014247 -0.001106 0.900000 0.014290
1.203333 0.139024 -0.013900 -0.001174 0.900000 0.013949
1.330000 0.139024 -0.013249 -0.001100 0.900000 0.013295
1.456667 0.139024 -0.012334 -0.000984 0.900000 0.012373
1.583333 0.139024 -0.011202 -0.000719 0.900000 0.011225
1.710000 0.139024 -0.010126 -0.000064 0.900000 0.010126
1.836667 0.139024 -0.009475 0.000803 0.900000 0.009509
1.963333 0.139024 -0.009052 0.000572 0.900000 0.009070
2.090000 0.139024 -0.008190 -0.000575 0.900000 0.008211
2.216667 0.139024 -0.006832 -0.001156 0.900000 0.006929
2.343333 0.139024 -0.005440 -0.001103 0.900000 0.005551
2.470000 0.139024 -0.004268 -0.000845 0.900000 0.004351
2.596667 0.139024 -0.003266 -0.000722 0.900000 0.003345
2.723333 0.139024 -0.002397 -0.000596 0.900000 0.002470
2.850000 0.139024 -0.001584 -0.000519 0.900000 0.001667
2.976667 0.139024 -0.000551 -0.000495 0.900000 0.000741
3.103333 0.139024 0.000527 -0.001253 0.900000 0.001360
3.230000 0.139024 0.000933 -0.001796 0.900000 0.002024
3.356667 0.139024 0.001049 -0.000653 0.900000 0.001235
3.483333 0.139024 0.001238 -0.000147 0.900000 0.001246
3.610000 0.139024 0.000624 0.000566 0.900000 0.000843
3.736667 0.139024 0.000000 0.000000 0.000000 0.000000
0.063333 0.153659 0.000000 0.000000 0.000000 0.000000
0.190000 0.153659 -0.002008 0.000493 0.900000 0.002067
0.316667 0.153659 -0.005396 -0.000316 0.900000 0.005405
0.443333 0.153659 -0.007926 -0.000752 0.900000 0.007961
0.570000 0.153659 -0.010367 -0.000599 0.900000 0.010384
0.696667 0.153659 -0.012271 0.000284 0.900000 0.012274
0.823333 0.153659 -0.013350 -0.000220 0.900000 0.013352
0.950000 0.153659 -0.014049 -0.000847 0.900000 0.014074
1.076667 0.153659 -0.014179 -0.001231 0.900000 0.014233
1.203333 0.153659 -0.013809 -0.001294 0.900000 0.013869
1.330000 0.153659 -0.013165 -0.001205 0.900000 0.013220
1.456667 0.153659 -0.012279 -0.001074 0.900000 0.012326
1.583333 0.153659 -0.011180 -0.000794 0.900000 0.011208
1.710000 0.153659 -0.010107 -0.000090 0.900000 0.010107
1.836667 0.153659 -0.009401 0.000862 0.900000 0.009441
1.963333 0.153659 -0.008898 0.000610 0.900000 0.008919
2.090000 0.153659 -0.008001 -0.000645 0.900000 0.008027
2.216667 0.153659 -0.006668 -0.001269 0.900000 0.006787
2.343333 0.153659 -0.005316 -0.001208 0.900000 0.005452
2.470000 0.153659 -0.004168 -0.000925 0.900000 0.004270
2.596667 0.153659 -0.003165 -0.000799 0.900000 0.003264
2.723333 0.153659 -0.002271 -0.000665 0.900000 0.002367
2.850000 0.153659 -0.001391 -0.000608 0.900000 0.001519
2.976667 0.153659 -0.000238 -0.000628 0.900000 0.000671
3.103333 0.153659 0.000908 -0.001333 0.900000 0.001613
3.230000 0.153659 0.001237 -0.001776 0.900000 0.002164
3.356667 0.153659 0.001254 -0.000708 0.900000 0.001440
3.483333 0.153659 0.001416 -0.000171 0.900000 0.001426
3.610000 0.153659 0.000712 0.000689 0.900000 0.000991
3.736667 0.153659 0.000000 0.000000 0.000000 0.000000
0.063333 0.168293 0.000000 0.000000 0.000000 0.000000
0.190000 0.168293 -0.002103 0.000627 0.900000 0.002195
0.316667 0.168293 -0.005610 -0.000335 0.900000 0.005620
0.443333 0.168293 -0.008190 -0.000817 0.900000 0.008230
0.570000 0.168293 -0.010659 -0.000617 0.900000 0.010677
0.696667 0.168293 -0.012488 0.000151 0.900000 0.012488
0.823333 0.168293 -0.013425 -0.000334 0.900000 0.013429
0.950000 0.168293 -0.014025 -0.000956 0.900000 0.014058
1.076667 0.168293 -0.014104 -0.001356 0.899999 0.014169
1.203333 0.168293 -0.013713 -0.001409 0.900000 0.013785
1.330000 0.168293 -0.013079 -0.001301 0.900000 0.013144
1.456667 0.168293 -0.012230 -0.001156 0.900000 0.012284
1.583333 0.168293 -0.011174 -0.000861 0.900000 0.011208
1.710000 0.168293 -0.010109 -0.000117 0.900000 0.010110
1.836667 0.168293 -0.009334 0.000911 0.900000 0.009378
1.963333 0.168293 -0.008721 0.000640 0.900000 0.008744
2.090000 0.168293 -0.007781 -0.000707 0.900000 0.007814
2.216667 0.168293 -0.006488 -0.001369 0.900000 0.006631
2.343333 0.168293 -0.005189 -0.001306 0.900000 0.005350
2.470000 0.168293 -0.004068 -0.001000 0.900000 0.004189
2.596667 0.168293 -0.003062 -0.000873 0.900000 0.003184
2.723333 0.168293 -0.002145 -0.000732 0.900000 0.002266
2.850000 0.168293 -0.001202 -0.000700 0.900000 0.001391
2.976667 0.168293 0.000061 -0.000763 0.900000 0.000765
3.103333 0.168293 0.001266 -0.001396 0.900000 0.001884
3.230000 0.168293 0.001535 -0.001727 0.900000 0.002311
3.356667 0.168293 0.001479 -0.000754 0.900000 0.001660
3.483333 0.168293 0.001622 -0.000194 0.900000 0.001634
3.610000 0.168293 0.000815 0.000836 0.900000 0.001167
3.736667 0.168293 0.000000 0.000000 0.000000 0.000000
0.063333 0.182927 0.000000 0.000000 0.000000 0.000000
0.190000 0.182927 -0.002208 0.000787 0.900000 0.002344
0.316667 0.182927 -0.005842 -0.000348 0.900000 0.005852
0.443333 0.182927 -0.008467 -0.000879 0.899998 0.008513
0.570000 0.182927 -0.010946 -0.000641 0.899997 0.010965
0.696667 0.182927 -0.012671 -0.000012 0.899996 0.012671
0.823333 0.182927 -0.013457 -0.000463 0.899990 0.013465
0.950000 0.182927 -0.013969 -0.001067 0.899982 0.014009
1.076667 0.182927 -0.014001 -0.001477 0.899976 0.014078
1.203333 0.182927 -0.013589 -0.001515 0.899981 0.013673
1.330000 0.182927 -0.012970 -0.001386 0.899991 0.013044
1.456667 0.182927 -0.012166 -0.001224 0.899995 0.012227
1.583333 0.182927 -0.011169 -0.000917 0.899997 0.011206
1.710000 0.182927 -0.010121 -0.000145 0.900000 0.010122
1.836667 0.182927 -0.009259 0.000946 0.900000 0.009307
1.963333 0.182927 -0.008500 0.000659 0.900000 0.008525
2.090000 0.182927 -0.007512 -0.000756 0.899998 0.007550
2.216667 0.182927 -0.006281 -0.001450 0.899989 0.006446
2.343333 0.182927 -0.005048 -0.001393 0.899987 0.005237
2.470000 0.182927 -0.003958 -0.001069 0.899990 0.004100
2.596667 0.182927 -0.002950 -0.000942 0.899991 0.003096
2.723333 0.182927 -0.002013 -0.000793 0.899989 0.002164
2.850000 0.182927 -0.001013 -0.000792 0.899983 0.001286
2.976667 0.182927 0.000351 -0.000895 0.899980 0.000962
3.103333 0.182927 0.001608 -0.001436 0.899977 0.002156
3.230000 0.182927 0.001826 -0.001649 0.899981 0.002460
3.356667 0.182927 0.001719 -0.000794 0.899991 0.001893
3.483333 0.182927 0.001859 -0.000215 0.899997 0.001871
3.610000 0.182927 0.000933 0.001009 0.900000 0.001374
3.736667 0.182927 0.000000 0.000000 0.000000 0.000000
0.063333 0.197561 0.000000 0.000000 0.000000 0.000000
0.190000 0.197561 -0.002327 0.000976 0.900000 0.002523
0.316667 0.197561 -0.006106 -0.000354 0.899977 0.006116
0.443333 0.197561 -0.008778 -0.000938 0.899856 0.008828
0.570000 0.197561 -0.011256 -0.000674 0.899823 0.011276
0.696667 0.197561 -0.012852 -0.000206 0.899762 0.012854
0.823333 0.197561 -0.013473 -0.000605 0.899576 0.013487
0.950000 0.197561 -0.013903 -0.001176 0.899389 0.013953
1.076667 0.197561 -0.013886 -0.001592 0.899245 0.013977
1.203333 0.197561 -0.013444 -0.001611 0.899385 0.013541
1.330000 0.197561 -0.012848 -0.001455 0.899655 0.012930
1.456667 0.197561 -0.012105 -0.001273 0.899758 0.012172
1.583333 0.197561 -0.011182 -0.000958 0.899833 0.011223
1.710000 0.197561 -0.010165 -0.000171 0.899971 0.010166
1.836667 0.197561 -0.009197 0.000962 0.900000 0.009247
1.963333 0.197561 -0.008247 0.000664 0.899999 0.008274
2.090000 0.197561 -0.007210 -0.000785 0.899880 0.007252
2.216667 0.197561 -0.006068 -0.001503 0.899560 0.006251
2.343333 0.197561 -0.004909 -0.001467 0.899506 0.005123
2.470000 0.197561 -0.003847 -0.001128 0.899593 0.004009
2.596667 0.197561 -0.002839 -0.000999 0.899625 0.003010
2.723333 0.197561 -0.001894 -0.000845 0.899527 0.002074
2.850000 0.197561 -0.000837 -0.000879 0.899325 0.001214
2.976667 0.197561 0.000636 -0.001022 0.899182 0.001204
3.103333 0.197561 0.001947 -0.001452 0.899128 0.002429
3.230000 0.197561 0.002095 -0.001539 0.899290 0.002600
3.356667 0.197561 0.001946 -0.000831 0.899383 0.002117
3.483333 0.197561 0.002134 -0.000237 0.899594 0.002147
3.610000 0.197561 0.001083 0.001214 0.899945 0.001627
3.736667 0.197561 0.000000 0.000000 0.000000 0.000000
0.063333 0.212195 0.000000 0.000000 0.000000 0.000000
0.190000 0.212195 -0.002558 0.001218 0.899950 0.002833
0.316667 0.212195 -0.006632 -0.000355 0.896709 0.006642
0.443333 0.212195 -0.009318 -0.001012 0.891814 0.009373
0.570000 0.212195 -0.011778 -0.000736 0.891896 0.011801
0.696667 0.212195 -0.013264 -0.000478 0.890374 0.013273
0.823333 0.212195 -0.013582 -0.000826 0.887012 0.013607
0.950000 0.212195 -0.013799 -0.001348 0.884938 0.013865
1.076667 0.212195 -0.013593 -0.001779 0.883443 0.013709
1.203333 0.212195 -0.012925 -0.001754 0.885530 0.013044
1.330000 0.212195 -0.012399 -0.001516 0.890094 0.012491
1.456667 0.212195 -0.011888 -0.001312 0.892031 0.011960
1.583333 0.212195 -0.011019 -0.000991 0.893571 0.011063
1.710000 0.212195 -0.010049 -0.000181 0.897531 0.010051
1.836667 0.212195 -0.009124 0.000964 0.899998 0.009175
1.963333 0.212195 -0.008172 0.000664 0.899881 0.008199
2.090000 0.212195 -0.007185 -0.000788 0.893667 0.007228
2.216667 0.212195 -0.005932 -0.001547 0.886986 0.006130
2.343333 0.212195 -0.004629 -0.001523 0.886362 0.004873
2.470000 0.212195 -0.003560 -0.001158 0.887663 0.003744
2.596667 0.212195 -0.002729 -0.000999 0.888398 0.002906
2.723333 0.212195 -0.001970 -0.000872 0.885783 0.002155
2.850000 0.212195 -0.000769 -0.000985 0.881434 0.001249
2.976667 0.212195 0.001053 -0.001192 0.878437 0.001591
3.103333 0.212195 0.002462 -0.001478 0.877965 0.002872
3.230000 0.212195 0.001671 -0.001320 0.881154 0.002130
3.356667 0.212195 0.000285 -0.000818 0.877133 0.000866
3.483333 0.212195 -0.000214 -0.000220 0.868465 0.000307
3.610000 0.212195 -0.000235 0.001283 0.856409 0.001304
3.736667 0.212195 0.000000 0.000000 0.000000 0.000000
0.063333 0.226829 0.000000 0.000000 0.000000 0.000000
0.190000 0.226829 -0.001471 0.001379 0.667017 0.002017
0.316667 0.226829 -0.004560 -0.000303 0.667220 0.004570
0.443333 0.226829 -0.008077 -0.000950 0.679470 0.008132
0.570000 0.226829 -0.011271 -0.000766 0.684572 0.011297
0.696667 0.226829 -0.012655 -0.000759 0.689170 0.012678
0.823333 0.226829 -0.012704 -0.001082 0.693557 0.012750
0.950000 0.226829 -0.012693 -0.001544 0.698304 0.012786
1.076667 0.226829 -0.012576 -0.001978 0.702628 0.012731
1.203333 0.226829 -0.012191 -0.001902 0.704033 0.012338
1.330000 0.226829 -0.011683 -0.001570 0.702573 0.011788
1.456667 0.226829 -0.010812 -0.001377 0.699534 0.010899
1.583333 0.226829 -0.009215 -0.001081 0.695287 0.009279
1.710000 0.226829 -0.007209 -0.000227 0.693131 0.007213
1.836667 0.226829 -0.005680 0.000999 0.698031 0.005767
1.963333 0.226829 -0.004839 0.000715 0.691335 0.004891
2.090000 0.226829 -0.003298 -0.000892 0.672751 0.003416
2.216667 0.226829 -0.001018 -0.001691 0.665112 0.001973
2.343333 0.226829 0.000643 -0.001649 0.656768 0.001770
2.470000 0.226829 0.001816 -0.001253 0.646249 0.002206
2.596667 0.226829 0.002724 -0.001036 0.635948 0.002915
2.723333 0.226829 0.003325 -0.000957 0.627507 0.003460
2.850000 0.226829 0.003942 -0.001159 0.621369 0.004108
2.976667 0.226829 0.004764 -0.001435 0.615518 0.004975
3.103333 0.226829 0.005184 -0.001569 0.607814 0.005416
3.230000 0.226829 0.003408 -0.000992 0.600241 0.003550
3.356667 0.226829 0.000578 -0.000680 0.600016 0.000892
3.483333 0.226829 -0.001014 -0.000165 0.600096 0.001027
3.610000 0.226829 -0.000748 0.001116 0.612967 0.001343
3.736667 0.226829 0.000000 0.000000 0.000000 0.000000
0.063333 0.241463 0.000000 0.000000 0.000000 0.000000
0.190000 0.241463 -0.000495 0.001326 0.605110 0.001415
0.316667 0.241463 -0.002480 -0.000194 0.600440 0.002487
0.443333 0.241463 -0.006596 -0.000643 0.600377 0.006627
0.570000 0.241463 -0.010404 -0.000766 0.600061 0.010432
0.696667 0.241463 -0.011672 -0.001024 0.600085 0.011717
0.823333 0.241463 -0.011716 -0.001344 0.600094 0.011793
0.950000 0.241463 -0.011716 -0.001747 0.600095 0.011846
1.076667 0.241463 -0.011925 -0.002136 0.600104 0.012114
1.203333 0.241463 -0.012096 -0.002041 0.600203 0.012267
1.330000 0.241463 -0.011770 -0.001706 0.600542 0.011893
1.456667 0.241463 -0.010806 -0.001549 0.600819 0.010916
1.583333 0.241463 -0.009050 -0.001314 0.600805 0.009145
1.710000 0.241463 -0.006454 -0.000420 0.601186 0.006468
1.836667 0.241463 -0.004714 0.001104 0.605482 0.004842
1.963333 0.241463 -0.004587 0.000873 0.604672 0.004669
2.090000 0.241463 -0.003056 -0.001209 0.600288 0.003287
2.216667 0.241463 -0.000590 -0.001948 0.600177 0.002035
2.343333 0.241463 0.000454 -0.001868 0.600056 0.001922
2.470000 0.241463 0.001113 -0.001477 0.600000 0.001850
2.596667 0.241463 0.001880 -0.001228 0.600000 0.002245
2.723333 0.241463 0.002550 -0.001170 0.600000 0.002806
2.850000 0.241463 0.003086 -0.001392 0.600000 0.003385
2.976667 0.241463 0.003486 -0.001674 0.600000 0.003867
3.103333 0.241463 0.003609 -0.001692 0.600000 0.003985
3.230000 0.241463 0.002625 -0.000745 0.600000 0.002728
3.356667 0.241463 0.000699 -0.000478 0.600000 0.000847
3.483333 0.241463 -0.000415 -0.000151 0.600000 0.000441
3.610000 0.241463 -0.000266 0.000927 0.600281 0.000965
3.736667 0.241463 0.000000 0.000000 0.000000 0.000000
0.063333 0.256098 0.000000 0.000000 0.000000 0.000000
0.190000 0.256098 -0.000751 0.001204 0.600205 0.001419
0.316667 0.256098 -0.002858 -0.000099 0.600002 0.002859
0.443333 0.256098 -0.006777 -0.000254 0.600002 0.006782
0.570000 0.256098 -0.010388 -0.000807 0.600001 0.010419
0.696667 0.256098 -0.011539 -0.001308 0.600002 0.011613
0.823333 0.256098 -0.011640 -0.001629 0.600003 0.011753
0.950000 0.256098 -0.011702 -0.001979 0.600003 0.011868
1.076667 0.256098 -0.011902 -0.002299 0.600003 0.012122
1.203333 0.256098 -0.012012 -0.002208 0.600003 0.012213
1.330000 0.256098 -0.011681 -0.001917 0.600004 0.011837
1.456667 0.256098 -0.010799 -0.001792 0.600005 0.010946
1.583333 0.256098 -0.009149 -0.001620 0.600004 0.009292
1.710000 0.256098 -0.006556 -0.000712 0.600008 0.006594
1.836667 0.256098 -0.004738 0.001247 0.600170 0.004899
1.963333 0.256098 -0.004604 0.001099 0.600142 0.004734
2.090000 0.256098 -0.003014 -0.001637 0.600001 0.003430
2.216667 0.256098 -0.000503 -0.002219 0.600000 0.002275
2.343333 0.256098 0.000518 -0.002093 0.600000 0.002156
2.470000 0.256098 0.001152 -0.001730 0.600000 0.002079
2.596667 0.256098 0.001867 -0.001477 0.600000 0.002381
2.723333 0.256098 0.002498 -0.001426 0.600000 0.002876
2.850000 0.256098 0.002990 -0.001626 0.600000 0.003403
2.976667 0.256098 0.003362 -0.001873 0.600000 0.003848
3.103333 0.256098 0.003509 -0.001799 0.600000 0.003943
3.230000 0.256098 0.002611 -0.000598 0.600000 0.002679
3.356667 0.256098 0.000823 -0.000298 0.600000 0.000875
3.483333 0.256098 -0.000211 -0.000179 0.600000 0.000277
3.610000 0.256098 -0.000167 0.000811 0.600004 0.000828
3.736667 0.256098 0.000000 0.000000 0.000000 0.000000
0.063333 0.270732 0.000000 0.000000 0.000000 0.000000
0.190000 0.270732 -0.000857 0.001123 0.600005 0.001412
0.316667 0.270732 -0.003064 -0.000023 0.600000 0.003065
0.443333 0.270732 -0.006913 0.000115 0.600000 0.006914
0.570000 0.270732 -0.010348 -0.000862 0.600000 0.010384
0.696667 0.270732 -0.011394 -0.001562 0.600000 0.011501
0.823333 0.270732 -0.011536 -0.001873 0.600000 0.011687
0.950000 0.270732 -0.011655 -0.002173 0.600000 0.011856
1.076667 0.270732 -0.011868 -0.002435 0.600000 0.012115
1.203333 0.270732 -0.011966 -0.002350 0.600000 0.012195
1.330000 0.270732 -0.011653 -0.002099 0.600000 0.011840
1.456667 0.270732 -0.010825 -0.002001 0.600000 0.011008
1.583333 0.270732 -0.009282 -0.001891 0.600000 0.009473
1.710000 0.270732 -0.006864 -0.000981 0.600000 0.006934
1.836667 0.270732 -0.004937 0.001370 0.600004 0.005124
1.963333 0.270732 -0.004428 0.001315 0.600003 0.004619
2.090000 0.270732 -0.002737 -0.002061 0.600000 0.003427
2.216667 0.270732 -0.000346 -0.002463 0.600000 0.002487
2.343333 0.270732 0.000604 -0.002286 0.600000 0.002364
2.470000 0.270732 0.001188 -0.001947 0.600000 0.002281
2.596667 0.270732 0.001848 -0.001698 0.600000 0.002510
2.723333 0.270732 0.002437 -0.001650 0.600000 0.002943
2.850000 0.270732 0.002879 -0.001828 0.600000 0.003411
2.976667 0.270732 0.003205 -0.002044 0.600000 0.003801
3.103333 0.270732 0.003371 -0.001894 0.600000 0.003867
3.230000 0.270732 0.002574 -0.000446 0.600000 0.002612
3.356667 0.270732 0.000934 -0.000137 0.600000 0.000944
3.483333 0.270732 -0.000028 -0.000205 0.600000 0.000207
3.610000 0.270732 -0.000083 0.000717 0.600000 0.000721
3.736667 0.270732 0.000000 0.000000 0.000000 0.000000
0.063333 0.285366 0.000000 0.000000 0.000000 0.000000
0.190000 0.285366 -0.000944 0.001062 0.600000 0.001421
0.316667 0.285366 -0.003236 0.000052 0.600000 0.003236
0.443333 0.285366 -0.007034 0.000473 0.600000 0.007050
0.570000 0.285366 -0.010306 -0.000924 0.600000 0.010347
0.696667 0.285366 -0.011239 -0.001782 0.600000 0.011379
0.823333 0.285366 -0.011418 -0.002074 0.600000 0.011605
0.950000 0.285366 -0.011596 -0.002327 0.600000 0.011827
1.076667 0.285366 -0.011828 -0.002537 0.600000 0.012097
1.203333 0.285366 -0.011923 -0.002456 0.600000 0.012173
1.330000 0.285366 -0.011631 -0.002238 0.600000 0.011844
1.456667 0.285366 -0.010866 -0.002164 0.600000 0.011079
1.583333 0.285366 -0.009454 -0.002111 0.600000 0.009687
1.710000 0.285366 -0.007251 -0.001202 0.600000 0.007350
1.836667 0.285366 -0.005173 0.001442 0.600000 0.005370
1.963333 0.285366 -0.004186 0.001495 0.600000 0.004445
2.090000 0.285366 -0.002382 -0.002449 0.600000 0.003417
2.216667 0.285366 -0.000162 -0.002657 0.600000 0.002661
2.343333 0.285366 0.000684 -0.002427 0.600000 0.002522
2.470000 0.285366 0.001215 -0.002110 0.600000 0.002435
2.596667 0.285366 0.001825 -0.001873 0.600000 0.002615
2.723333 0.285366 0.002371 -0.001827 0.600000 0.002993
2.850000 0.285366 0.002761 -0.001986 0.600000 0.003401
2.976667 0.285366 0.003034 -0.002176 0.600000 0.003734
3.103333 0.285366 0.003213 -0.001972 0.600000 0.003770
3.230000 0.285366 0.002516 -0.000288 0.600000 0.002533
3.356667 0.285366 0.001033 0.000002 0.600000 0.001033
3.483333 0.285366 0.000144 -0.000226 0.600000 0.000268
3.610000 0.285366 -0.000007 0.000641 0.600000 0.000641
3.736667 0.285366 0.000000 0.000000 0.000000 0.000000
0.063333 0.300000 0.000000 0.000000 0.000000 0.000000
0.190000 0.300000 -0.001017 0.001019 0.600000 0.001440
0.316667 0.300000 -0.003380 0.000127 0.600000 0.003382
0.443333 0.300000 -0.007137 0.000825 0.600000 0.007184
0.570000 0.300000 -0.010249 -0.000983 0.600000 0.010296
0.696667 0.300000 -0.011065 -0.001959 0.600000 0.011237
0.823333 0.300000 -0.011283 -0.002222 0.600000 0.011500
0.950000 0.300000 -0.011525 -0.002429 0.600000 0.011778
1.076667 0.300000 -0.011783 -0.002592 0.600000 0.012065
1.203333 0.300000 -0.011882 -0.002513 0.600000 0.012145
1.330000 0.300000 -0.011616 -0.002323 0.600000 0.011846
1.456667 0.300000 -0.010921 -0.002269 0.600000 0.011155
1.583333 0.300000 -0.009668 -0.002266 0.600000 0.009930
1.710000 0.300000 -0.007734 -0.001364 0.600000 0.007853
1.836667 0.300000 -0.005459 0.001443 0.600000 0.005646
1.963333 0.300000 -0.003859 0.001628 0.600000 0.004188
2.090000 0.300000 -0.001931 -0.002785 0.600000 0.003389
2.216667 0.300000 0.000048 -0.002782 0.600000 0.002783
2.343333 0.300000 0.000759 -0.002506 0.600000 0.002619
2.470000 0.300000 0.001235 -0.002213 0.600000 0.002534
2.596667 0.300000 0.001797 -0.001991 0.600000 0.002682
2.723333 0.300000 0.002299 -0.001949 0.600000 0.003014
2.850000 0.300000 0.002633 -0.002091 0.600000 0.003362
2.976667 0.300000 0.002844 -0.002260 0.600000 0.003633
3.103333 0.300000 0.003024 -0.002022 0.600000 0.003638
3.230000 0.300000 0.002427 -0.000116 0.600000 0.002430
3.356667 0.300000 0.001117 0.000119 0.600000 0.001124
3.483333 0.300000 0.000308 -0.000243 0.600000 0.000392
3.610000 0.300000 0.000062 0.000583 0.600000 0.000587
3.736667 0.300000 0.000000 0.000000 0.000000 0.000000
0.063333 0.314634 0.000000 0.000000 0.000000 0.000000
0.190000 0.314634 -0.001078 0.000991 0.600000 0.001464
0.316667 0.314634 -0.003497 0.000202 0.600000 0.003503
0.443333 0.314634 -0.007210 0.001174 0.600000 0.007305
0.570000 0.314634 -0.010161 -0.001023 0.600000 0.010213
0.696667 0.314634 -0.010862 -0.002072 0.600000 0.011058
0.823333 0.314634 -0.011130 -0.002296 0.600000 0.011364
0.950000 0.314634 -0.011441 -0.002461 0.600000 0.011702
1.076667 0.314634 -0.011733 -0.002583 0.600000 0.012014
1.203333 0.314634 -0.011844 -0.002505 0.600000 0.012106
1.330000 0.314634 -0.011608 -0.002339 0.600000 0.011841
1.456667 0.314634 -0.010992 -0.002300 0.600000 0.011230
1.583333 0.314634 -0.009926 -0.002339 0.600000 0.010198
1.710000 0.314634 -0.008341 -0.001447 0.600000 0.008465
1.836667 0.314634 -0.005816 0.001353 0.600000 0.005971
1.963333 0.314634 -0.003416 0.001702 0.600000 0.003817
2.090000 0.314634 -0.001359 -0.003044 0.600000 0.003333
2.216667 0.314634 0.000281 -0.002818 0.600000 0.002832
2.343333 0.314634 0.000825 -0.002508 0.600000 0.002641
2.470000 0.314634 0.001244 -0.002241 0.600000 0.002563
2.596667 0.314634 0.001761 -0.002040 0.600000 0.002695
2.723333 0.314634 0.002219 -0.002002 0.600000 0.002988
2.850000 0.314634 0.002493 -0.002128 0.600000 0.003277
2.976667 0.314634 0.002629 -0.002280 0.600000 0.003480
3.103333 0.314634 0.002791 -0.002030 0.600000 0.003451
3.230000 0.314634 0.002293 0.000077 0.600000 0.002294
3.356667 0.314634 0.001185 0.000209 0.600000 0.001203
3.483333 0.314634 0.000467 -0.000253 0.600000 0.000531
3.610000 0.314634 0.000124 0.000541 0.600000 0.000555
3.736667 0.314634 0.000000 0.000000 0.000000 0.000000
0.063333 0.329268 0.000000 0.000000 0.000000 0.000000
0.190000 0.329268 -0.001126 0.000975 0.600000 0.001490
0.316667 0.329268 -0.003589 0.000276 0.600000 0.003600
0.443333 0.329268 -0.007243 0.001523 0.600000 0.007402
0.570000 0.329268 -0.010020 -0.001021 0.600000 0.010072
0.696667 0.329268 -0.010622 -0.002096 0.600000 0.010827
0.823333 0.329268 -0.010956 -0.002274 0.600000 0.011189
0.950000 0.329268 -0.011344 -0.002399 0.600000 0.011594
1.076667 0.329268 -0.011677 -0.002485 0.600000 0.011939
1.203333 0.329268 -0.011807 -0.002409 0.600000 0.012051
1.330000 0.329268 -0.011606 -0.002264 0.600000 0.011825
1.456667 0.329268 -0.011076 -0.002236 0.600000 0.011300
1.583333 0.329268 -0.010233 -0.002307 0.600000 0.010490
1.710000 0.329268 -0.009106 -0.001422 0.600000 0.009216
1.836667 0.329268 -0.006273 0.001137 0.600000 0.006375
1.963333 0.329268 -0.002818 0.001694 0.600000 0.003288
2.090000 0.329268 -0.000632 -0.003182 0.600000 0.003244
2.216667 0.329268 0.000530 -0.002737 0.600000 0.002788
2.343333 0.329268 0.000882 -0.002412 0.600000 0.002569
2.470000 0.329268 0.001246 -0.002175 0.600000 0.002507
2.596667 0.329268 0.001720 -0.001998 0.600000 0.002636
2.723333 0.329268 0.002131 -0.001964 0.600000 0.002898
2.850000 0.329268 0.002340 -0.002074 0.600000 0.003127
2.976667 0.329268 0.002386 -0.002213 0.600000 0.003254
3.103333 0.329268 0.002497 -0.001973 0.600000 0.003183
3.230000 0.329268 0.002095 0.000303 0.600000 0.002117
3.356667 0.329268 0.001232 0.000265 0.600000 0.001260
3.483333 0.329268 0.000620 -0.000254 0.600000 0.000670
3.610000 0.329268 0.000179 0.000513 0.600000 0.000544
3.736667 0.329268 0.000000 0.000000 0.000000 0.000000
0.063333 0.343902 0.000000 0.000000 0.000000 0.000000
0.190000 0.343902 -0.001163 0.000969 0.600000 0.001514
0.316667 0.343902 -0.003656 0.000350 0.600000 0.003673
0.443333 0.343902 -0.007216 0.001868 0.600000 0.007454
0.570000 0.343902 -0.009798 -0.000941 0.600000 0.009843
0.696667 0.343902 -0.010332 -0.001993 0.600000 0.010522
0.823333 0.343902 -0.010757 -0.002119 0.600000 0.010964
0.950000 0.343902 -0.011232 -0.002208 0.600000 0.011447
1.076667 0.343902 -0.011616 -0.002265 0.600000 0.011834
1.203333 0.343902 -0.011773 -0.002192 0.600000 0.011976
1.330000 0.343902 -0.011610 -0.002066 0.600000 0.011793
1.456667 0.343902 -0.011174 -0.002046 0.600000 0.011360
1.583333 0.343902 -0.010591 -0.002135 0.600000 0.010804
1.710000 0.343902 -0.010074 -0.001248 0.600000 0.010151
1.836667 0.343902 -0.006867 0.000755 0.600000 0.006908
1.963333 0.343902 -0.002012 0.001570 0.600000 0.002553
2.090000 0.343902 0.000292 -0.003138 0.600000 0.003152
2.216667 0.343902 0.000784 -0.002501 0.600000 0.002622
2.343333 0.343902 0.000926 -0.002188 0.600000 0.002376
2.470000 0.343902 0.001236 -0.001987 0.600000 0.002340
2.596667 0.343902 0.001670 -0.001836 0.600000 0.002482
2.723333 0.343902 0.002034 -0.001806 0.600000 0.002720
2.850000 0.343902 0.002171 -0.001902 0.600000 0.002886
2.976667 0.343902 0.002108 -0.002029 0.600000 0.002925
3.103333 0.343902 0.002122 -0.001821 0.600000 0.002796
3.230000 0.343902 0.001808 0.000578 0.600000 0.001898
3.356667 0.343902 0.001251 0.000281 0.600000 0.001283
3.483333 0.343902 0.000770 -0.000245 0.600000 0.000808
3.610000 0.343902 0.000225 0.000498 0.600000 0.000546
3.736667 0.343902 0.000000 0.000000 0.000000 0.000000
0.063333 0.358537 0.000000 0.000000 0.000000 0.000000
0.190000 0.358537 -0.001188 0.000970 0.600000 0.001534
0.316667 0.358537 -0.003698 0.000423 0.600000 0.003722
0.443333 0.358537 -0.007102 0.002202 0.600000 0.007435
0.570000 0.358537 -0.009458 -0.000729 0.600000 0.009487
0.696667 0.358537 -0.009980 -0.001709 0.600000 0.010125
0.823333 0.358537 -0.010531 -0.001785 0.600000 0.010681
0.950000 0.358537 -0.011105 -0.001844 0.600000 0.011257
1.076667 0.358537 -0.011548 -0.001878 0.600000 0.011700
1.203333 0.358537 -0.011741 -0.001811 0.600000 0.011880
1.330000 0.358537 -0.011621 -0.001704 0.600000 0.011746
1.456667 0.358537 -0.011284 -0.001687 0.600000 0.011410
1.583333 0.358537 -0.011001 -0.001777 0.600000 0.011143
1.710000 0.358537 -0.011302 -0.000861 0.600000 0.011335
1.836667 0.358537 -0.007649 0.000148 0.600000 0.007650
1.963333 0.358537 -0.000928 0.001285 0.600000 0.001585
2.090000 0.358537 0.001465 -0.002819 0.600000 0.003177
2.216667 0.358537 0.001028 -0.002066 0.600000 0.002308
2.343333 0.358537 0.000954 -0.001797 0.600000 0.002035
2.470000 0.358537 0.001217 -0.001638 0.600000 0.002040
2.596667 0.358537 0.001613 -0.001515 0.600000 0.002213
2.723333 0.358537 0.001927 -0.001490 0.600000 0.002436
2.850000 0.358537 0.001985 -0.001570 0.600000 0.002531
2.976667 0.358537 0.001789 -0.001685 0.600000 0.002458
3.103333 0.358537 0.001639 -0.001527 0.600000 0.002241
3.230000 0.358537 0.001400 0.000924 0.600000 0.001678
3.356667 0.358537 0.001232 0.000246 0.600000 0.001256
3.483333 0.358537 0.000914 -0.000221 0.600000 0.000941
3.610000 0.358537 0.000263 0.000493 0.600000 0.000559
3.736667 0.358537 0.000000 0.000000 0.000000 0.000000
0.063333 0.373171 0.000000 0.000000 0.000000 0.000000
0.190000 0.373171 -0.001201 0.000975 0.600000 0.001547
0.316667 0.373171 -0.003713 0.000495 0.600000 0.003745
0.443333 0.373171 -0.006861 0.002508 0.600000 0.007305
0.570000 0.373171 -0.008951 -0.000303 0.600000 0.008956
0.696667 0.373171 -0.009551 -0.001175 0.600000 0.009623
0.823333 0.373171 -0.010273 -0.001207 0.600000 0.010343
0.950000 0.373171 -0.010961 -0.001243 0.600000 0.011031
1.076667 0.373171 -0.011474 -0.001261 0.600000 0.011544
1.203333 0.373171 -0.011711 -0.001205 0.600000 0.011773
1.330000 0.373171 -0.011639 -0.001120 0.600000 0.011693
1.456667 0.373171 -0.011405 -0.001103 0.600000 0.011458
1.583333 0.373171 -0.011463 -0.001172 0.600000 0.011523
1.710000 0.373171 -0.012861 -0.000172 0.600000 0.012863
1.836667 0.373171 -0.008686 -0.000759 0.600000 0.008719
1.963333 0.373171 0.000528 0.000770 0.600000 0.000933
2.090000 0.373171 0.002956 -0.002090 0.600000 0.003620
2.216667 0.373171 0.001236 -0.001374 0.600000 0.001848
2.343333 0.373171 0.000963 -0.001186 0.600000 0.001528
2.470000 0.373171 0.001187 -0.001074 0.600000 0.001601
2.596667 0.373171 0.001547 -0.000981 0.600000 0.001832
2.723333 0.373171 0.001808 -0.000962 0.600000 0.002048
2.850000 0.373171 0.001779 -0.001026 0.600000 0.002054
2.976667 0.373171 0.001424 -0.001127 0.600000 0.001816
3.103333 0.373171 0.001017 -0.001031 0.600000 0.001448
3.230000 0.373171 0.000828 0.001375 0.600000 0.001605
3.356667 0.373171 0.001157 0.000146 0.600000 0.001166
3.483333 0.373171 0.001051 -0.000181 0.600000 0.001067
3.610000 0.373171 0.000291 0.000496 0.600000 0.000575
3.736667 0.373171 0.000000 0.000000 0.000000 0.000000
0.063333 0.387805 0.000000 0.000000 0.000000 0.000000
0.190000 0.387805 -0.001202 0.000982 0.600000 0.001552
0.316667 0.387805 -0.003698 0.000565 0.600000 0.003741
0.443333 0.387805 -0.006441 0.002762 0.600000 0.007008
0.570000 0.387805 -0.008212 0.000459 0.600000 0.008225
0.696667 0.387805 -0.009029 -0.000299 0.600000 0.009034
0.823333 0.387805 -0.009976 -0.000304 0.600000 0.009981
0.950000 0.387805 -0.010797 -0.000324 0.600000 0.010802
1.076667 0.387805 -0.011393 -0.000335 0.600000 0.011398
1.203333 0.387805 -0.011684 -0.000295 0.600000 0.011688
1.330000 0.387805 -0.011664 -0.000235 0.600000 0.011666
1.456667 0.387805 -0.011533 -0.000218 0.600000 0.011536
1.583333 0.387805 -0.011973 -0.000238 0.600000 0.011975
1.710000 0.387805 -0.014843 0.000944 0.600000 0.014873
1.836667 0.387805 -0.010070 -0.002069 0.599993 0.010280
1.963333 0.387805 0.002479 -0.000071 0.599997 0.002480
2.090000 0.387805 0.004852 -0.000757 0.600000 0.004911
2.216667 0.387805 0.001371 -0.000355 0.600000 0.001416
2.343333 0.387805 0.000950 -0.000284 0.600000 0.000992
2.470000 0.387805 0.001147 -0.000226 0.600000 0.001169
2.596667 0.387805 0.001471 -0.000164 0.600000 0.001480
2.723333 0.387805 0.001676 -0.000150 0.600000 0.001683
2.850000 0.387805 0.001549 -0.000199 0.600000 0.001562
2.976667 0.387805 0.001007 -0.000282 0.600000 0.001045
3.103333 0.387805 0.000213 -0.000244 0.600000 0.000324
3.230000 0.387805 0.000035 0.001976 0.600000 0.001976
3.356667 0.387805 0.001002 -0.000035 0.600000 0.001002
3.483333 0.387805 0.001173 -0.000122 0.600000 0.001179
3.610000 0.387805 0.000308 0.000505 0.600000 0.000592
3.736667 0.387805 0.000000 0.000000 0.000000 0.000000
0.063333 0.402439 0.000000 0.000000 0.000000 0.000000
0.190000 0.402439 -0.001191 0.000987 0.600000 0.001547
0.316667 0.402439 -0.003638 0.000629 0.600000 0.003692
0.443333 0.402439 -0.005425 0.002891 0.600000 0.006147
0.570000 0.402439 -0.006796 0.001700 0.599997 0.007005
0.696667 0.402439 -0.008353 0.000956 0.599987 0.008407
0.823333 0.402439 -0.009618 0.000956 0.599984 0.009665
0.950000 0.402439 -0.010601 0.000955 0.599986 0.010643
1.076667 0.402439 -0.011305 0.000955 0.599987 0.011345
1.203333 0.402439 -0.011669 0.000983 0.599987 0.011711
1.330000 0.402439 -0.011717 0.001022 0.599986 0.011762
1.456667 0.402439 -0.011703 0.001047 0.599987 0.011750
1.583333 0.402439 -0.012625 0.001122 0.599988 0.012675
1.710000 0.402439 -0.017160 0.002630 0.599985 0.017361
1.836667 0.402439 -0.011655 -0.003878 0.599771 0.012283
1.963333 0.402439 0.005019 -0.001368 0.599694 0.005202
2.090000 0.402439 0.007253 0.001433 0.599986 0.007393
2.216667 0.402439 0.001435 0.001060 0.599987 0.001784
2.343333 0.402439 0.000938 0.000987 0.599988 0.001362
2.470000 0.402439 0.001109 0.000991 0.599988 0.001487
2.596667 0.402439 0.001389 0.001021 0.599988 0.001724
2.723333 0.402439 0.001524 0.001030 0.599987 0.001840
2.850000 0.402439 0.001282 0.001001 0.599988 0.001626
2.976667 0.402439 0.000515 0.000946 0.599990 0.001077
3.103333 0.402439 -0.000892 0.000961 0.599994 0.001311
3.230000 0.402439 -0.001235 0.002836 0.599998 0.003094
3.356667 0.402439 0.000605 -0.000329 0.599937 0.000689
3.483333 0.402439 0.001266 -0.000043 0.600000 0.001267
3.610000 0.402439 0.000311 0.000518 0.600000 0.000604
3.736667 0.402439 0.000000 0.000000 0.000000 0.000000
0.063333 0.417073 0.000000 0.000000 0.000000 0.000000
0.190000 0.417073 -0.001174 0.000990 0.599999 0.001536
0.316667 0.417073 -0.004140 0.000750 0.599811 0.004208
0.443333 0.417073 -0.015523 0.003927 0.589811 0.016012
0.570000 0.417073 -0.019356 0.001229 0.517806 0.019394
0.696667 0.417073 -0.012943 0.000837 0.514493 0.012970
0.823333 0.417073 -0.012064 0.000836 0.514123 0.012093
0.950000 0.417073 -0.011650 0.000841 0.513890 0.011680
1.076667 0.417073 -0.011164 0.000846 0.513764 0.011196
1.203333 0.417073 -0.010394 0.000860 0.513802 0.010430
1.330000 0.417073 -0.009232 0.000876 0.513930 0.009274
1.456667 0.417073 -0.007621 0.000892 0.514039 0.007673
1.583333 0.417073 -0.005115 0.000961 0.514439 0.005205
1.710000 0.417073 0.005648 0.001817 0.519736 0.005933
1.836667 0.417073 0.005988 -0.003926 0.596674 0.007160
1.963333 0.417073 -0.012290 -0.001034 0.592326 0.012333
2.090000 0.417073 -0.014448 0.001388 0.516805 0.014514
2.216667 0.417073 -0.005132 0.000937 0.514159 0.005217
2.343333 0.417073 -0.002090 0.000862 0.513727 0.002261
2.470000 0.417073 -0.000383 0.000851 0.513656 0.000933
2.596667 0.417073 0.000902 0.000858 0.513681 0.001245
2.723333 0.417073 0.001917 0.000862 0.513668 0.002102
2.850000 0.417073 0.002604 0.000854 0.513583 0.002740
2.976667 0.417073 0.002942 0.000834 0.513466 0.003058
3.103333 0.417073 0.003243 0.000844 0.513527 0.003351
3.230000 0.417073 0.011372 0.001676 0.518302 0.011495
3.356667 0.417073 0.010991 0.000381 0.592799 0.010998
3.483333 0.417073 0.001649 0.000093 0.599952 0.001652
3.610000 0.417073 0.000301 0.000531 0.600000 0.000610
3.736667 0.417073 0.000000 0.000000 0.000000 0.000000
0.063333 0.431707 0.000000 0.000000 0.000000 0.000000
0.190000 0.431707 -0.001136 0.000987 0.600000 0.001505
0.316667 0.431707 -0.004067 0.000933 0.599981 0.004173
0.443333 0.431707 -0.002931 0.004462 0.598723 0.005339
0.570000 0.431707 0.000000 0.000000 0.000000 0.000000
0.696667 0.431707 0.000000 0.000000 0.000000 0.000000
0.823333 0.431707 0.000000 0.000000 0.000000 0.000000
0.950000 0.431707 0.000000 0.000000 0.000000 0.000000
1.076667 0.431707 0.000000 0.000000 0.000000 0.000000
1.203333 0.431707 0.000000 0.000000 0.000000 0.000000
1.330000 0.431707 0.000000 0.000000 0.000000 0.000000
1.456667 0.431707 0.000000 0.000000 0.000000 0.000000
1.583333 0.431707 0.000000 0.000000 0.000000 0.000000
1.710000 0.431707 0.000000 0.000000 0.000000 0.000000
1.836667 0.431707 -0.001382 -0.002801 0.600000 0.003123
1.963333 0.431707 -0.001382 -0.000053 0.599989 0.001383
2.090000 0.431707 0.000000 0.000000 0.000000 0.000000
2.216667 0.431707 0.000000 0.000000 0.000000 0.000000
2.343333 0.431707 0.000000 0.000000 0.000000 0.000000
2.470000 0.431707 0.000000 0.000000 0.000000 0.000000
2.596667 0.431707 0.000000 0.000000 0.000000 0.000000
2.723333 0.431707 0.000000 0.000000 0.000000 0.000000
2.850000 0.431707 0.000000 0.000000 0.000000 0.000000
2.976667 0.431707 0.000000 0.000000 0.000000 0.000000
3.103333 0.431707 0.000000 0.000000 0.000000 0.000000
3.230000 0.431707 0.000000 0.000000 0.000000 0.000000
3.356667 0.431707 0.001292 0.001020 0.599805 0.001646
3.483333 0.431707 0.001561 0.000274 0.599999 0.001585
3.610000 0.431707 0.000269 0.000540 0.600000 0.000603
3.736667 0.431707 0.000000 0.000000 0.000000 0.000000
0.063333 0.446341 0.000000 0.000000 0.000000 0.000000
0.190000 0.446341 -0.001071 0.000972 0.600000 0.001447
0.316667 0.446341 -0.003497 0.001067 0.599999 0.003657
0.443333 0.446341 -0.002426 0.003590 0.599907 0.004333
0.570000 0.446341 0.000000 0.000000 0.000000 0.000000
0.696667 0.446341 0.000000 0.000000 0.000000 0.000000
0.823333 0.446341 0.000000 0.000000 0.000000 0.000000
0.950000 0.446341 0.000000 0.000000 0.000000 0.000000
1.076667 0.446341 0.000000 0.000000 0.000000 0.000000
1.203333 0.446341 0.000000 0.000000 0.000000 0.000000
1.330000 0.446341 0.000000 0.000000 0.000000 0.000000
1.456667 0.446341 0.000000 0.000000 0.000000 0.000000
1.583333 0.446341 0.000000 0.000000 0.000000 0.000000
1.710000 0.446341 0.000000 0.000000 0.000000 0.000000
1.836667 0.446341 -0.001230 -0.002518 0.600000 0.002803
1.963333 0.446341 -0.001230 -0.000260 0.600000 0.001257
2.090000 0.446341 0.000000 0.000000 0.000000 0.000000
2.216667 0.446341 0.000000 0.000000 0.000000 0.000000
2.343333 0.446341 0.000000 0.000000 0.000000 0.000000
2.470000 0.446341 0.000000 0.000000 0.000000 0.000000
2.596667 0.446341 0.000000 0.000000 0.000000 0.000000
2.723333 0.446341 0.000000 0.000000 0.000000 0.000000
2.850000 0.446341 0.000000 0.000000 0.000000 0.000000
2.976667 0.446341 0.000000 0.000000 0.000000 0.000000
3.103333 0.446341 0.000000 0.000000 0.000000 0.000000
3.230000 0.446341 0.000000 0.000000 0.000000 0.000000
3.356667 0.446341 0.000850 0.000596 0.599997 0.001038
3.483333 0.446341 0.001068 0.000410 0.600000 0.001144
3.610000 0.446341 0.000218 0.000541 0.600000 0.000584
3.736667 0.446341 0.000000 0.000000 0.000000 0.000000
0.063333 0.460976 0.000000 0.000000 0.000000 0.000000
0.190000 0.460976 -0.000995 0.000941 0.600000 0.001370
0.316667 0.460976 -0.002986 0.001111 0.600000 0.003186
0.443333 0.460976 -0.001991 0.002893 0.599996 0.003512
0.570000 0.460976 0.000000 0.000000 0.000000 0.000000
0.696667 0.460976 0.000000 0.000000 0.000000 0.000000
0.823333 0.460976 0.000000 0.000000 0.000000 0.000000
0.950000 0.460976 0.000000 0.000000 0.000000 0.000000
1.076667 0.460976 0.000000 0.000000 0.000000 0.000000
1.203333 0.460976 0.000000 0.000000 0.000000 0.000000
1.330000 0.460976 0.000000 0.000000 0.000000 0.000000
1.456667 0.460976 0.000000 0.000000 0.000000 0.000000
1.583333 0.460976 0.000000 0.000000 0.000000 0.000000
1.710000 0.460976 0.000000 0.000000 0.000000 0.000000
1.836667 0.460976 -0.001108 -0.002218 0.600000 0.002479
1.963333 0.460976 -0.001108 -0.000365 0.600000 0.001166
2.090000 0.460976 0.000000 0.000000 0.000000 0.000000
2.216667 0.460976 0.000000 0.000000 0.000000 0.000000
2.343333 0.460976 0.000000 0.000000 0.000000 0.000000
2.470000 0.460976 0.000000 0.000000 0.000000 0.000000
2.596667 0.460976 0.000000 0.000000 0.000000 0.000000
2.723333 0.460976 0.000000 0.000000 0.000000 0.000000
2.850000 0.460976 0.000000 0.000000 0.000000 0.000000
2.976667 0.460976 0.000000 0.000000 0.000000 0.000000
3.103333 0.460976 0.000000 0.000000 0.000000 0.000000
3.230000 0.460976 0.000000 0.000000 0.000000 0.000000
3.356667 0.460976 0.000512 0.000313 0.600000 0.000600
3.483333 0.460976 0.000672 0.000472 0.600000 0.000821
3.610000 0.460976 0.000160 0.000531 0.600000 0.000555
3.736667 0.460976 0.000000 0.000000 0.000000 0.000000
0.063333 0.475610 0.000000 0.000000 0.000000 0.000000
0.190000 0.475610 -0.000915 0.000893 0.600000 0.001278
0.316667 0.475610 -0.002566 0.001087 0.600000 0.002786
0.443333 0.475610 -0.001651 0.002335 0.600000 0.002860
0.570000 0.475610 0.000000 0.000000 0.000000 0.000000
0.696667 0.475610 0.000000 0.000000 0.000000 0.000000
0.823333 0.475610 0.000000 0.000000 0.000000 0.000000
0.950000 0.475610 0.000000 0.000000 0.000000 0.000000
1.076667 0.475610 0.000000 0.000000 0.000000 0.000000
1.203333 0.475610 0.000000 0.000000 0.000000 0.000000
1.330000 0.475610 0.000000 0.000000 0.000000 0.000000
1.456667 0.475610 0.000000 0.000000 0.000000 0.000000
1.583333 0.475610 0.000000 0.000000 0.000000 0.000000
1.710000 0.475610 0.000000 0.000000 0.000000 0.000000
1.836667 0.475610 -0.001009 -0.001916 0.600000 0.002165
1.963333 0.475610 -0.001009 -0.000402 0.600000 0.001086
2.090000 0.475610 0.000000 0.000000 0.000000 0.000000
2.216667 0.475610 0.000000 0.000000 0.000000 0.000000
2.343333 0.475610 0.000000 0.000000 0.000000 0.000000
2.470000 0.475610 0.000000 0.000000 0.000000 0.000000
2.596667 0.475610 0.000000 0.000000 0.000000 0.000000
2.723333 0.475610 0.000000 0.000000 0.000000 0.000000
2.850000 0.475610 0.000000 0.000000 0.000000 0.000000
2.976667 0.475610 0.000000 0.000000 0.000000 0.000000
3.103333 0.475610 0.000000 0.000000 0.000000 0.000000
3.230000 0.475610 0.000000 0.000000 0.000000 0.000000
3.356667 0.475610 0.000259 0.000130 0.600000 0.000290
3.483333 0.475610 0.000357 0.000484 0.600000 0.000601
3.610000 0.475610 0.000099 0.000509 0.600000 0.000519
3.736667 0.475610 0.000000 0.000000 0.000000 0.000000
0.063333 0.490244 0.000000 0.000000 0.000000 0.000000
0.190000 0.490244 -0.000835 0.000826 0.600000 0.001175
0.316667 0.490244 -0.002220 0.001014 0.600000 0.002440
0.443333 0.490244 -0.001385 0.001877 0.600000 0.002333
0.570000 0.490244 0.000000 0.000000 0.000000 0.000000
0.696667 0.490244 0.000000 0.000000 0.000000 0.000000
0.823333 0.490244 0.000000 0.000000 0.000000 0.000000
0.950000 0.490244 0.000000 0.000000 0.000000 0.000000
1.076667 0.490244 0.000000 0.000000 0.000000 0.000000
1.203333 0.490244 0.000000 0.000000 0.000000 0.000000
1.330000 0.490244 0.000000 0.000000 0.000000 0.000000
1.456667 0.490244 0.000000 0.000000 0.000000 0.000000
1.583333 0.490244 0.000000 0.000000 0.000000 0.000000
1.710000 0.490244 0.000000 0.000000 0.000000 0.000000
1.836667 0.490244 -0.000929 -0.001621 0.600000 0.001869
1.963333 0.490244 -0.000929 -0.000394 0.600000 0.001009
2.090000 0.490244 0.000000 0.000000 0.000000 0.000000
2.216667 0.490244 0.000000 0.000000 0.000000 0.000000
2.343333 0.490244 0.000000 0.000000 0.000000 0.000000
2.470000 0.490244 0.000000 0.000000 0.000000 0.000000
2.596667 0.490244 0.000000 0.000000 0.000000 0.000000
2.723333 0.490244 0.000000 0.000000 0.000000 0.000000
2.850000 0.490244 0.000000 0.000000 0.000000 0.000000
2.976667 0.490244 0.000000 0.000000 0.000000 0.000000
3.103333 0.490244 0.000000 0.000000 0.000000 0.000000
3.230000 0.490244 0.000000 0.000000 0.000000 0.000000
3.356667 0.490244 0.000068 0.000017 0.600000 0.000070
3.483333 0.490244 0.000107 0.000462 0.600000 0.000474
3.610000 0.490244 0.000039 0.000474 0.600000 0.000476
3.736667 0.490244 0.000000 0.000000 0.000000 0.000000
0.063333 0.504878 0.000000 0.000000 0.000000 0.000000
0.190000 0.504878 -0.000757 0.000742 0.600000 0.001060
0.316667 0.504878 -0.001933 0.000906 0.600000 0.002135
0.443333 0.504878 -0.001176 0.001491 0.600000 0.001899
0.570000 0.504878 0.000000 0.000000 0.000000 0.000000
0.696667 0.504878 0.000000 0.000000 0.000000 0.000000
0.823333 0.504878 0.000000 0.000000 0.000000 0.000000
0.950000 0.504878 0.000000 0.000000 0.000000 0.000000
1.076667 0.504878 0.000000 0.000000 0.000000 0.000000
1.203333 0.504878 0.000000 0.000000 0.000000 0.000000
1.330000 0.504878 0.000000 0.000000 0.000000 0.000000
1.456667 0.504878 0.000000 0.000000 0.000000 0.000000
1.583333 0.504878 0.000000 0.000000 0.000000 0.000000
1.710000 0.504878 0.000000 0.000000 0.000000 0.000000
1.836667 0.504878 -0.000866 -0.001339 0.600000 0.001595
1.963333 0.504878 -0.000866 -0.000357 0.600000 0.000937
2.090000 0.504878 0.000000 0.000000 0.000000 0.000000
2.216667 0.504878 0.000000 0.000000 0.000000 0.000000
2.343333 0.504878 0.000000 0.000000 0.000000 0.000000
2.470000 0.504878 0.000000 0.000000 0.000000 0.000000
2.596667 0.504878 0.000000 0.000000 0.000000 0.000000
2.723333 0.504878 0.000000 0.000000 0.000000 0.000000
2.850000 0.504878 0.000000 0.000000 0.000000 0.000000
2.976667 0.504878 0.000000 0.000000 0.000000 0.000000
3.103333 0.504878 0.000000 0.000000 0.000000 0.000000
3.230000 0.504878 0.000000 0.000000 0.000000 0.000000
3.356667 0.504878 -0.000078 -0.000049 0.600000 0.000092
3.483333 0.504878 -0.000096 0.000418 0.600000 0.000428
3.610000 0.504878 -0.000018 0.000428 0.600000 0.000428
3.736667 0.504878 0.000000 0.000000 0.000000 0.000000
0.063333 0.519512 0.000000 0.000000 0.000000 0.000000
0.190000 0.519512 -0.000685 0.000640 0.600000 0.000937
0.316667 0.519512 -0.001693 0.000773 0.600000 0.001861
0.443333 0.519512 -0.001009 0.001157 0.600000 0.001535
0.570000 0.519512 0.000000 0.000000 0.000000 0.000000
0.696667 0.519512 0.000000 0.000000 0.000000 0.000000
0.823333 0.519512 0.000000 0.000000 0.000000 0.000000
0.950000 0.519512 0.000000 0.000000 0.000000 0.000000
1.076667 0.519512 0.000000 0.000000 0.000000 0.000000
1.203333 0.519512 0.000000 0.000000 0.000000 0.000000
1.330000 0.519512 0.000000 0.000000 0.000000 0.000000
1.456667 0.519512 0.000000 0.000000 0.000000 0.000000
1.583333 0.519512 0.000000 0.000000 0.000000 0.000000
1.710000 0.519512 0.000000 0.000000 0.000000 0.000000
1.836667 0.519512 -0.000817 -0.001071 0.600000 0.001347
1.963333 0.519512 -0.000817 -0.000304 0.600000 0.000872
2.090000 0.519512 0.000000 0.000000 0.000000 0.000000
2.216667 0.519512 0.000000 0.000000 0.000000 0.000000
2.343333 0.519512 0.000000 0.000000 0.000000 0.000000
2.470000 0.519512 0.000000 0.000000 0.000000 0.000000
2.596667 0.519512 0.000000 0.000000 0.000000 0.000000
2.723333 0.519512 0.000000 0.000000 0.000000 0.000000
2.850000 0.519512 0.000000 0.000000 0.000000 0.000000
2.976667 0.519512 0.000000 0.000000 0.000000 0.000000
3.103333 0.519512 0.000000 0.000000 0.000000 0.000000
3.230000 0.519512 0.000000 0.000000 0.000000 0.000000
3.356667 0.519512 -0.000191 -0.000082 0.600000 0.000207
3.483333 0.519512 -0.000261 0.000358 0.600000 0.000443
3.610000 0.519512 -0.000070 0.000370 0.600000 0.000377
3.736667 0.519512 0.000000 0.000000 0.000000 0.000000
0.063333 0.534146 0.000000 0.000000 0.000000 0.000000
0.190000 0.534146 -0.000617 0.000522 0.600000 0.000809
0.316667 0.534146 -0.001491 0.000621 0.600000 0.001615
0.443333 0.534146 -0.000874 0.000861 0.600000 0.001227
0.570000 0.534146 0.000000 0.000000 0.000000 0.000000
0.696667 0.534146 0.000000 0.000000 0.000000 0.000000
0.823333 0.534146 0.000000 0.000000 0.000000 0.000000
0.950000 0.534146 0.000000 0.000000 0.000000 0.000000
1.076667 0.534146 0.000000 0.000000 0.000000 0.000000
1.203333 0.534146 0.000000 0.000000 0.000000 0.000000
1.330000 0.534146 0.000000 0.000000 0.000000 0.000000
1.456667 0.534146 0.000000 0.000000 0.000000 0.000000
1.583333 0.534146 0.000000 0.000000 0.000000 0.000000
1.710000 0.534146 0.000000 0.000000 0.000000 0.000000
1.836667 0.534146 -0.000780 -0.000817 0.600000 0.001130
1.963333 0.534146 -0.000780 -0.000241 0.600000 0.000817
2.090000 0.534146 0.000000 0.000000 0.000000 0.000000
2.216667 0.534146 0.000000 0.000000 0.000000 0.000000
2.343333 0.534146 0.000000 0.000000 0.000000 0.000000
2.470000 0.534146 0.000000 0.000000 0.000000 0.000000
2.596667 0.534146 0.000000 0.000000 0.000000 0.000000
2.723333 0.534146 0.000000 0.000000 0.000000 0.000000
2.850000 0.534146 0.000000 0.000000 0.000000 0.000000
2.976667 0.534146 0.000000 0.000000 0.000000 0.000000
3.103333 0.534146 0.000000 0.000000 0.000000 0.000000
3.230000 0.534146 0.000000 0.000000 0.000000 0.000000
3.356667 0.534146 -0.000281 -0.000090 0.600000 0.000295
3.483333 0.534146 -0.000398 0.000290 0.600000 0.000492
3.610000 0.534146 -0.000118 0.000302 0.600000 0.000324
3.736667 0.534146 0.000000 0.000000 0.000000 0.000000
0.063333 0.548780 0.000000 0.000000 0.000000 0.000000
0.190000 0.548780 -0.000555 0.000390 0.600000 0.000678
0.316667 0.548780 -0.001318 0.000456 0.600000 0.001395
0.443333 0.548780 -0.000763 0.000592 0.600000 0.000965
0.570000 0.548780 0.000000 0.000000 0.000000 0.000000
0.696667 0.548780 0.000000 0.000000 0.000000 0.000000
0.823333 0.548780 0.000000 0.000000 0.000000 0.000000
0.950000 0.548780 0.000000 0.000000 0.000000 0.000000
1.076667 0.548780 0.000000 0.000000 0.000000 0.000000
1.203333 0.548780 0.000000 0.000000 0.000000 0.000000
1.330000 0.548780 0.000000 0.000000 0.000000 0.000000
1.456667 0.548780 0.000000 0.000000 0.000000 0.000000
1.583333 0.548780 0.000000 0.000000 0.000000 0.000000
1.710000 0.548780 0.000000 0.000000 0.000000 0.000000
1.836667 0.548780 -0.000756 -0.000575 0.600000 0.000949
1.963333 0.548780 -0.000756 -0.000173 0.600000 0.000775
2.090000 0.548780 0.000000 0.000000 0.000000 0.000000
2.216667 0.548780 0.000000 0.000000 0.000000 0.000000
2.343333 0.548780 0.000000 0.000000 0.000000 0.000000
2.470000 0.548780 0.000000 0.000000 0.000000 0.000000
2.596667 0.548780 0.000000 0.000000 0.000000 0.000000
2.723333 0.548780 0.000000 0.000000 0.000000 0.000000
2.850000 0.548780 0.000000 0.000000 0.000000 0.000000
2.976667 0.548780 0.000000 0.000000 0.000000 0.000000
3.103333 0.548780 0.000000 0.000000 0.000000 0.000000
3.230000 0.548780 0.000000 0.000000 0.000000 0.000000
3.356667 0.548780 -0.000356 -0.000082 0.600000 0.000365
3.483333 0.548780 -0.000516 0.000214 0.600000 0.000558
3.610000 0.548780 -0.000160 0.000225 0.600000 0.000276
3.736667 0.548780 0.000000 0.000000 0.000000 0.000000
0.063333 0.563415 0.000000 0.000000 0.000000 0.000000
0.190000 0.563415 -0.000499 0.000243 0.600000 0.000555
0.316667 0.563415 -0.001168 0.000281 0.600000 0.001201
0.443333 0.563415 -0.000669 0.000343 0.600000 0.000752
0.570000 0.563415 0.000000 0.000000 0.000000 0.000000
0.696667 0.563415 0.000000 0.000000 0.000000 0.000000
0.823333 0.563415 0.000000 0.000000 0.000000 0.000000
0.950000 0.563415 0.000000 0.000000 0.000000 0.000000
1.076667 0.563415 0.000000 0.000000 0.000000 0.000000
1.203333 0.563415 0.000000 0.000000 0.000000 0.000000
1.330000 0.563415 0.000000 0.000000 0.000000 0.000000
1.456667 0.563415 0.000000 0.000000 0.000000 0.000000
1.583333 0.563415 0.000000 0.000000 0.000000 0.000000
1.710000 0.563415 0.000000 0.000000 0.000000 0.000000
1.836667 0.563415 -0.000741 -0.000341 0.600000 0.000816
1.963333 0.563415 -0.000741 -0.000104 0.600000 0.000748
2.090000 0.563415 0.000000 0.000000 0.000000 0.000000
2.216667 0.563415 0.000000 0.000000 0.000000 0.000000
2.343333 0.563415 0.000000 0.000000 0.000000 0.000000
2.470000 0.563415 0.000000 0.000000 0.000000 0.000000
2.596667 0.563415 0.000000 0.000000 0.000000 0.000000
2.723333 0.563415 0.000000 0.000000 0.000000 0.000000
2.850000 0.563415 0.000000 0.000000 0.000000 0.000000
2.976667 0.563415 0.000000 0.000000 0.000000 0.000000
3.103333 0.563415 0.000000 0.000000 0.000000 0.000000
3.230000 0.563415 0.000000 0.000000 0.000000 0.000000
3.356667 0.563415 -0.000423 -0.000059 0.600000 0.000427
3.483333 0.563415 -0.000620 0.000133 0.600000 0.000634
3.610000 0.563415 -0.000198 0.000141 0.600000 0.000243
3.736667 0.563415 0.000000 0.000000 0.000000 0.000000
0.063333 0.578049 0.000000 0.000000 0.000000 0.000000
0.190000 0.578049 -0.000440 0.000083 0.600000 0.000448
0.316667 0.578049 -0.001009 0.000095 0.600000 0.001014
0.443333 0.578049 -0.000569 0.000112 0.600000 0.000580
0.570000 0.578049 0.000000 0.000000 0.000000 0.000000
0.696667 0.578049 0.000000 0.000000 0.000000 0.000000
0.823333 0.578049 0.000000 0.000000 0.000000 0.000000
0.950000 0.578049 0.000000 0.000000 0.000000 0.000000
1.076667 0.578049 0.000000 0.000000 0.000000 0.000000
1.203333 0.578049 0.000000 0.000000 0.000000 0.000000
1.330000 0.578049 0.000000 0.000000 0.000000 0.000000
1.456667 0.578049 0.000000 0.000000 0.000000 0.000000
1.583333 0.578049 0.000000 0.000000 0.000000 0.000000
1.710000 0.578049 0.000000 0.000000 0.000000 0.000000
1.836667 0.578049 -0.000737 -0.000113 0.600000 0.000745
1.963333 0.578049 -0.000737 -0.000035 0.600000 0.000737
2.090000 0.578049 0.000000 0.000000 0.000000 0.000000
2.216667 0.578049 0.000000 0.000000 0.000000 0.000000
2.343333 0.578049 0.000000 0.000000 0.000000 0.000000
2.470000 0.578049 0.000000 0.000000 0.000000 0.000000
2.596667 0.578049 0.000000 0.000000 0.000000 0.000000
2.723333 0.578049 0.000000 0.000000 0.000000 0.000000
2.850000 0.578049 0.000000 0.000000 0.000000 0.000000
2.976667 0.578049 0.000000 0.000000 0.000000 0.000000
3.103333 0.578049 0.000000 0.000000 0.000000 0.000000
3.230000 0.578049 0.000000 0.000000 0.000000 0.000000
3.356667 0.578049 -0.000503 -0.000022 0.600000 0.000504
3.483333 0.578049 -0.000743 0.000045 0.600000 0.000744
3.610000 0.578049 -0.000239 0.000048 0.600000 0.000244
3.736667 0.578049 0.000000 0.000000 0.000000 0.000000
0.063333 0.592683 0.000000 0.000000 0.000000 0.000000
0.190000 0.592683 0.000000 0.000000 0.000000 0.000000
0.316667 0.592683 0.000000 0.000000 0.000000 0.000000
0.443333 0.592683 0.000000 0.000000 0.000000 0.000000
0.570000 0.592683 0.000000 0.000000 0.000000 0.000000
0.696667 0.592683 0.000000 0.000000 0.000000 0.000000
0.823333 0.592683 0.000000 0.000000 0.000000 0.000000
0.950000 0.592683 0.000000 0.000000 0.000000 0.000000
1.076667 0.592683 0.000000 0.000000 0.000000 0.000000
1.203333 0.592683 0.000000 0.000000 0.000000 0.000000
1.330000 0.592683 0.000000 0.000000 0.000000 0.000000
1.456667 0.592683 0.000000 0.000000 0.000000 0.000000
1.583333 0.592683 0.000000 0.000000 0.000000 0.000000
1.710000 0.592683 0.000000 0.000000 0.000000 0.000000
1.836667 0.592683 0.000000 0.000000 0.000000 0.000000
1.963333 0.592683 0.000000 0.000000 0.000000 0.000000
2.090000 0.592683 0.000000 0.000000 0.000000 0.000000
2.216667 0.592683 0.000000 0.000000 0.000000 0.000000
2.343333 0.592683 0.000000 0.000000 0.000000 0.000000
2.470000 0.592683 0.000000 0.000000 0.000000 0.000000
2.596667 0.592683 0.000000 0.000000 0.000000 0.000000
2.723333 0.592683 0.000000 0.000000 0.000000 0.000000
2.850000 0.592683 0.000000 0.000000 0.000000 0.000000
2.976667 0.592683 0.000000 0.000000 0.000000 0.000000
3.103333 0.592683 0.000000 0.000000 0.000000 0.000000
3.230000 0.592683 0.000000 0.000000 0.000000 0.000000
3.356667 0.592683 0.000000 0.000000 0.000000 0.000000
3.483333 0.592683 0.000000 0.000000 0.000000 0.000000
3.610000 0.592683 0.000000 0.000000 0.000000 0.000000
3.736667 0.592683 0.000000 0.000000 0.000000 0.000000
