TITLE="(Vx,Vy)"
VARIABLES=X,Y,Vx,Vy,Vm,V
ZONE T="T-Dummy" I=30, J=41, F=POINT
0.063333 0.007317 0.000000 0.000000 0.000000 0.000000
0.190000 0.007317 0.000000 0.000000 0.000000 0.000000
0.316667 0.007317 0.000000 0.000000 0.000000 0.000000
0.443333 0.007317 0.000000 0.000000 0.000000 0.000000
0.570000 0.007317 0.000000 0.000000 0.000000 0.000000
0.696667 0.007317 0.000000 0.000000 0.000000 0.000000
0.823333 0.007317 0.000000 0.000000 0.000000 0.000000
0.950000 0.007317 0.000000 0.000000 0.000000 0.000000
1.076667 0.007317 0.000000 0.000000 0.000000 0.000000
1.203333 0.007317 0.000000 0.000000 0.000000 0.000000
1.330000 0.007317 0.000000 0.000000 0.000000 0.000000
1.456667 0.007317 0.000000 0.000000 0.000000 0.000000
1.583333 0.007317 0.000000 0.000000 0.000000 0.000000
1.710000 0.007317 0.000000 0.000000 0.000000 0.000000
1.836667 0.007317 0.000000 0.000000 0.000000 0.000000
1.963333 0.007317 0.000000 0.000000 0.000000 0.000000
2.090000 0.007317 0.000000 0.000000 0.000000 0.000000
2.216667 0.007317 0.000000 0.000000 0.000000 0.000000
2.343333 0.007317 0.000000 0.000000 0.000000 0.000000
2.470000 0.007317 0.000000 0.000000 0.000000 0.000000
2.596667 0.007317 0.000000 0.000000 0.000000 0.000000
2.723333 0.007317 0.000000 0.000000 0.000000 0.000000
2.850000 0.007317 0.000000 0.000000 0.000000 0.000000
2.976667 0.007317 0.000000 0.000000 0.000000 0.000000
3.103333 0.007317 0.000000 0.000000 0.000000 0.000000
3.230000 0.007317 0.000000 0.000000 0.000000 0.000000
3.356667 0.007317 0.000000 0.000000 0.000000 0.000000
3.483333 0.007317 0.000000 0.000000 0.000000 0.000000
3.610000 0.007317 0.000000 0.000000 0.000000 0.000000
3.736667 0.007317 0.000000 0.000000 0.000000 0.000000
0.063333 0.021951 0.000000 0.000000 0.000000 0.000000
0.190000 0.021951 -0.001519 0.000051 0.900000 0.001520
0.316667 0.021951 -0.004190 0.000014 0.900000 0.004190
0.443333 0.021951 -0.006154 -0.000002 0.900000 0.006154
0.570000 0.021951 -0.008020 0.000076 0.900000 0.008020
0.696667 0.021951 -0.009905 0.000093 0.900000 0.009906
0.823333 0.021951 -0.010859 0.000073 0.900000 0.010859
0.950000 0.021951 -0.010922 0.000095 0.900000 0.010923
1.076667 0.021951 -0.010548 0.000100 0.900000 0.010549
1.203333 0.021951 -0.009830 0.000106 0.900000 0.009831
1.330000 0.021951 -0.009099 0.000112 0.900000 0.009099
1.456667 0.021951 -0.008545 0.000115 0.900000 0.008546
1.583333 0.021951 -0.008301 0.000112 0.900000 0.008302
1.710000 0.021951 -0.008595 0.000106 0.900000 0.008596
1.836667 0.021951 -0.009519 0.000100 0.900000 0.009520
1.963333 0.021951 -0.010729 0.000097 0.900000 0.010729
2.090000 0.021951 -0.011642 0.000099 0.900000 0.011643
2.216667 0.021951 -0.011986 0.000102 0.900000 0.011987
2.343333 0.021951 -0.011835 0.000105 0.900000 0.011835
2.470000 0.021951 -0.011320 0.000105 0.900000 0.011321
2.596667 0.021951 -0.010547 0.000104 0.900000 0.010547
2.723333 0.021951 -0.009649 0.000109 0.900000 0.009649
2.850000 0.021951 -0.008811 0.000117 0.900000 0.008812
2.976667 0.021951 -0.008100 0.000113 0.900000 0.008100
3.103333 0.021951 -0.007501 0.000089 0.900000 0.007502
3.230000 0.021951 -0.006719 0.000035 0.900000 0.006719
3.356667 0.021951 -0.005311 -0.000041 0.900000 0.005311
3.483333 0.021951 -0.003375 -0.000065 0.900000 0.003376
3.610000 0.021951 -0.001166 -0.000071 0.900000 0.001168
3.736667 0.021951 0.000000 0.000000 0.000000 0.000000
0.063333 0.036585 0.000000 0.000000 0.000000 0.000000
0.190000 0.036585 -0.001515 0.000152 0.900000 0.001522
0.316667 0.036585 -0.004154 0.000038 0.900000 0.004154
0.443333 0.036585 -0.005970 -0.000021 0.900000 0.005970
0.570000 0.036585 -0.006306 0.000054 0.900000 0.006306
0.696667 0.036585 -0.007260 0.000217 0.900000 0.007263
0.823333 0.036585 -0.009453 0.000211 0.900000 0.009456
0.950000 0.036585 -0.010579 0.000233 0.900000 0.010582
1.076667 0.036585 -0.010721 0.000242 0.900000 0.010724
1.203333 0.036585 -0.010413 0.000260 0.900000 0.010417
1.330000 0.036585 -0.010048 0.000280 0.900000 0.010052
1.456667 0.036585 -0.009774 0.000288 0.900000 0.009778
1.583333 0.036585 -0.009606 0.000275 0.900000 0.009610
1.710000 0.036585 -0.009620 0.000249 0.900000 0.009623
1.836667 0.036585 -0.009853 0.000223 0.900000 0.009856
1.963333 0.036585 -0.010186 0.000213 0.900000 0.010188
2.090000 0.036585 -0.010432 0.000227 0.900000 0.010434
2.216667 0.036585 -0.010524 0.000246 0.900000 0.010527
2.343333 0.036585 -0.010469 0.000258 0.900000 0.010472
2.470000 0.036585 -0.010246 0.000258 0.900000 0.010250
2.596667 0.036585 -0.009846 0.000256 0.900000 0.009849
2.723333 0.036585 -0.009367 0.000269 0.900000 0.009371
2.850000 0.036585 -0.009071 0.000302 0.900000 0.009076
2.976667 0.036585 -0.009403 0.000327 0.900000 0.009409
3.103333 0.036585 -0.009988 0.000203 0.900000 0.009990
3.230000 0.036585 -0.008328 -0.000058 0.900000 0.008328
3.356667 0.036585 -0.005476 -0.000137 0.900000 0.005478
3.483333 0.036585 -0.003408 -0.000198 0.900000 0.003414
3.610000 0.036585 -0.001169 -0.000213 0.900000 0.001189
3.736667 0.036585 0.000000 0.000000 0.000000 0.000000
0.063333 0.051220 0.000000 0.000000 0.000000 0.000000
0.190000 0.051220 -0.001523 0.000255 0.900000 0.001544
0.316667 0.051220 -0.004156 0.000058 0.900000 0.004156
0.443333 0.051220 -0.005924 -0.000060 0.900000 0.005924
0.570000 0.051220 -0.006568 -0.000105 0.900000 0.006569
0.696667 0.051220 -0.007699 0.000274 0.900000 0.007704
0.823333 0.051220 -0.009612 0.000331 0.900000 0.009617
0.950000 0.051220 -0.010596 0.000317 0.900000 0.010601
1.076667 0.051220 -0.010705 0.000326 0.900000 0.010710
1.203333 0.051220 -0.010384 0.000357 0.900000 0.010390
1.330000 0.051220 -0.010013 0.000393 0.900000 0.010020
1.456667 0.051220 -0.009735 0.000405 0.900000 0.009743
1.583333 0.051220 -0.009562 0.000376 0.900000 0.009570
1.710000 0.051220 -0.009569 0.000322 0.900000 0.009575
1.836667 0.051220 -0.009795 0.000266 0.900000 0.009798
1.963333 0.051220 -0.010119 0.000250 0.900000 0.010122
2.090000 0.051220 -0.010358 0.000286 0.900000 0.010361
2.216667 0.051220 -0.010442 0.000331 0.900000 0.010448
2.343333 0.051220 -0.010383 0.000357 0.900000 0.010390
2.470000 0.051220 -0.010160 0.000357 0.900000 0.010166
2.596667 0.051220 -0.009755 0.000352 0.900000 0.009761
2.723333 0.051220 -0.009262 0.000373 0.900000 0.009269
2.850000 0.051220 -0.008927 0.000434 0.900000 0.008938
2.976667 0.051220 -0.009080 0.000512 0.900000 0.009094
3.103333 0.051220 -0.009412 0.000255 0.900000 0.009415
3.230000 0.051220 -0.008049 -0.000274 0.900000 0.008053
3.356667 0.051220 -0.005547 -0.000254 0.900000 0.005553
3.483333 0.051220 -0.003414 -0.000338 0.900000 0.003430
3.610000 0.051220 -0.001164 -0.000357 0.900000 0.001218
3.736667 0.051220 0.000000 0.000000 0.000000 0.000000
0.063333 0.065854 0.000000 0.000000 0.000000 0.000000
0.190000 0.065854 -0.001543 0.000362 0.900000 0.001584
0.316667 0.065854 -0.004184 0.000075 0.900000 0.004184
0.443333 0.065854 -0.005934 -0.000105 0.900000 0.005935
0.570000 0.065854 -0.006828 -0.000203 0.900000 0.006831
0.696667 0.065854 -0.008091 0.000321 0.900000 0.008097
0.823333 0.065854 -0.009770 0.000430 0.900000 0.009779
0.950000 0.065854 -0.010619 0.000399 0.900000 0.010626
1.076667 0.065854 -0.010688 0.000410 0.900000 0.010695
1.203333 0.065854 -0.010349 0.000455 0.900000 0.010359
1.330000 0.065854 -0.009969 0.000507 0.900000 0.009982
1.456667 0.065854 -0.009689 0.000523 0.900000 0.009703
1.583333 0.065854 -0.009515 0.000479 0.900000 0.009527
1.710000 0.065854 -0.009519 0.000395 0.900000 0.009527
1.836667 0.065854 -0.009737 0.000309 0.900000 0.009742
1.963333 0.065854 -0.010053 0.000286 0.900000 0.010057
2.090000 0.065854 -0.010284 0.000346 0.900000 0.010290
2.216667 0.065854 -0.010365 0.000416 0.900000 0.010373
2.343333 0.065854 -0.010305 0.000457 0.900000 0.010315
2.470000 0.065854 -0.010080 0.000458 0.900000 0.010091
2.596667 0.065854 -0.009667 0.000448 0.900000 0.009677
2.723333 0.065854 -0.009155 0.000476 0.900000 0.009167
2.850000 0.065854 -0.008773 0.000562 0.900000 0.008791
2.976667 0.065854 -0.008765 0.000671 0.900000 0.008791
3.103333 0.065854 -0.008899 0.000308 0.900000 0.008904
3.230000 0.065854 -0.007772 -0.000419 0.900000 0.007783
3.356667 0.065854 -0.005562 -0.000382 0.900000 0.005576
3.483333 0.065854 -0.003402 -0.000483 0.900000 0.003436
3.610000 0.065854 -0.001153 -0.000500 0.900000 0.001257
3.736667 0.065854 0.000000 0.000000 0.000000 0.000000
0.063333 0.080488 0.000000 0.000000 0.000000 0.000000
0.190000 0.080488 -0.001572 0.000476 0.900000 0.001642
0.316667 0.080488 -0.004236 0.000091 0.900000 0.004237
0.443333 0.080488 -0.005985 -0.000151 0.900000 0.005987
0.570000 0.080488 -0.007074 -0.000255 0.900000 0.007079
0.696667 0.080488 -0.008428 0.000358 0.900000 0.008436
0.823333 0.080488 -0.009913 0.000508 0.900000 0.009926
0.950000 0.080488 -0.010636 0.000475 0.900000 0.010647
1.076667 0.080488 -0.010662 0.000491 0.900000 0.010673
1.203333 0.080488 -0.010304 0.000552 0.900000 0.010319
1.330000 0.080488 -0.009918 0.000621 0.900000 0.009937
1.456667 0.080488 -0.009637 0.000643 0.900000 0.009659
1.583333 0.080488 -0.009466 0.000583 0.900000 0.009484
1.710000 0.080488 -0.009468 0.000467 0.900000 0.009480
1.836667 0.080488 -0.009676 0.000349 0.900000 0.009683
1.963333 0.080488 -0.009977 0.000320 0.900000 0.009982
2.090000 0.080488 -0.010198 0.000405 0.900000 0.010206
2.216667 0.080488 -0.010278 0.000503 0.900000 0.010290
2.343333 0.080488 -0.010219 0.000559 0.900000 0.010235
2.470000 0.080488 -0.009996 0.000559 0.900000 0.010011
2.596667 0.080488 -0.009575 0.000543 0.900000 0.009590
2.723333 0.080488 -0.009041 0.000577 0.900000 0.009059
2.850000 0.080488 -0.008610 0.000683 0.900000 0.008637
2.976667 0.080488 -0.008464 0.000807 0.900000 0.008503
3.103333 0.080488 -0.008445 0.000361 0.900000 0.008453
3.230000 0.080488 -0.007501 -0.000510 0.900000 0.007518
3.356667 0.080488 -0.005531 -0.000514 0.900000 0.005555
3.483333 0.080488 -0.003372 -0.000632 0.900000 0.003430
3.610000 0.080488 -0.001135 -0.000641 0.900000 0.001304
3.736667 0.080488 0.000000 0.000000 0.000000 0.000000
0.063333 0.095122 0.000000 0.000000 0.000000 0.000000
0.190000 0.095122 -0.001613 0.000599 0.900000 0.001720
0.316667 0.095122 -0.004315 0.000107 0.900000 0.004316
0.443333 0.095122 -0.006076 -0.000195 0.900000 0.006079
0.570000 0.095122 -0.007315 -0.000275 0.900000 0.007320
0.696667 0.095122 -0.008726 0.000387 0.900000 0.008734
0.823333 0.095122 -0.010046 0.000566 0.900000 0.010062
0.950000 0.095122 -0.010653 0.000543 0.900000 0.010667
1.076667 0.095122 -0.010633 0.000568 0.900000 0.010649
1.203333 0.095122 -0.010256 0.000646 0.900000 0.010276
1.330000 0.095122 -0.009863 0.000734 0.900000 0.009891
1.456667 0.095122 -0.009586 0.000762 0.900000 0.009616
1.583333 0.095122 -0.009420 0.000687 0.900000 0.009445
1.710000 0.095122 -0.009422 0.000539 0.900000 0.009438
1.836667 0.095122 -0.009618 0.000386 0.900000 0.009626
1.963333 0.095122 -0.009899 0.000351 0.900000 0.009905
2.090000 0.095122 -0.010108 0.000463 0.900000 0.010118
2.216667 0.095122 -0.010187 0.000589 0.900000 0.010204
2.343333 0.095122 -0.010134 0.000660 0.900000 0.010155
2.470000 0.095122 -0.009913 0.000659 0.900000 0.009935
2.596667 0.095122 -0.009483 0.000634 0.900000 0.009504
2.723333 0.095122 -0.008925 0.000672 0.900000 0.008950
2.850000 0.095122 -0.008444 0.000794 0.900000 0.008481
2.976667 0.095122 -0.008180 0.000922 0.900000 0.008232
3.103333 0.095122 -0.008043 0.000415 0.900000 0.008054
3.230000 0.095122 -0.007238 -0.000562 0.900000 0.007260
3.356667 0.095122 -0.005463 -0.000647 0.900000 0.005501
3.483333 0.095122 -0.003324 -0.000783 0.900000 0.003415
3.610000 0.095122 -0.001111 -0.000780 0.900000 0.001357
3.736667 0.095122 0.000000 0.000000 0.000000 0.000000
0.063333 0.109756 0.000000 0.000000 0.000000 0.000000
0.190000 0.109756 -0.001664 0.000735 0.900000 0.001819
0.316667 0.109756 -0.004417 0.000124 0.900000 0.004419
0.443333 0.109756 -0.006195 -0.000235 0.900000 0.006199
0.570000 0.109756 -0.007548 -0.000272 0.900000 0.007553
0.696667 0.109756 -0.008985 0.000406 0.900000 0.008994
0.823333 0.109756 -0.010161 0.000604 0.900000 0.010179
0.950000 0.109756 -0.010661 0.000600 0.900000 0.010678
1.076667 0.109756 -0.010595 0.000638 0.900000 0.010614
1.203333 0.109756 -0.010197 0.000736 0.900000 0.010223
1.330000 0.109756 -0.009799 0.000845 0.900000 0.009835
1.456667 0.109756 -0.009527 0.000880 0.900000 0.009568
1.583333 0.109756 -0.009371 0.000790 0.900000 0.009405
1.710000 0.109756 -0.009375 0.000608 0.900000 0.009395
1.836667 0.109756 -0.009556 0.000418 0.900000 0.009565
1.963333 0.109756 -0.009811 0.000376 0.900000 0.009818
2.090000 0.109756 -0.010005 0.000519 0.900000 0.010019
2.216667 0.109756 -0.010087 0.000674 0.900000 0.010110
2.343333 0.109756 -0.010041 0.000759 0.900000 0.010070
2.470000 0.109756 -0.009825 0.000756 0.900000 0.009854
2.596667 0.109756 -0.009387 0.000719 0.900000 0.009414
2.723333 0.109756 -0.008803 0.000759 0.900000 0.008836
2.850000 0.109756 -0.008271 0.000895 0.900000 0.008320
2.976667 0.109756 -0.007909 0.001018 0.900000 0.007974
3.103333 0.109756 -0.007679 0.000468 0.900000 0.007693
3.230000 0.109756 -0.006978 -0.000586 0.900000 0.007003
3.356667 0.109756 -0.005364 -0.000777 0.900000 0.005420
3.483333 0.109756 -0.003257 -0.000937 0.900000 0.003389
3.610000 0.109756 -0.001079 -0.000914 0.900000 0.001414
3.736667 0.109756 0.000000 0.000000 0.000000 0.000000
0.063333 0.124390 0.000000 0.000000 0.000000 0.000000
0.190000 0.124390 -0.001727 0.000886 0.900000 0.001941
0.316667 0.124390 -0.004544 0.000143 0.900000 0.004546
0.443333 0.124390 -0.006341 -0.000271 0.900000 0.006347
0.570000 0.124390 -0.007776 -0.000257 0.900000 0.007781
0.696667 0.124390 -0.009216 0.000412 0.900000 0.009225
0.823333 0.124390 -0.010261 0.000620 0.900000 0.010280
0.950000 0.124390 -0.010662 0.000645 0.900000 0.010681
1.076667 0.124390 -0.010550 0.000698 0.900000 0.010573
1.203333 0.124390 -0.010130 0.000819 0.900000 0.010164
1.330000 0.124390 -0.009728 0.000951 0.900000 0.009774
1.456667 0.124390 -0.009464 0.000996 0.900000 0.009516
1.583333 0.124390 -0.009322 0.000891 0.900000 0.009364
1.710000 0.124390 -0.009330 0.000674 0.900000 0.009354
1.836667 0.124390 -0.009493 0.000445 0.900000 0.009503
1.963333 0.124390 -0.009718 0.000396 0.900000 0.009726
2.090000 0.124390 -0.009896 0.000572 0.900000 0.009912
2.216667 0.124390 -0.009981 0.000757 0.900000 0.010010
2.343333 0.124390 -0.009946 0.000856 0.900000 0.009983
2.470000 0.124390 -0.009737 0.000848 0.900000 0.009774
2.596667 0.124390 -0.009290 0.000796 0.900000 0.009324
2.723333 0.124390 -0.008678 0.000837 0.900000 0.008718
2.850000 0.124390 -0.008097 0.000982 0.900000 0.008157
2.976667 0.124390 -0.007651 0.001098 0.900000 0.007729
3.103333 0.124390 -0.007348 0.000517 0.900000 0.007366
3.230000 0.124390 -0.006724 -0.000592 0.900000 0.006750
3.356667 0.124390 -0.005240 -0.000903 0.900000 0.005317
3.483333 0.124390 -0.003173 -0.001092 0.900000 0.003356
3.610000 0.124390 -0.001040 -0.001043 0.900000 0.001473
3.736667 0.124390 0.000000 0.000000 0.000000 0.000000
0.063333 0.139024 0.000000 0.000000 0.000000 0.000000
0.190000 0.139024 -0.001801 0.001055 0.900000 0.002087
0.316667 0.139024 -0.004695 0.000164 0.900000 0.004698
0.443333 0.139024 -0.006511 -0.000303 0.900000 0.006518
0.570000 0.139024 -0.008003 -0.000236 0.900000 0.008006
0.696667 0.139024 -0.009422 0.000403 0.900000 0.009431
0.823333 0.139024 -0.010344 0.000615 0.900000 0.010362
0.950000 0.139024 -0.010652 0.000674 0.900000 0.010673
1.076667 0.139024 -0.010495 0.000747 0.900000 0.010522
1.203333 0.139024 -0.010054 0.000892 0.900000 0.010094
1.330000 0.139024 -0.009648 0.001049 0.900000 0.009704
1.456667 0.139024 -0.009394 0.001106 0.900000 0.009459
1.583333 0.139024 -0.009268 0.000987 0.900000 0.009321
1.710000 0.139024 -0.009282 0.000735 0.900000 0.009312
1.836667 0.139024 -0.009427 0.000464 0.900000 0.009438
1.963333 0.139024 -0.009617 0.000409 0.900000 0.009626
2.090000 0.139024 -0.009777 0.000620 0.900000 0.009797
2.216667 0.139024 -0.009869 0.000835 0.900000 0.009904
2.343333 0.139024 -0.009848 0.000947 0.900000 0.009893
2.470000 0.139024 -0.009647 0.000932 0.900000 0.009692
2.596667 0.139024 -0.009190 0.000862 0.900000 0.009230
2.723333 0.139024 -0.008550 0.000901 0.900000 0.008597
2.850000 0.139024 -0.007922 0.001054 0.900000 0.007991
2.976667 0.139024 -0.007405 0.001162 0.900000 0.007496
3.103333 0.139024 -0.007043 0.000562 0.900000 0.007066
3.230000 0.139024 -0.006471 -0.000588 0.900000 0.006498
3.356667 0.139024 -0.005094 -0.001025 0.900000 0.005196
3.483333 0.139024 -0.003072 -0.001249 0.900000 0.003316
3.610000 0.139024 -0.000995 -0.001164 0.900000 0.001531
3.736667 0.139024 0.000000 0.000000 0.000000 0.000000
0.063333 0.153659 0.000000 0.000000 0.000000 0.000000
0.190000 0.153659 -0.001887 0.001245 0.900000 0.002261
0.316667 0.153659 -0.004867 0.000188 0.900000 0.004871
0.443333 0.153659 -0.006700 -0.000330 0.900000 0.006708
0.570000 0.153659 -0.008227 -0.000217 0.900000 0.008230
0.696667 0.153659 -0.009604 0.000377 0.900000 0.009612
0.823333 0.153659 -0.010406 0.000585 0.900000 0.010422
0.950000 0.153659 -0.010627 0.000685 0.900000 0.010649
1.076667 0.153659 -0.010427 0.000779 0.900000 0.010456
1.203333 0.153659 -0.009964 0.000951 0.900000 0.010009
1.330000 0.153659 -0.009554 0.001138 0.900000 0.009621
1.456667 0.153659 -0.009314 0.001209 0.900000 0.009392
1.583333 0.153659 -0.009208 0.001078 0.900000 0.009271
1.710000 0.153659 -0.009230 0.000790 0.900000 0.009263
1.836667 0.153659 -0.009353 0.000476 0.900000 0.009365
1.963333 0.153659 -0.009506 0.000414 0.900000 0.009515
2.090000 0.153659 -0.009647 0.000661 0.900000 0.009670
2.216667 0.153659 -0.009747 0.000906 0.900000 0.009789
2.343333 0.153659 -0.009742 0.001030 0.900000 0.009796
2.470000 0.153659 -0.009552 0.001004 0.900000 0.009605
2.596667 0.153659 -0.009086 0.000912 0.900000 0.009132
2.723333 0.153659 -0.008415 0.000949 0.900000 0.008469
2.850000 0.153659 -0.007742 0.001108 0.900000 0.007821
2.976667 0.153659 -0.007168 0.001208 0.900000 0.007269
3.103333 0.153659 -0.006758 0.000598 0.900000 0.006784
3.230000 0.153659 -0.006217 -0.000582 0.900000 0.006244
3.356667 0.153659 -0.004927 -0.001143 0.900000 0.005058
3.483333 0.153659 -0.002954 -0.001406 0.900000 0.003272
3.610000 0.153659 -0.000941 -0.001278 0.900000 0.001587
3.736667 0.153659 0.000000 0.000000 0.000000 0.000000
0.063333 0.168293 0.000000 0.000000 0.000000 0.000000
0.190000 0.168293 -0.001986 0.001459 0.900000 0.002464
0.316667 0.168293 -0.005065 0.000215 0.900000 0.005070
0.443333 0.168293 -0.006912 -0.000354 0.899999 0.006921
0.570000 0.168293 -0.008457 -0.000207 0.900000 0.008459
0.696667 0.168293 -0.009772 0.000327 0.900000 0.009777
0.823333 0.168293 -0.010452 0.000528 0.900000 0.010465
0.950000 0.168293 -0.010592 0.000675 0.900000 0.010613
1.076667 0.168293 -0.010351 0.000791 0.900000 0.010381
1.203333 0.168293 -0.009866 0.000993 0.900000 0.009915
1.330000 0.168293 -0.009453 0.001211 0.900000 0.009530
1.456667 0.168293 -0.009228 0.001300 0.900000 0.009320
1.583333 0.168293 -0.009146 0.001158 0.900000 0.009219
1.710000 0.168293 -0.009176 0.000836 0.900000 0.009214
1.836667 0.168293 -0.009278 0.000480 0.900000 0.009291
1.963333 0.168293 -0.009393 0.000410 0.900000 0.009402
2.090000 0.168293 -0.009515 0.000693 0.900000 0.009540
2.216667 0.168293 -0.009624 0.000968 0.900000 0.009672
2.343333 0.168293 -0.009638 0.001101 0.900000 0.009701
2.470000 0.168293 -0.009461 0.001062 0.900000 0.009520
2.596667 0.168293 -0.008984 0.000943 0.900000 0.009033
2.723333 0.168293 -0.008281 0.000975 0.900000 0.008338
2.850000 0.168293 -0.007565 0.001141 0.900000 0.007651
2.976667 0.168293 -0.006944 0.001237 0.900000 0.007053
3.103333 0.168293 -0.006492 0.000623 0.900000 0.006522
3.230000 0.168293 -0.005963 -0.000582 0.900000 0.005992
3.356667 0.168293 -0.004743 -0.001257 0.899998 0.004907
3.483333 0.168293 -0.002821 -0.001564 0.899995 0.003226
3.610000 0.168293 -0.000881 -0.001381 0.899997 0.001638
3.736667 0.168293 0.000000 0.000000 0.000000 0.000000
0.063333 0.182927 0.000000 0.000000 0.000000 0.000000
0.190000 0.182927 -0.002096 0.001700 0.900000 0.002699
0.316667 0.182927 -0.005284 0.000245 0.899999 0.005290
0.443333 0.182927 -0.007141 -0.000373 0.899933 0.007150
0.570000 0.182927 -0.008683 -0.000212 0.899991 0.008686
0.696667 0.182927 -0.009914 0.000251 0.899995 0.009917
0.823333 0.182927 -0.010468 0.000440 0.899996 0.010477
0.950000 0.182927 -0.010532 0.000639 0.899998 0.010551
1.076667 0.182927 -0.010253 0.000778 0.899999 0.010282
1.203333 0.182927 -0.009744 0.001011 0.900000 0.009796
1.330000 0.182927 -0.009329 0.001266 0.900000 0.009414
1.456667 0.182927 -0.009122 0.001375 0.900000 0.009225
1.583333 0.182927 -0.009065 0.001225 0.900000 0.009147
1.710000 0.182927 -0.009106 0.000869 0.900000 0.009147
1.836667 0.182927 -0.009187 0.000475 0.900000 0.009200
1.963333 0.182927 -0.009263 0.000398 0.900000 0.009272
2.090000 0.182927 -0.009366 0.000712 0.900000 0.009393
2.216667 0.182927 -0.009485 0.001015 0.900000 0.009539
2.343333 0.182927 -0.009521 0.001156 0.900000 0.009591
2.470000 0.182927 -0.009359 0.001100 0.900000 0.009423
2.596667 0.182927 -0.008871 0.000947 0.900000 0.008921
2.723333 0.182927 -0.008135 0.000975 0.900000 0.008194
2.850000 0.182927 -0.007380 0.001150 0.900000 0.007469
2.976667 0.182927 -0.006723 0.001247 0.900000 0.006837
3.103333 0.182927 -0.006236 0.000632 0.900000 0.006268
3.230000 0.182927 -0.005704 -0.000594 0.899994 0.005735
3.356667 0.182927 -0.004543 -0.001367 0.899881 0.004744
3.483333 0.182927 -0.002671 -0.001723 0.899811 0.003179
3.610000 0.182927 -0.000811 -0.001474 0.899861 0.001682
3.736667 0.182927 0.000000 0.000000 0.000000 0.000000
0.063333 0.197561 0.000000 0.000000 0.000000 0.000000
0.190000 0.197561 -0.002264 0.001975 0.899999 0.003005
0.316667 0.197561 -0.005770 0.000300 0.899894 0.005778
0.443333 0.197561 -0.007445 -0.000416 0.895010 0.007457
0.570000 0.197561 -0.008794 -0.000185 0.898718 0.008796
0.696667 0.197561 -0.010033 0.000180 0.898755 0.010035
0.823333 0.197561 -0.010397 0.000352 0.899142 0.010403
0.950000 0.197561 -0.010418 0.000590 0.899695 0.010434
1.076667 0.197561 -0.010155 0.000736 0.899896 0.010182
1.203333 0.197561 -0.009644 0.000997 0.899955 0.009696
1.330000 0.197561 -0.009239 0.001290 0.899996 0.009329
1.456667 0.197561 -0.009067 0.001425 0.899999 0.009178
1.583333 0.197561 -0.009044 0.001270 0.900000 0.009132
1.710000 0.197561 -0.009079 0.000885 0.900000 0.009122
1.836667 0.197561 -0.009118 0.000461 0.900000 0.009130
1.963333 0.197561 -0.009158 0.000376 0.900000 0.009166
2.090000 0.197561 -0.009261 0.000717 0.899999 0.009289
2.216667 0.197561 -0.009412 0.001043 0.900000 0.009470
2.343333 0.197561 -0.009477 0.001190 0.899998 0.009551
2.470000 0.197561 -0.009320 0.001115 0.899989 0.009387
2.596667 0.197561 -0.008807 0.000927 0.899977 0.008856
2.723333 0.197561 -0.008027 0.000953 0.899930 0.008084
2.850000 0.197561 -0.007225 0.001137 0.899892 0.007314
2.976667 0.197561 -0.006531 0.001241 0.899915 0.006647
3.103333 0.197561 -0.006021 0.000630 0.899971 0.006054
3.230000 0.197561 -0.005581 -0.000604 0.899383 0.005613
3.356667 0.197561 -0.004479 -0.001479 0.896120 0.004717
3.483333 0.197561 -0.002534 -0.001888 0.895061 0.003160
3.610000 0.197561 -0.000727 -0.001551 0.895819 0.001713
3.736667 0.197561 0.000000 0.000000 0.000000 0.000000
0.063333 0.212195 0.000000 0.000000 0.000000 0.000000
0.190000 0.212195 -0.000593 0.002098 0.717196 0.002180
0.316667 0.212195 -0.002391 0.000435 0.718804 0.002430
0.443333 0.212195 -0.004052 -0.000383 0.733471 0.004070
0.570000 0.212195 -0.005660 0.000082 0.748393 0.005660
0.696667 0.212195 -0.007300 0.000390 0.760837 0.007311
0.823333 0.212195 -0.008008 0.000551 0.770790 0.008027
0.950000 0.212195 -0.008267 0.000768 0.779006 0.008302
1.076667 0.212195 -0.008238 0.000888 0.786087 0.008286
1.203333 0.212195 -0.008046 0.001133 0.791544 0.008125
1.330000 0.212195 -0.007754 0.001408 0.795396 0.007881
1.456667 0.212195 -0.007369 0.001530 0.798175 0.007526
1.583333 0.212195 -0.006979 0.001355 0.800547 0.007109
1.710000 0.212195 -0.006766 0.000943 0.802879 0.006831
1.836667 0.212195 -0.006733 0.000479 0.805117 0.006750
1.963333 0.212195 -0.006810 0.000380 0.808546 0.006821
2.090000 0.212195 -0.006966 0.000731 0.812582 0.007004
2.216667 0.212195 -0.007020 0.001053 0.815995 0.007098
2.343333 0.212195 -0.006919 0.001199 0.819413 0.007022
2.470000 0.212195 -0.006820 0.001132 0.823294 0.006913
2.596667 0.212195 -0.006686 0.000929 0.827339 0.006750
2.723333 0.212195 -0.006405 0.000957 0.830338 0.006476
2.850000 0.212195 -0.005914 0.001131 0.832671 0.006021
2.976667 0.212195 -0.005145 0.001210 0.835445 0.005286
3.103333 0.212195 -0.004390 0.000621 0.839872 0.004434
3.230000 0.212195 -0.004529 -0.000486 0.843867 0.004555
3.356667 0.212195 -0.004168 -0.001572 0.834966 0.004455
3.483333 0.212195 -0.002536 -0.002004 0.832333 0.003233
3.610000 0.212195 -0.000851 -0.001606 0.832796 0.001818
3.736667 0.212195 0.000000 0.000000 0.000000 0.000000
0.063333 0.226829 0.000000 0.000000 0.000000 0.000000
0.190000 0.226829 0.000531 0.001939 0.612445 0.002010
0.316667 0.226829 0.000452 0.000542 0.601778 0.000706
0.443333 0.226829 -0.000735 -0.000282 0.600031 0.000787
0.570000 0.226829 -0.002495 0.000506 0.602316 0.002545
0.696667 0.226829 -0.004324 0.000842 0.603884 0.004405
0.823333 0.226829 -0.005271 0.001006 0.605689 0.005366
0.950000 0.226829 -0.005617 0.001166 0.609029 0.005737
1.076667 0.226829 -0.005681 0.001266 0.611593 0.005820
1.203333 0.226829 -0.005652 0.001469 0.614716 0.005840
1.330000 0.226829 -0.005390 0.001676 0.618274 0.005645
1.456667 0.226829 -0.004818 0.001742 0.620135 0.005123
1.583333 0.226829 -0.004124 0.001534 0.618247 0.004400
1.710000 0.226829 -0.003625 0.001082 0.612535 0.003783
1.836667 0.226829 -0.003039 0.000464 0.605344 0.003075
1.963333 0.226829 -0.002359 0.000365 0.605057 0.002387
2.090000 0.226829 -0.002146 0.000839 0.611121 0.002304
2.216667 0.226829 -0.002106 0.001166 0.615488 0.002408
2.343333 0.226829 -0.001961 0.001327 0.615797 0.002368
2.470000 0.226829 -0.002024 0.001326 0.613041 0.002420
2.596667 0.226829 -0.002378 0.001160 0.610592 0.002646
2.723333 0.226829 -0.002809 0.001196 0.609871 0.003053
2.850000 0.226829 -0.003016 0.001323 0.611236 0.003293
2.976667 0.226829 -0.002804 0.001326 0.612861 0.003102
3.103333 0.226829 -0.002548 0.000756 0.610088 0.002658
3.230000 0.226829 -0.003322 -0.000135 0.600720 0.003325
3.356667 0.226829 -0.003446 -0.001594 0.600000 0.003797
3.483333 0.226829 -0.002204 -0.002003 0.600000 0.002978
3.610000 0.226829 -0.000825 -0.001609 0.600000 0.001808
3.736667 0.226829 0.000000 0.000000 0.000000 0.000000
0.063333 0.241463 0.000000 0.000000 0.000000 0.000000
0.190000 0.241463 0.000055 0.001732 0.600659 0.001733
0.316667 0.241463 -0.000187 0.000532 0.600016 0.000564
0.443333 0.241463 -0.000871 -0.000238 0.600000 0.000903
0.570000 0.241463 -0.002423 0.000882 0.600032 0.002579
0.696667 0.241463 -0.004182 0.001259 0.600073 0.004367
0.823333 0.241463 -0.004991 0.001438 0.600142 0.005194
0.950000 0.241463 -0.005253 0.001589 0.600307 0.005488
1.076667 0.241463 -0.005300 0.001703 0.600472 0.005567
1.203333 0.241463 -0.005217 0.001888 0.600700 0.005548
1.330000 0.241463 -0.004989 0.002051 0.601001 0.005395
1.456667 0.241463 -0.004643 0.002074 0.601164 0.005085
1.583333 0.241463 -0.004289 0.001833 0.600937 0.004664
1.710000 0.241463 -0.004046 0.001292 0.600437 0.004247
1.836667 0.241463 -0.003254 0.000326 0.600064 0.003270
1.963333 0.241463 -0.002032 0.000252 0.600058 0.002047
2.090000 0.241463 -0.001606 0.001066 0.600336 0.001928
2.216667 0.241463 -0.001789 0.001476 0.600631 0.002319
2.343333 0.241463 -0.001957 0.001676 0.600657 0.002577
2.470000 0.241463 -0.002125 0.001730 0.600470 0.002740
2.596667 0.241463 -0.002401 0.001609 0.600329 0.002890
2.723333 0.241463 -0.002709 0.001643 0.600287 0.003169
2.850000 0.241463 -0.002823 0.001724 0.600344 0.003307
2.976667 0.241463 -0.002739 0.001661 0.600418 0.003204
3.103333 0.241463 -0.002910 0.001107 0.600267 0.003114
3.230000 0.241463 -0.003670 0.000287 0.600006 0.003682
3.356667 0.241463 -0.003443 -0.001578 0.600000 0.003788
3.483333 0.241463 -0.002132 -0.001938 0.600000 0.002881
3.610000 0.241463 -0.000781 -0.001566 0.600000 0.001750
3.736667 0.241463 0.000000 0.000000 0.000000 0.000000
0.063333 0.256098 0.000000 0.000000 0.000000 0.000000
0.190000 0.256098 -0.000052 0.001597 0.600022 0.001598
0.316667 0.256098 -0.000398 0.000488 0.600000 0.000630
0.443333 0.256098 -0.001019 -0.000225 0.600000 0.001044
0.570000 0.256098 -0.002482 0.001234 0.600000 0.002772
0.696667 0.256098 -0.004192 0.001638 0.600001 0.004501
0.823333 0.256098 -0.004971 0.001835 0.600003 0.005298
0.950000 0.256098 -0.005223 0.002010 0.600009 0.005596
1.076667 0.256098 -0.005258 0.002146 0.600016 0.005679
1.203333 0.256098 -0.005159 0.002327 0.600027 0.005659
1.330000 0.256098 -0.004930 0.002470 0.600042 0.005514
1.456667 0.256098 -0.004610 0.002465 0.600051 0.005228
1.583333 0.256098 -0.004295 0.002189 0.600036 0.004821
1.710000 0.256098 -0.004084 0.001531 0.600012 0.004362
1.836667 0.256098 -0.003282 0.000131 0.600000 0.003285
1.963333 0.256098 -0.002016 0.000084 0.600000 0.002018
2.090000 0.256098 -0.001587 0.001327 0.600008 0.002069
2.216667 0.256098 -0.001799 0.001850 0.600020 0.002581
2.343333 0.256098 -0.001990 0.002083 0.600021 0.002880
2.470000 0.256098 -0.002165 0.002149 0.600014 0.003051
2.596667 0.256098 -0.002426 0.002050 0.600008 0.003176
2.723333 0.256098 -0.002710 0.002071 0.600007 0.003411
2.850000 0.256098 -0.002818 0.002121 0.600008 0.003527
2.976667 0.256098 -0.002763 0.002025 0.600011 0.003426
3.103333 0.256098 -0.002950 0.001498 0.600006 0.003309
3.230000 0.256098 -0.003685 0.000646 0.600000 0.003741
3.356667 0.256098 -0.003400 -0.001576 0.600000 0.003747
3.483333 0.256098 -0.002049 -0.001876 0.600000 0.002778
3.610000 0.256098 -0.000740 -0.001513 0.600000 0.001685
3.736667 0.256098 0.000000 0.000000 0.000000 0.000000
0.063333 0.270732 0.000000 0.000000 0.000000 0.000000
0.190000 0.270732 -0.000130 0.001485 0.600001 0.001491
0.316667 0.270732 -0.000575 0.000447 0.600000 0.000728
0.443333 0.270732 -0.001159 -0.000231 0.600000 0.001182
0.570000 0.270732 -0.002544 0.001544 0.600000 0.002976
0.696667 0.270732 -0.004211 0.001956 0.600000 0.004643
0.823333 0.270732 -0.004959 0.002165 0.600000 0.005411
0.950000 0.270732 -0.005204 0.002364 0.600000 0.005715
1.076667 0.270732 -0.005231 0.002521 0.600000 0.005807
1.203333 0.270732 -0.005121 0.002699 0.600001 0.005789
1.330000 0.270732 -0.004889 0.002827 0.600001 0.005647
1.456667 0.270732 -0.004576 0.002802 0.600002 0.005365
1.583333 0.270732 -0.004275 0.002498 0.600001 0.004951
1.710000 0.270732 -0.004100 0.001742 0.600000 0.004455
1.836667 0.270732 -0.003305 -0.000079 0.600000 0.003306
1.963333 0.270732 -0.002001 -0.000098 0.600000 0.002003
2.090000 0.270732 -0.001585 0.001558 0.600000 0.002222
2.216667 0.270732 -0.001830 0.002172 0.600001 0.002840
2.343333 0.270732 -0.002024 0.002428 0.600001 0.003161
2.470000 0.270732 -0.002200 0.002502 0.600000 0.003332
2.596667 0.270732 -0.002450 0.002421 0.600000 0.003444
2.723333 0.270732 -0.002715 0.002430 0.600000 0.003644
2.850000 0.270732 -0.002822 0.002453 0.600000 0.003740
2.976667 0.270732 -0.002787 0.002331 0.600000 0.003634
3.103333 0.270732 -0.002973 0.001830 0.600000 0.003491
3.230000 0.270732 -0.003692 0.000966 0.600000 0.003816
3.356667 0.270732 -0.003358 -0.001587 0.600000 0.003715
3.483333 0.270732 -0.001965 -0.001814 0.600000 0.002674
3.610000 0.270732 -0.000702 -0.001454 0.600000 0.001614
3.736667 0.270732 0.000000 0.000000 0.000000 0.000000
0.063333 0.285366 0.000000 0.000000 0.000000 0.000000
0.190000 0.285366 -0.000199 0.001389 0.600000 0.001404
0.316667 0.285366 -0.000741 0.000411 0.600000 0.000847
0.443333 0.285366 -0.001296 -0.000256 0.600000 0.001321
0.570000 0.285366 -0.002612 0.001801 0.600000 0.003173
0.696667 0.285366 -0.004238 0.002198 0.600000 0.004774
0.823333 0.285366 -0.004948 0.002416 0.600000 0.005507
0.950000 0.285366 -0.005182 0.002636 0.600000 0.005814
1.076667 0.285366 -0.005202 0.002812 0.600000 0.005913
1.203333 0.285366 -0.005081 0.002989 0.600000 0.005895
1.330000 0.285366 -0.004843 0.003105 0.600000 0.005753
1.456667 0.285366 -0.004532 0.003064 0.600000 0.005471
1.583333 0.285366 -0.004242 0.002744 0.600000 0.005052
1.710000 0.285366 -0.004111 0.001919 0.600000 0.004537
1.836667 0.285366 -0.003326 -0.000305 0.600000 0.003340
1.963333 0.285366 -0.001981 -0.000297 0.600000 0.002003
2.090000 0.285366 -0.001586 0.001753 0.600000 0.002364
2.216667 0.285366 -0.001870 0.002427 0.600000 0.003064
2.343333 0.285366 -0.002065 0.002696 0.600000 0.003396
2.470000 0.285366 -0.002239 0.002775 0.600000 0.003565
2.596667 0.285366 -0.002476 0.002708 0.600000 0.003669
2.723333 0.285366 -0.002724 0.002707 0.600000 0.003840
2.850000 0.285366 -0.002829 0.002707 0.600000 0.003916
2.976667 0.285366 -0.002808 0.002563 0.600000 0.003802
3.103333 0.285366 -0.002985 0.002088 0.600000 0.003643
3.230000 0.285366 -0.003693 0.001240 0.600000 0.003896
3.356667 0.285366 -0.003314 -0.001614 0.600000 0.003686
3.483333 0.285366 -0.001882 -0.001750 0.600000 0.002570
3.610000 0.285366 -0.000667 -0.001387 0.600000 0.001539
3.736667 0.285366 0.000000 0.000000 0.000000 0.000000
0.063333 0.300000 0.000000 0.000000 0.000000 0.000000
0.190000 0.300000 -0.000261 0.001309 0.600000 0.001334
0.316667 0.300000 -0.000896 0.000383 0.600000 0.000975
0.443333 0.300000 -0.001435 -0.000301 0.600000 0.001466
0.570000 0.300000 -0.002693 0.001991 0.600000 0.003349
0.696667 0.300000 -0.004273 0.002346 0.600000 0.004875
0.823333 0.300000 -0.004938 0.002570 0.600000 0.005567
0.950000 0.300000 -0.005159 0.002808 0.600000 0.005874
1.076667 0.300000 -0.005170 0.003003 0.600000 0.005978
1.203333 0.300000 -0.005038 0.003180 0.600000 0.005958
1.330000 0.300000 -0.004793 0.003286 0.600000 0.005811
1.456667 0.300000 -0.004480 0.003235 0.600000 0.005526
1.583333 0.300000 -0.004195 0.002909 0.600000 0.005105
1.710000 0.300000 -0.004109 0.002052 0.600000 0.004593
1.836667 0.300000 -0.003341 -0.000547 0.600000 0.003386
1.963333 0.300000 -0.001965 -0.000514 0.600000 0.002031
2.090000 0.300000 -0.001602 0.001902 0.600000 0.002487
2.216667 0.300000 -0.001926 0.002598 0.600000 0.003234
2.343333 0.300000 -0.002117 0.002868 0.600000 0.003564
2.470000 0.300000 -0.002284 0.002949 0.600000 0.003730
2.596667 0.300000 -0.002506 0.002893 0.600000 0.003828
2.723333 0.300000 -0.002737 0.002884 0.600000 0.003976
2.850000 0.300000 -0.002838 0.002864 0.600000 0.004032
2.976667 0.300000 -0.002826 0.002703 0.600000 0.003911
3.103333 0.300000 -0.002987 0.002255 0.600000 0.003743
3.230000 0.300000 -0.003684 0.001455 0.600000 0.003961
3.356667 0.300000 -0.003264 -0.001656 0.600000 0.003660
3.483333 0.300000 -0.001798 -0.001682 0.600000 0.002463
3.610000 0.300000 -0.000636 -0.001314 0.600000 0.001460
3.736667 0.300000 0.000000 0.000000 0.000000 0.000000
0.063333 0.314634 0.000000 0.000000 0.000000 0.000000
0.190000 0.314634 -0.000315 0.001241 0.600000 0.001280
0.316667 0.314634 -0.001041 0.000363 0.600000 0.001102
0.443333 0.314634 -0.001583 -0.000364 0.600000 0.001624
0.570000 0.314634 -0.002793 0.002091 0.600000 0.003489
0.696667 0.314634 -0.004318 0.002373 0.600000 0.004927
0.823333 0.314634 -0.004929 0.002600 0.600000 0.005573
0.950000 0.314634 -0.005133 0.002857 0.600000 0.005875
1.076667 0.314634 -0.005134 0.003069 0.600000 0.005981
1.203333 0.314634 -0.004990 0.003247 0.600000 0.005953
1.330000 0.314634 -0.004735 0.003345 0.600000 0.005798
1.456667 0.314634 -0.004416 0.003289 0.600000 0.005506
1.583333 0.314634 -0.004127 0.002970 0.600000 0.005085
1.710000 0.314634 -0.004080 0.002122 0.600000 0.004599
1.836667 0.314634 -0.003340 -0.000803 0.600000 0.003435
1.963333 0.314634 -0.001959 -0.000745 0.600000 0.002096
2.090000 0.314634 -0.001642 0.001985 0.600000 0.002577
2.216667 0.314634 -0.002000 0.002661 0.600000 0.003329
2.343333 0.314634 -0.002178 0.002919 0.600000 0.003642
2.470000 0.314634 -0.002334 0.002999 0.600000 0.003800
2.596667 0.314634 -0.002539 0.002952 0.600000 0.003894
2.723333 0.314634 -0.002752 0.002935 0.600000 0.004024
2.850000 0.314634 -0.002847 0.002900 0.600000 0.004064
2.976667 0.314634 -0.002839 0.002724 0.600000 0.003935
3.103333 0.314634 -0.002975 0.002307 0.600000 0.003764
3.230000 0.314634 -0.003655 0.001589 0.600000 0.003985
3.356667 0.314634 -0.003200 -0.001711 0.600000 0.003628
3.483333 0.314634 -0.001715 -0.001609 0.600000 0.002352
3.610000 0.314634 -0.000608 -0.001235 0.600000 0.001377
3.736667 0.314634 0.000000 0.000000 0.000000 0.000000
0.063333 0.329268 0.000000 0.000000 0.000000 0.000000
0.190000 0.329268 -0.000361 0.001185 0.600000 0.001239
0.316667 0.329268 -0.001175 0.000351 0.600000 0.001226
0.443333 0.329268 -0.001747 -0.000444 0.600000 0.001803
0.570000 0.329268 -0.002921 0.002067 0.600000 0.003578
0.696667 0.329268 -0.004372 0.002244 0.600000 0.004914
0.823333 0.329268 -0.004921 0.002473 0.600000 0.005507
0.950000 0.329268 -0.005107 0.002746 0.600000 0.005798
1.076667 0.329268 -0.005095 0.002975 0.600000 0.005900
1.203333 0.329268 -0.004937 0.003156 0.600000 0.005860
1.330000 0.329268 -0.004670 0.003250 0.600000 0.005690
1.456667 0.329268 -0.004339 0.003193 0.600000 0.005387
1.583333 0.329268 -0.004035 0.002894 0.600000 0.004965
1.710000 0.329268 -0.004010 0.002104 0.600000 0.004528
1.836667 0.329268 -0.003313 -0.001065 0.600000 0.003480
1.963333 0.329268 -0.001976 -0.000985 0.600000 0.002208
2.090000 0.329268 -0.001724 0.001975 0.600000 0.002622
2.216667 0.329268 -0.002099 0.002580 0.600000 0.003326
2.343333 0.329268 -0.002253 0.002816 0.600000 0.003607
2.470000 0.329268 -0.002391 0.002892 0.600000 0.003752
2.596667 0.329268 -0.002577 0.002850 0.600000 0.003843
2.723333 0.329268 -0.002770 0.002828 0.600000 0.003958
2.850000 0.329268 -0.002857 0.002779 0.600000 0.003986
2.976667 0.329268 -0.002849 0.002594 0.600000 0.003853
3.103333 0.329268 -0.002950 0.002207 0.600000 0.003684
3.230000 0.329268 -0.003599 0.001609 0.600000 0.003943
3.356667 0.329268 -0.003116 -0.001775 0.600000 0.003586
3.483333 0.329268 -0.001634 -0.001527 0.600000 0.002237
3.610000 0.329268 -0.000584 -0.001151 0.600000 0.001291
3.736667 0.329268 0.000000 0.000000 0.000000 0.000000
0.063333 0.343902 0.000000 0.000000 0.000000 0.000000
0.190000 0.343902 -0.000399 0.001138 0.600000 0.001206
0.316667 0.343902 -0.001297 0.000351 0.600000 0.001343
0.443333 0.343902 -0.001938 -0.000532 0.600000 0.002010
0.570000 0.343902 -0.003087 0.001871 0.600000 0.003610
0.696667 0.343902 -0.004435 0.001911 0.600000 0.004829
0.823333 0.343902 -0.004913 0.002142 0.600000 0.005360
0.950000 0.343902 -0.005077 0.002431 0.600000 0.005630
1.076667 0.343902 -0.005052 0.002677 0.600000 0.005717
1.203333 0.343902 -0.004879 0.002863 0.600000 0.005657
1.330000 0.343902 -0.004596 0.002954 0.600000 0.005463
1.456667 0.343902 -0.004246 0.002903 0.600000 0.005143
1.583333 0.343902 -0.003912 0.002634 0.600000 0.004716
1.710000 0.343902 -0.003881 0.001956 0.600000 0.004346
1.836667 0.343902 -0.003245 -0.001320 0.600000 0.003503
1.963333 0.343902 -0.002030 -0.001223 0.600000 0.002370
2.090000 0.343902 -0.001864 0.001828 0.600000 0.002611
2.216667 0.343902 -0.002226 0.002310 0.600000 0.003208
2.343333 0.343902 -0.002342 0.002513 0.600000 0.003435
2.470000 0.343902 -0.002456 0.002581 0.600000 0.003562
2.596667 0.343902 -0.002619 0.002542 0.600000 0.003650
2.723333 0.343902 -0.002789 0.002515 0.600000 0.003756
2.850000 0.343902 -0.002867 0.002456 0.600000 0.003775
2.976667 0.343902 -0.002854 0.002264 0.600000 0.003643
3.103333 0.343902 -0.002912 0.001910 0.600000 0.003482
3.230000 0.343902 -0.003506 0.001471 0.600000 0.003802
3.356667 0.343902 -0.003004 -0.001839 0.600000 0.003523
3.483333 0.343902 -0.001557 -0.001436 0.600000 0.002118
3.610000 0.343902 -0.000564 -0.001063 0.600000 0.001204
3.736667 0.343902 0.000000 0.000000 0.000000 0.000000
0.063333 0.358537 0.000000 0.000000 0.000000 0.000000
0.190000 0.358537 -0.000429 0.001099 0.600000 0.001179
0.316667 0.358537 -0.001405 0.000361 0.600000 0.001450
0.443333 0.358537 -0.002167 -0.000622 0.600000 0.002254
0.570000 0.358537 -0.003302 0.001433 0.600000 0.003600
0.696667 0.358537 -0.004503 0.001312 0.600000 0.004690
0.823333 0.358537 -0.004905 0.001546 0.600000 0.005143
0.950000 0.358537 -0.005046 0.001852 0.600000 0.005375
1.076667 0.358537 -0.005004 0.002115 0.600000 0.005433
1.203333 0.358537 -0.004814 0.002307 0.600000 0.005338
1.330000 0.358537 -0.004511 0.002399 0.600000 0.005109
1.456667 0.358537 -0.004136 0.002357 0.600000 0.004761
1.583333 0.358537 -0.003757 0.002130 0.600000 0.004318
1.710000 0.358537 -0.003672 0.001618 0.600000 0.004013
1.836667 0.358537 -0.003119 -0.001546 0.600000 0.003481
1.963333 0.358537 -0.002142 -0.001439 0.600000 0.002580
2.090000 0.358537 -0.002084 0.001482 0.600000 0.002557
2.216667 0.358537 -0.002385 0.001789 0.600000 0.002981
2.343333 0.358537 -0.002446 0.001949 0.600000 0.003128
2.470000 0.358537 -0.002530 0.002005 0.600000 0.003228
2.596667 0.358537 -0.002666 0.001968 0.600000 0.003314
2.723333 0.358537 -0.002813 0.001937 0.600000 0.003415
2.850000 0.358537 -0.002877 0.001870 0.600000 0.003431
2.976667 0.358537 -0.002857 0.001676 0.600000 0.003312
3.103333 0.358537 -0.002863 0.001354 0.600000 0.003167
3.230000 0.358537 -0.003364 0.001107 0.600000 0.003541
3.356667 0.358537 -0.002854 -0.001892 0.600000 0.003424
3.483333 0.358537 -0.001486 -0.001333 0.600000 0.001996
3.610000 0.358537 -0.000550 -0.000972 0.600000 0.001116
3.736667 0.358537 0.000000 0.000000 0.000000 0.000000
0.063333 0.373171 0.000000 0.000000 0.000000 0.000000
0.190000 0.373171 -0.000450 0.001065 0.600000 0.001156
0.316667 0.373171 -0.001495 0.000382 0.600000 0.001543
0.443333 0.373171 -0.002448 -0.000697 0.600000 0.002545
0.570000 0.373171 -0.003579 0.000654 0.600000 0.003638
0.696667 0.373171 -0.004570 0.000365 0.600000 0.004584
0.823333 0.373171 -0.004893 0.000607 0.600000 0.004931
0.950000 0.373171 -0.005011 0.000927 0.600000 0.005096
1.076667 0.373171 -0.004951 0.001209 0.600000 0.005097
1.203333 0.373171 -0.004741 0.001410 0.600000 0.004946
1.330000 0.373171 -0.004415 0.001507 0.600000 0.004665
1.456667 0.373171 -0.004009 0.001479 0.600000 0.004273
1.583333 0.373171 -0.003566 0.001301 0.600000 0.003795
1.710000 0.373171 -0.003359 0.001006 0.600000 0.003506
1.836667 0.373171 -0.002911 -0.001711 0.600000 0.003377
1.963333 0.373171 -0.002333 -0.001607 0.600000 0.002833
2.090000 0.373171 -0.002407 0.000845 0.600000 0.002551
2.216667 0.373171 -0.002575 0.000933 0.600000 0.002739
2.343333 0.373171 -0.002567 0.001045 0.600000 0.002772
2.470000 0.373171 -0.002615 0.001086 0.600000 0.002831
2.596667 0.373171 -0.002720 0.001046 0.600000 0.002915
2.723333 0.373171 -0.002839 0.001012 0.600000 0.003014
2.850000 0.373171 -0.002888 0.000942 0.600000 0.003038
2.976667 0.373171 -0.002858 0.000749 0.600000 0.002955
3.103333 0.373171 -0.002809 0.000459 0.600000 0.002847
3.230000 0.373171 -0.003160 0.000423 0.600000 0.003188
3.356667 0.373171 -0.002651 -0.001915 0.600000 0.003270
3.483333 0.373171 -0.001426 -0.001217 0.600000 0.001875
3.610000 0.373171 -0.000541 -0.000878 0.600000 0.001031
3.736667 0.373171 0.000000 0.000000 0.000000 0.000000
0.063333 0.387805 0.000000 0.000000 0.000000 0.000000
0.190000 0.387805 -0.000461 0.001034 0.600000 0.001132
0.316667 0.387805 -0.001564 0.000415 0.600000 0.001618
0.443333 0.387805 -0.002799 -0.000740 0.600000 0.002895
0.570000 0.387805 -0.003927 -0.000609 0.599998 0.003974
0.696667 0.387805 -0.004620 -0.001035 0.599994 0.004734
0.823333 0.387805 -0.004873 -0.000780 0.599994 0.004935
0.950000 0.387805 -0.004969 -0.000445 0.599994 0.004989
1.076667 0.387805 -0.004890 -0.000143 0.599994 0.004892
1.203333 0.387805 -0.004657 0.000069 0.599994 0.004657
1.330000 0.387805 -0.004304 0.000173 0.599994 0.004307
1.456667 0.387805 -0.003862 0.000166 0.599994 0.003865
1.583333 0.387805 -0.003340 0.000042 0.599994 0.003340
1.710000 0.387805 -0.002913 -0.000007 0.599995 0.002913
1.836667 0.387805 -0.002595 -0.001771 0.600000 0.003142
1.963333 0.387805 -0.002636 -0.001686 0.600000 0.003129
2.090000 0.387805 -0.002860 -0.000211 0.599995 0.002868
2.216667 0.387805 -0.002795 -0.000362 0.599991 0.002819
2.343333 0.387805 -0.002705 -0.000303 0.599992 0.002722
2.470000 0.387805 -0.002711 -0.000281 0.599991 0.002726
2.596667 0.387805 -0.002783 -0.000326 0.599991 0.002802
2.723333 0.387805 -0.002872 -0.000363 0.599991 0.002894
2.850000 0.387805 -0.002902 -0.000434 0.599991 0.002935
2.976667 0.387805 -0.002863 -0.000622 0.599990 0.002930
3.103333 0.387805 -0.002763 -0.000882 0.599989 0.002900
3.230000 0.387805 -0.002883 -0.000719 0.599994 0.002971
3.356667 0.387805 -0.002381 -0.001883 0.600000 0.003036
3.483333 0.387805 -0.001384 -0.001090 0.600000 0.001761
3.610000 0.387805 -0.000538 -0.000783 0.600000 0.000950
3.736667 0.387805 0.000000 0.000000 0.000000 0.000000
0.063333 0.402439 0.000000 0.000000 0.000000 0.000000
0.190000 0.402439 -0.000464 0.001005 0.600000 0.001106
0.316667 0.402439 -0.001604 0.000458 0.600000 0.001668
0.443333 0.402439 -0.003246 -0.000725 0.599997 0.003326
0.570000 0.402439 -0.004362 -0.002555 0.599823 0.005055
0.696667 0.402439 -0.004631 -0.002987 0.599819 0.005511
0.823333 0.402439 -0.004837 -0.002718 0.599850 0.005549
0.950000 0.402439 -0.004918 -0.002379 0.599837 0.005464
1.076667 0.402439 -0.004820 -0.002065 0.599830 0.005244
1.203333 0.402439 -0.004564 -0.001844 0.599819 0.004923
1.330000 0.402439 -0.004182 -0.001733 0.599803 0.004527
1.456667 0.402439 -0.003700 -0.001715 0.599791 0.004078
1.583333 0.402439 -0.003091 -0.001783 0.599772 0.003569
1.710000 0.402439 -0.002306 -0.001613 0.599775 0.002814
1.836667 0.402439 -0.002133 -0.001662 0.599999 0.002704
1.963333 0.402439 -0.003095 -0.001620 0.599994 0.003493
2.090000 0.402439 -0.003484 -0.001885 0.599695 0.003961
2.216667 0.402439 -0.003042 -0.002222 0.599569 0.003767
2.343333 0.402439 -0.002864 -0.002213 0.599535 0.003620
2.470000 0.402439 -0.002825 -0.002214 0.599524 0.003589
2.596667 0.402439 -0.002859 -0.002266 0.599511 0.003648
2.723333 0.402439 -0.002916 -0.002304 0.599484 0.003716
2.850000 0.402439 -0.002928 -0.002371 0.599444 0.003768
2.976667 0.402439 -0.002882 -0.002547 0.599408 0.003846
3.103333 0.402439 -0.002740 -0.002779 0.599403 0.003903
3.230000 0.402439 -0.002506 -0.002511 0.599581 0.003547
3.356667 0.402439 -0.002012 -0.001763 0.599999 0.002675
3.483333 0.402439 -0.001366 -0.000951 0.600000 0.001664
3.610000 0.402439 -0.000543 -0.000688 0.600000 0.000877
3.736667 0.402439 0.000000 0.000000 0.000000 0.000000
0.063333 0.417073 0.000000 0.000000 0.000000 0.000000
0.190000 0.417073 -0.000456 0.000974 0.600000 0.001075
0.316667 0.417073 -0.001613 0.000509 0.599999 0.001691
0.443333 0.417073 -0.004048 -0.000505 0.599824 0.004080
0.570000 0.417073 -0.005172 -0.002553 0.593125 0.005768
0.696667 0.417073 -0.004643 -0.002555 0.591232 0.005299
0.823333 0.417073 -0.004803 -0.002168 0.590555 0.005270
0.950000 0.417073 -0.004868 -0.001784 0.590265 0.005185
1.076667 0.417073 -0.004747 -0.001443 0.590074 0.004962
1.203333 0.417073 -0.004457 -0.001217 0.590007 0.004620
1.330000 0.417073 -0.004038 -0.001116 0.590043 0.004189
1.456667 0.417073 -0.003514 -0.001113 0.590131 0.003686
1.583333 0.417073 -0.002810 -0.001225 0.590409 0.003066
1.710000 0.417073 -0.001203 -0.001240 0.591562 0.001727
1.836667 0.417073 -0.001201 -0.001265 0.599964 0.001744
1.963333 0.417073 -0.003997 -0.001243 0.599829 0.004186
2.090000 0.417073 -0.004539 -0.001567 0.591964 0.004802
2.216667 0.417073 -0.003276 -0.001700 0.590923 0.003690
2.343333 0.417073 -0.003010 -0.001648 0.590668 0.003432
2.470000 0.417073 -0.002926 -0.001633 0.590566 0.003351
2.596667 0.417073 -0.002925 -0.001676 0.590530 0.003371
2.723333 0.417073 -0.002955 -0.001713 0.590493 0.003415
2.850000 0.417073 -0.002953 -0.001791 0.590477 0.003453
2.976667 0.417073 -0.002908 -0.001995 0.590566 0.003526
3.103333 0.417073 -0.002743 -0.002303 0.590884 0.003581
3.230000 0.417073 -0.001720 -0.002366 0.592236 0.002925
3.356667 0.417073 -0.001244 -0.001460 0.599975 0.001918
3.483333 0.417073 -0.001382 -0.000805 0.600000 0.001599
3.610000 0.417073 -0.000554 -0.000596 0.600000 0.000814
3.736667 0.417073 0.000000 0.000000 0.000000 0.000000
0.063333 0.431707 0.000000 0.000000 0.000000 0.000000
0.190000 0.431707 -0.000440 0.000939 0.600000 0.001037
0.316667 0.431707 -0.001562 0.000561 0.600000 0.001660
0.443333 0.431707 -0.003793 -0.000065 0.599994 0.003793
0.570000 0.431707 -0.005019 -0.001415 0.599767 0.005214
0.696667 0.431707 -0.004776 -0.000989 0.599517 0.004877
0.823333 0.431707 -0.004900 -0.000495 0.599353 0.004925
0.950000 0.431707 -0.004911 -0.000072 0.599258 0.004912
1.076667 0.431707 -0.004744 0.000283 0.599178 0.004753
1.203333 0.431707 -0.004407 0.000505 0.599177 0.004436
1.330000 0.431707 -0.003952 0.000588 0.599255 0.003995
1.456667 0.431707 -0.003397 0.000555 0.599358 0.003442
1.583333 0.431707 -0.002649 0.000355 0.599503 0.002673
1.710000 0.431707 -0.000944 -0.000031 0.599687 0.000945
1.836667 0.431707 -0.001025 -0.000662 0.600000 0.001220
1.963333 0.431707 -0.004138 -0.000622 0.599998 0.004185
2.090000 0.431707 -0.004792 -0.000358 0.599799 0.004805
2.216667 0.431707 -0.003444 -0.000118 0.599793 0.003446
2.343333 0.431707 -0.003131 0.000018 0.599803 0.003131
2.470000 0.431707 -0.003016 0.000067 0.599798 0.003016
2.596667 0.431707 -0.002979 0.000039 0.599801 0.002979
2.723333 0.431707 -0.002968 0.000002 0.599832 0.002968
2.850000 0.431707 -0.002926 -0.000092 0.599897 0.002927
2.976667 0.431707 -0.002850 -0.000333 0.599975 0.002870
3.103333 0.431707 -0.002705 -0.000738 0.599995 0.002803
3.230000 0.431707 -0.001976 -0.001207 0.599953 0.002315
3.356667 0.431707 -0.001549 -0.000982 0.600000 0.001834
3.483333 0.431707 -0.001446 -0.000659 0.600000 0.001589
3.610000 0.431707 -0.000573 -0.000508 0.600000 0.000766
3.736667 0.431707 0.000000 0.000000 0.000000 0.000000
0.063333 0.446341 0.000000 0.000000 0.000000 0.000000
0.190000 0.446341 -0.000414 0.000898 0.600000 0.000989
0.316667 0.446341 -0.001448 0.000602 0.600000 0.001568
0.443333 0.446341 -0.003099 0.000316 0.600000 0.003115
0.570000 0.446341 -0.004275 -0.001435 0.599997 0.004510
0.696667 0.446341 -0.004554 -0.000965 0.599985 0.004655
0.823333 0.446341 -0.004755 -0.000481 0.599973 0.004779
0.950000 0.446341 -0.004799 -0.000079 0.599964 0.004800
1.076667 0.446341 -0.004644 0.000252 0.599955 0.004651
1.203333 0.446341 -0.004304 0.000457 0.599953 0.004328
1.330000 0.446341 -0.003840 0.000529 0.599960 0.003877
1.456667 0.446341 -0.003284 0.000485 0.599969 0.003320
1.583333 0.446341 -0.002588 0.000258 0.599981 0.002601
1.710000 0.446341 -0.001504 -0.000256 0.599992 0.001526
1.836667 0.446341 -0.001567 -0.000160 0.600000 0.001575
1.963333 0.446341 -0.003546 -0.000106 0.600000 0.003547
2.090000 0.446341 -0.004231 -0.000549 0.599997 0.004267
2.216667 0.446341 -0.003496 -0.000167 0.599996 0.003500
2.343333 0.446341 -0.003223 -0.000001 0.599996 0.003223
2.470000 0.446341 -0.003104 0.000058 0.599996 0.003104
2.596667 0.446341 -0.003055 0.000038 0.599996 0.003055
2.723333 0.446341 -0.003036 0.000000 0.599997 0.003036
2.850000 0.446341 -0.003006 -0.000099 0.599999 0.003008
2.976667 0.446341 -0.002976 -0.000339 0.600000 0.002995
3.103333 0.446341 -0.002938 -0.000753 0.600000 0.003033
3.230000 0.446341 -0.002801 -0.001292 0.600000 0.003085
3.356667 0.446341 -0.002306 -0.000564 0.600000 0.002374
3.483333 0.446341 -0.001557 -0.000522 0.600000 0.001642
3.610000 0.446341 -0.000598 -0.000425 0.600000 0.000734
3.736667 0.446341 0.000000 0.000000 0.000000 0.000000
0.063333 0.460976 0.000000 0.000000 0.000000 0.000000
0.190000 0.460976 -0.000381 0.000850 0.600000 0.000931
0.316667 0.460976 -0.001304 0.000622 0.600000 0.001445
0.443333 0.460976 -0.002544 0.000508 0.600000 0.002595
0.570000 0.460976 -0.003668 -0.001369 0.600000 0.003916
0.696667 0.460976 -0.004298 -0.000926 0.600000 0.004396
0.823333 0.460976 -0.004598 -0.000462 0.599999 0.004622
0.950000 0.460976 -0.004685 -0.000083 0.599999 0.004685
1.076667 0.460976 -0.004546 0.000222 0.599999 0.004551
1.203333 0.460976 -0.004210 0.000409 0.599998 0.004229
1.330000 0.460976 -0.003745 0.000471 0.599999 0.003775
1.456667 0.460976 -0.003199 0.000417 0.599999 0.003226
1.583333 0.460976 -0.002577 0.000174 0.600000 0.002583
1.710000 0.460976 -0.001939 -0.000371 0.600000 0.001974
1.836667 0.460976 -0.001952 0.000142 0.600000 0.001957
1.963333 0.460976 -0.003115 0.000197 0.600000 0.003121
2.090000 0.460976 -0.003796 -0.000631 0.600000 0.003848
2.216667 0.460976 -0.003495 -0.000205 0.600000 0.003501
2.343333 0.460976 -0.003286 -0.000018 0.600000 0.003286
2.470000 0.460976 -0.003174 0.000049 0.600000 0.003175
2.596667 0.460976 -0.003120 0.000035 0.600000 0.003120
2.723333 0.460976 -0.003098 -0.000002 0.600000 0.003098
2.850000 0.460976 -0.003085 -0.000102 0.600000 0.003087
2.976667 0.460976 -0.003104 -0.000337 0.600000 0.003122
3.103333 0.460976 -0.003189 -0.000749 0.600000 0.003275
3.230000 0.460976 -0.003468 -0.001279 0.600000 0.003697
3.356667 0.460976 -0.002910 -0.000316 0.600000 0.002927
3.483333 0.460976 -0.001693 -0.000402 0.600000 0.001740
3.610000 0.460976 -0.000627 -0.000349 0.600000 0.000718
3.736667 0.460976 0.000000 0.000000 0.000000 0.000000
0.063333 0.475610 0.000000 0.000000 0.000000 0.000000
0.190000 0.475610 -0.000342 0.000791 0.600000 0.000862
0.316667 0.475610 -0.001145 0.000620 0.600000 0.001301
0.443333 0.475610 -0.002095 0.000576 0.600000 0.002173
0.570000 0.475610 -0.003172 -0.001252 0.600000 0.003411
0.696667 0.475610 -0.004035 -0.000871 0.600000 0.004128
0.823333 0.475610 -0.004442 -0.000436 0.600000 0.004463
0.950000 0.475610 -0.004574 -0.000085 0.600000 0.004574
1.076667 0.475610 -0.004453 0.000193 0.600000 0.004457
1.203333 0.475610 -0.004122 0.000360 0.600000 0.004138
1.330000 0.475610 -0.003660 0.000412 0.600000 0.003684
1.456667 0.475610 -0.003132 0.000351 0.600000 0.003151
1.583333 0.475610 -0.002592 0.000106 0.600000 0.002594
1.710000 0.475610 -0.002268 -0.000413 0.600000 0.002306
1.836667 0.475610 -0.002215 0.000308 0.600000 0.002236
1.963333 0.475610 -0.002799 0.000357 0.600000 0.002822
2.090000 0.475610 -0.003455 -0.000640 0.600000 0.003514
2.216667 0.475610 -0.003459 -0.000230 0.600000 0.003467
2.343333 0.475610 -0.003328 -0.000033 0.600000 0.003328
2.470000 0.475610 -0.003231 0.000040 0.600000 0.003231
2.596667 0.475610 -0.003175 0.000032 0.600000 0.003175
2.723333 0.475610 -0.003154 -0.000003 0.600000 0.003154
2.850000 0.475610 -0.003159 -0.000101 0.600000 0.003161
2.976667 0.475610 -0.003230 -0.000327 0.600000 0.003246
3.103333 0.475610 -0.003440 -0.000725 0.600000 0.003515
3.230000 0.475610 -0.004015 -0.001204 0.600000 0.004192
3.356667 0.475610 -0.003399 -0.000172 0.600000 0.003403
3.483333 0.475610 -0.001838 -0.000301 0.600000 0.001862
3.610000 0.475610 -0.000660 -0.000280 0.600000 0.000717
3.736667 0.475610 0.000000 0.000000 0.000000 0.000000
0.063333 0.490244 0.000000 0.000000 0.000000 0.000000
0.190000 0.490244 -0.000300 0.000723 0.600000 0.000782
0.316667 0.490244 -0.000981 0.000594 0.600000 0.001147
0.443333 0.490244 -0.001725 0.000570 0.600000 0.001816
0.570000 0.490244 -0.002760 -0.001106 0.600000 0.002974
0.696667 0.490244 -0.003779 -0.000799 0.600000 0.003863
0.823333 0.490244 -0.004289 -0.000402 0.600000 0.004308
0.950000 0.490244 -0.004469 -0.000083 0.600000 0.004470
1.076667 0.490244 -0.004367 0.000166 0.600000 0.004370
1.203333 0.490244 -0.004042 0.000312 0.600000 0.004054
1.330000 0.490244 -0.003584 0.000354 0.600000 0.003602
1.456667 0.490244 -0.003078 0.000290 0.600000 0.003091
1.583333 0.490244 -0.002621 0.000052 0.600000 0.002622
1.710000 0.490244 -0.002518 -0.000409 0.600000 0.002551
1.836667 0.490244 -0.002392 0.000384 0.600000 0.002423
1.963333 0.490244 -0.002564 0.000421 0.600000 0.002598
2.090000 0.490244 -0.003186 -0.000605 0.600000 0.003243
2.216667 0.490244 -0.003403 -0.000240 0.600000 0.003412
2.343333 0.490244 -0.003353 -0.000044 0.600000 0.003353
2.470000 0.490244 -0.003277 0.000031 0.600000 0.003277
2.596667 0.490244 -0.003223 0.000028 0.600000 0.003223
2.723333 0.490244 -0.003203 -0.000004 0.600000 0.003203
2.850000 0.490244 -0.003226 -0.000097 0.600000 0.003228
2.976667 0.490244 -0.003350 -0.000309 0.600000 0.003364
3.103333 0.490244 -0.003681 -0.000681 0.600000 0.003744
3.230000 0.490244 -0.004470 -0.001091 0.600000 0.004601
3.356667 0.490244 -0.003801 -0.000092 0.600000 0.003802
3.483333 0.490244 -0.001982 -0.000218 0.600000 0.001994
3.610000 0.490244 -0.000694 -0.000219 0.600000 0.000728
3.736667 0.490244 0.000000 0.000000 0.000000 0.000000
0.063333 0.504878 0.000000 0.000000 0.000000 0.000000
0.190000 0.504878 -0.000256 0.000643 0.600000 0.000692
0.316667 0.504878 -0.000820 0.000547 0.600000 0.000986
0.443333 0.504878 -0.001412 0.000518 0.600000 0.001504
0.570000 0.504878 -0.002410 -0.000946 0.600000 0.002590
0.696667 0.504878 -0.003535 -0.000712 0.600000 0.003606
0.823333 0.504878 -0.004144 -0.000360 0.600000 0.004159
0.950000 0.504878 -0.004371 -0.000077 0.600000 0.004372
1.076667 0.504878 -0.004287 0.000139 0.600000 0.004289
1.203333 0.504878 -0.003967 0.000264 0.600000 0.003976
1.330000 0.504878 -0.003516 0.000297 0.600000 0.003528
1.456667 0.504878 -0.003034 0.000233 0.600000 0.003042
1.583333 0.504878 -0.002657 0.000013 0.600000 0.002657
1.710000 0.504878 -0.002708 -0.000376 0.600000 0.002734
1.836667 0.504878 -0.002509 0.000401 0.600000 0.002541
1.963333 0.504878 -0.002384 0.000425 0.600000 0.002422
2.090000 0.504878 -0.002968 -0.000542 0.600000 0.003017
2.216667 0.504878 -0.003336 -0.000235 0.600000 0.003344
2.343333 0.504878 -0.003365 -0.000051 0.600000 0.003365
2.470000 0.504878 -0.003313 0.000023 0.600000 0.003313
2.596667 0.504878 -0.003263 0.000024 0.600000 0.003263
2.723333 0.504878 -0.003246 -0.000004 0.600000 0.003246
2.850000 0.504878 -0.003287 -0.000089 0.600000 0.003288
2.976667 0.504878 -0.003462 -0.000282 0.600000 0.003474
3.103333 0.504878 -0.003908 -0.000618 0.600000 0.003957
3.230000 0.504878 -0.004854 -0.000953 0.600000 0.004947
3.356667 0.504878 -0.004136 -0.000047 0.600000 0.004137
3.483333 0.504878 -0.002120 -0.000151 0.600000 0.002125
3.610000 0.504878 -0.000728 -0.000166 0.600000 0.000747
3.736667 0.504878 0.000000 0.000000 0.000000 0.000000
0.063333 0.519512 0.000000 0.000000 0.000000 0.000000
0.190000 0.519512 -0.000211 0.000551 0.600000 0.000590
0.316667 0.519512 -0.000664 0.000481 0.600000 0.000820
0.443333 0.519512 -0.001141 0.000441 0.600000 0.001224
0.570000 0.519512 -0.002106 -0.000779 0.600000 0.002245
0.696667 0.519512 -0.003305 -0.000610 0.600000 0.003361
0.823333 0.519512 -0.004006 -0.000310 0.600000 0.004018
0.950000 0.519512 -0.004279 -0.000069 0.600000 0.004280
1.076667 0.519512 -0.004212 0.000113 0.600000 0.004214
1.203333 0.519512 -0.003896 0.000217 0.600000 0.003902
1.330000 0.519512 -0.003450 0.000241 0.600000 0.003459
1.456667 0.519512 -0.002994 0.000180 0.600000 0.002999
1.583333 0.519512 -0.002692 -0.000013 0.600000 0.002692
1.710000 0.519512 -0.002853 -0.000326 0.600000 0.002871
1.836667 0.519512 -0.002584 0.000378 0.600000 0.002611
1.963333 0.519512 -0.002238 0.000390 0.600000 0.002272
2.090000 0.519512 -0.002783 -0.000461 0.600000 0.002821
2.216667 0.519512 -0.003261 -0.000218 0.600000 0.003269
2.343333 0.519512 -0.003367 -0.000053 0.600000 0.003367
2.470000 0.519512 -0.003342 0.000016 0.600000 0.003342
2.596667 0.519512 -0.003297 0.000020 0.600000 0.003297
2.723333 0.519512 -0.003282 -0.000004 0.600000 0.003282
2.850000 0.519512 -0.003339 -0.000078 0.600000 0.003340
2.976667 0.519512 -0.003563 -0.000247 0.600000 0.003572
3.103333 0.519512 -0.004114 -0.000538 0.600000 0.004150
3.230000 0.519512 -0.005182 -0.000800 0.600000 0.005244
3.356667 0.519512 -0.004422 -0.000022 0.600000 0.004422
3.483333 0.519512 -0.002248 -0.000099 0.600000 0.002250
3.610000 0.519512 -0.000761 -0.000121 0.600000 0.000771
3.736667 0.519512 0.000000 0.000000 0.000000 0.000000
0.063333 0.534146 0.000000 0.000000 0.000000 0.000000
0.190000 0.534146 -0.000167 0.000448 0.600000 0.000478
0.316667 0.534146 -0.000516 0.000398 0.600000 0.000652
0.443333 0.534146 -0.000899 0.000352 0.600000 0.000966
0.570000 0.534146 -0.001835 -0.000610 0.600000 0.001933
0.696667 0.534146 -0.003093 -0.000495 0.600000 0.003132
0.823333 0.534146 -0.003880 -0.000253 0.600000 0.003888
0.950000 0.534146 -0.004198 -0.000058 0.600000 0.004198
1.076667 0.534146 -0.004145 0.000088 0.600000 0.004146
1.203333 0.534146 -0.003832 0.000169 0.600000 0.003836
1.330000 0.534146 -0.003391 0.000186 0.600000 0.003396
1.456667 0.534146 -0.002959 0.000133 0.600000 0.002962
1.583333 0.534146 -0.002725 -0.000027 0.600000 0.002725
1.710000 0.534146 -0.002968 -0.000265 0.600000 0.002980
1.836667 0.534146 -0.002633 0.000328 0.600000 0.002653
1.963333 0.534146 -0.002116 0.000330 0.600000 0.002141
2.090000 0.534146 -0.002623 -0.000371 0.600000 0.002650
2.216667 0.534146 -0.003185 -0.000188 0.600000 0.003191
2.343333 0.534146 -0.003362 -0.000050 0.600000 0.003363
2.470000 0.534146 -0.003365 0.000010 0.600000 0.003365
2.596667 0.534146 -0.003326 0.000015 0.600000 0.003326
2.723333 0.534146 -0.003313 -0.000003 0.600000 0.003313
2.850000 0.534146 -0.003384 -0.000065 0.600000 0.003384
2.976667 0.534146 -0.003653 -0.000204 0.600000 0.003658
3.103333 0.534146 -0.004301 -0.000443 0.600000 0.004324
3.230000 0.534146 -0.005470 -0.000637 0.600000 0.005507
3.356667 0.534146 -0.004671 -0.000007 0.600000 0.004671
3.483333 0.534146 -0.002366 -0.000060 0.600000 0.002367
3.610000 0.534146 -0.000792 -0.000084 0.600000 0.000797
3.736667 0.534146 0.000000 0.000000 0.000000 0.000000
0.063333 0.548780 0.000000 0.000000 0.000000 0.000000
0.190000 0.548780 -0.000123 0.000334 0.600000 0.000356
0.316667 0.548780 -0.000375 0.000301 0.600000 0.000480
0.443333 0.548780 -0.000674 0.000256 0.600000 0.000721
0.570000 0.548780 -0.001584 -0.000440 0.600000 0.001644
0.696667 0.548780 -0.002897 -0.000368 0.600000 0.002920
0.823333 0.548780 -0.003764 -0.000189 0.600000 0.003769
0.950000 0.548780 -0.004123 -0.000044 0.600000 0.004123
1.076667 0.548780 -0.004081 0.000063 0.600000 0.004082
1.203333 0.548780 -0.003768 0.000122 0.600000 0.003770
1.330000 0.548780 -0.003329 0.000132 0.600000 0.003332
1.456667 0.548780 -0.002921 0.000089 0.600000 0.002923
1.583333 0.548780 -0.002749 -0.000031 0.600000 0.002749
1.710000 0.548780 -0.003059 -0.000197 0.600000 0.003066
1.836667 0.548780 -0.002663 0.000258 0.600000 0.002675
1.963333 0.548780 -0.002000 0.000253 0.600000 0.002016
2.090000 0.548780 -0.002473 -0.000273 0.600000 0.002489
2.216667 0.548780 -0.003108 -0.000148 0.600000 0.003111
2.343333 0.548780 -0.003353 -0.000042 0.600000 0.003354
2.470000 0.548780 -0.003383 0.000006 0.600000 0.003383
2.596667 0.548780 -0.003349 0.000011 0.600000 0.003349
2.723333 0.548780 -0.003336 -0.000002 0.600000 0.003336
2.850000 0.548780 -0.003417 -0.000048 0.600000 0.003418
2.976667 0.548780 -0.003726 -0.000153 0.600000 0.003729
3.103333 0.548780 -0.004463 -0.000333 0.600000 0.004476
3.230000 0.548780 -0.005724 -0.000466 0.600000 0.005743
3.356667 0.548780 -0.004892 0.000002 0.600000 0.004892
3.483333 0.548780 -0.002473 -0.000031 0.600000 0.002473
3.610000 0.548780 -0.000821 -0.000053 0.600000 0.000822
3.736667 0.548780 0.000000 0.000000 0.000000 0.000000
0.063333 0.563415 0.000000 0.000000 0.000000 0.000000
0.190000 0.563415 -0.000080 0.000208 0.600000 0.000223
0.316667 0.563415 -0.000240 0.000190 0.600000 0.000306
0.443333 0.563415 -0.000459 0.000157 0.600000 0.000485
0.570000 0.563415 -0.001348 -0.000268 0.600000 0.001375
0.696667 0.563415 -0.002721 -0.000230 0.600000 0.002730
0.823333 0.563415 -0.003664 -0.000118 0.600000 0.003666
0.950000 0.563415 -0.004059 -0.000028 0.600000 0.004059
1.076667 0.563415 -0.004026 0.000038 0.600000 0.004026
1.203333 0.563415 -0.003709 0.000074 0.600000 0.003709
1.330000 0.563415 -0.003271 0.000079 0.600000 0.003272
1.456667 0.563415 -0.002884 0.000051 0.600000 0.002884
1.583333 0.563415 -0.002768 -0.000026 0.600000 0.002769
1.710000 0.563415 -0.003141 -0.000124 0.600000 0.003144
1.836667 0.563415 -0.002688 0.000171 0.600000 0.002693
1.963333 0.563415 -0.001887 0.000164 0.600000 0.001894
2.090000 0.563415 -0.002329 -0.000170 0.600000 0.002335
2.216667 0.563415 -0.003033 -0.000096 0.600000 0.003034
2.343333 0.563415 -0.003343 -0.000029 0.600000 0.003343
2.470000 0.563415 -0.003399 0.000003 0.600000 0.003399
2.596667 0.563415 -0.003369 0.000007 0.600000 0.003369
2.723333 0.563415 -0.003354 -0.000001 0.600000 0.003354
2.850000 0.563415 -0.003441 -0.000030 0.600000 0.003441
2.976667 0.563415 -0.003784 -0.000097 0.600000 0.003785
3.103333 0.563415 -0.004604 -0.000210 0.600000 0.004609
3.230000 0.563415 -0.005957 -0.000288 0.600000 0.005964
3.356667 0.563415 -0.005097 0.000007 0.600000 0.005097
3.483333 0.563415 -0.002569 -0.000012 0.600000 0.002569
3.610000 0.563415 -0.000846 -0.000027 0.600000 0.000846
3.736667 0.563415 0.000000 0.000000 0.000000 0.000000
0.063333 0.578049 0.000000 0.000000 0.000000 0.000000
0.190000 0.578049 -0.000033 0.000071 0.600000 0.000079
0.316667 0.578049 -0.000088 0.000066 0.600000 0.000110
0.443333 0.578049 -0.000194 0.000053 0.600000 0.000201
0.570000 0.578049 -0.001064 -0.000091 0.600000 0.001068
0.696667 0.578049 -0.002533 -0.000079 0.600000 0.002534
0.823333 0.578049 -0.003567 -0.000041 0.600000 0.003567
0.950000 0.578049 -0.004001 -0.000010 0.600000 0.004001
1.076667 0.578049 -0.003971 0.000013 0.600000 0.003971
1.203333 0.578049 -0.003644 0.000025 0.600000 0.003645
1.330000 0.578049 -0.003204 0.000026 0.600000 0.003204
1.456667 0.578049 -0.002839 0.000016 0.600000 0.002839
1.583333 0.578049 -0.002789 -0.000010 0.600000 0.002789
1.710000 0.578049 -0.003248 -0.000043 0.600000 0.003249
1.836667 0.578049 -0.002731 0.000061 0.600000 0.002732
1.963333 0.578049 -0.001743 0.000058 0.600000 0.001744
2.090000 0.578049 -0.002148 -0.000058 0.600000 0.002149
2.216667 0.578049 -0.002949 -0.000034 0.600000 0.002949
2.343333 0.578049 -0.003335 -0.000010 0.600000 0.003335
2.470000 0.578049 -0.003419 0.000001 0.600000 0.003419
2.596667 0.578049 -0.003390 0.000002 0.600000 0.003390
2.723333 0.578049 -0.003369 -0.000000 0.600000 0.003369
2.850000 0.578049 -0.003458 -0.000010 0.600000 0.003458
2.976667 0.578049 -0.003834 -0.000033 0.600000 0.003834
3.103333 0.578049 -0.004750 -0.000073 0.600000 0.004750
3.230000 0.578049 -0.006227 -0.000098 0.600000 0.006228
3.356667 0.578049 -0.005342 0.000004 0.600000 0.005342
3.483333 0.578049 -0.002677 -0.000002 0.600000 0.002677
3.610000 0.578049 -0.000873 -0.000008 0.600000 0.000874
3.736667 0.578049 0.000000 0.000000 0.000000 0.000000
0.063333 0.592683 0.000000 0.000000 0.000000 0.000000
0.190000 0.592683 0.000000 0.000000 0.000000 0.000000
0.316667 0.592683 0.000000 0.000000 0.000000 0.000000
0.443333 0.592683 0.000000 0.000000 0.000000 0.000000
0.570000 0.592683 0.000000 0.000000 0.000000 0.000000
0.696667 0.592683 0.000000 0.000000 0.000000 0.000000
0.823333 0.592683 0.000000 0.000000 0.000000 0.000000
0.950000 0.592683 0.000000 0.000000 0.000000 0.000000
1.076667 0.592683 0.000000 0.000000 0.000000 0.000000
1.203333 0.592683 0.000000 0.000000 0.000000 0.000000
1.330000 0.592683 0.000000 0.000000 0.000000 0.000000
1.456667 0.592683 0.000000 0.000000 0.000000 0.000000
1.583333 0.592683 0.000000 0.000000 0.000000 0.000000
1.710000 0.592683 0.000000 0.000000 0.000000 0.000000
1.836667 0.592683 0.000000 0.000000 0.000000 0.000000
1.963333 0.592683 0.000000 0.000000 0.000000 0.000000
2.090000 0.592683 0.000000 0.000000 0.000000 0.000000
2.216667 0.592683 0.000000 0.000000 0.000000 0.000000
2.343333 0.592683 0.000000 0.000000 0.000000 0.000000
2.470000 0.592683 0.000000 0.000000 0.000000 0.000000
2.596667 0.592683 0.000000 0.000000 0.000000 0.000000
2.723333 0.592683 0.000000 0.000000 0.000000 0.000000
2.850000 0.592683 0.000000 0.000000 0.000000 0.000000
2.976667 0.592683 0.000000 0.000000 0.000000 0.000000
3.103333 0.592683 0.000000 0.000000 0.000000 0.000000
3.230000 0.592683 0.000000 0.000000 0.000000 0.000000
3.356667 0.592683 0.000000 0.000000 0.000000 0.000000
3.483333 0.592683 0.000000 0.000000 0.000000 0.000000
3.610000 0.592683 0.000000 0.000000 0.000000 0.000000
3.736667 0.592683 0.000000 0.000000 0.000000 0.000000
