TITLE="(Vx,Vy)"
VARIABLES=X,Y,Vx,Vy,Vm,V
ZONE T="T-Dummy" I=30, J=41, F=POINT
0.063333 0.007317 0.000000 0.000000 0.000000 0.000000
0.190000 0.007317 0.000000 0.000000 0.000000 0.000000
0.316667 0.007317 0.000000 0.000000 0.000000 0.000000
0.443333 0.007317 0.000000 0.000000 0.000000 0.000000
0.570000 0.007317 0.000000 0.000000 0.000000 0.000000
0.696667 0.007317 0.000000 0.000000 0.000000 0.000000
0.823333 0.007317 0.000000 0.000000 0.000000 0.000000
0.950000 0.007317 0.000000 0.000000 0.000000 0.000000
1.076667 0.007317 0.000000 0.000000 0.000000 0.000000
1.203333 0.007317 0.000000 0.000000 0.000000 0.000000
1.330000 0.007317 0.000000 0.000000 0.000000 0.000000
1.456667 0.007317 0.000000 0.000000 0.000000 0.000000
1.583333 0.007317 0.000000 0.000000 0.000000 0.000000
1.710000 0.007317 0.000000 0.000000 0.000000 0.000000
1.836667 0.007317 0.000000 0.000000 0.000000 0.000000
1.963333 0.007317 0.000000 0.000000 0.000000 0.000000
2.090000 0.007317 0.000000 0.000000 0.000000 0.000000
2.216667 0.007317 0.000000 0.000000 0.000000 0.000000
2.343333 0.007317 0.000000 0.000000 0.000000 0.000000
2.470000 0.007317 0.000000 0.000000 0.000000 0.000000
2.596667 0.007317 0.000000 0.000000 0.000000 0.000000
2.723333 0.007317 0.000000 0.000000 0.000000 0.000000
2.850000 0.007317 0.000000 0.000000 0.000000 0.000000
2.976667 0.007317 0.000000 0.000000 0.000000 0.000000
3.103333 0.007317 0.000000 0.000000 0.000000 0.000000
3.230000 0.007317 0.000000 0.000000 0.000000 0.000000
3.356667 0.007317 0.000000 0.000000 0.000000 0.000000
3.483333 0.007317 0.000000 0.000000 0.000000 0.000000
3.610000 0.007317 0.000000 0.000000 0.000000 0.000000
3.736667 0.007317 0.000000 0.000000 0.000000 0.000000
0.063333 0.021951 0.000000 0.000000 0.000000 0.000000
0.190000 0.021951 -0.000838 0.000005 0.900000 0.000838
0.316667 0.021951 -0.002304 -0.000020 0.900000 0.002304
0.443333 0.021951 -0.003484 -0.000039 0.900000 0.003484
0.570000 0.021951 -0.005557 0.000045 0.900000 0.005557
0.696667 0.021951 -0.006774 -0.000204 0.900000 0.006777
0.823333 0.021951 -0.005638 -0.000334 0.900000 0.005648
0.950000 0.021951 -0.004343 -0.000306 0.900000 0.004354
1.076667 0.021951 -0.003407 -0.000303 0.900000 0.003421
1.203333 0.021951 -0.002419 -0.000298 0.900000 0.002438
1.330000 0.021951 -0.001419 -0.000282 0.900000 0.001447
1.456667 0.021951 -0.000506 -0.000254 0.900000 0.000566
1.583333 0.021951 0.000073 -0.000183 0.900000 0.000197
1.710000 0.021951 -0.000440 -0.000037 0.900000 0.000441
1.836667 0.021951 -0.002870 0.000136 0.900000 0.002873
1.963333 0.021951 -0.006270 0.000126 0.900000 0.006271
2.090000 0.021951 -0.008272 -0.000054 0.900000 0.008272
2.216667 0.021951 -0.008157 -0.000189 0.900000 0.008159
2.343333 0.021951 -0.006879 -0.000247 0.900000 0.006883
2.470000 0.021951 -0.005208 -0.000264 0.900000 0.005214
2.596667 0.021951 -0.003456 -0.000261 0.900000 0.003466
2.723333 0.021951 -0.001969 -0.000226 0.900000 0.001982
2.850000 0.021951 -0.000819 -0.000221 0.900000 0.000848
2.976667 0.021951 0.000433 -0.000237 0.900000 0.000494
3.103333 0.021951 0.002230 -0.000247 0.900000 0.002244
3.230000 0.021951 0.002715 -0.000023 0.900000 0.002715
3.356667 0.021951 0.001723 -0.000001 0.900000 0.001723
3.483333 0.021951 0.001009 0.000005 0.900000 0.001009
3.610000 0.021951 0.000344 0.000010 0.900000 0.000344
3.736667 0.021951 0.000000 0.000000 0.000000 0.000000
0.063333 0.036585 0.000000 0.000000 0.000000 0.000000
0.190000 0.036585 -0.000830 0.000016 0.900000 0.000830
0.316667 0.036585 -0.002227 -0.000066 0.900000 0.002228
0.443333 0.036585 -0.003073 -0.000146 0.900000 0.003077
0.570000 0.036585 -0.001691 -0.000225 0.900000 0.001706
0.696667 0.036585 -0.000508 -0.000359 0.900000 0.000622
0.823333 0.036585 -0.002027 -0.000644 0.900000 0.002127
0.950000 0.036585 -0.003431 -0.000691 0.900000 0.003499
1.076667 0.036585 -0.003885 -0.000718 0.900000 0.003951
1.203333 0.036585 -0.003962 -0.000712 0.900000 0.004026
1.330000 0.036585 -0.003922 -0.000676 0.900000 0.003980
1.456667 0.036585 -0.003827 -0.000613 0.900000 0.003876
1.583333 0.036585 -0.003664 -0.000454 0.900000 0.003692
1.710000 0.036585 -0.003706 -0.000107 0.900000 0.003707
1.836667 0.036585 -0.004410 0.000312 0.900000 0.004421
1.963333 0.036585 -0.005456 0.000288 0.900000 0.005464
2.090000 0.036585 -0.005844 -0.000149 0.900000 0.005846
2.216667 0.036585 -0.005392 -0.000464 0.900000 0.005412
2.343333 0.036585 -0.004641 -0.000588 0.900000 0.004678
2.470000 0.036585 -0.003884 -0.000618 0.900000 0.003933
2.596667 0.036585 -0.003160 -0.000605 0.900000 0.003217
2.723333 0.036585 -0.002621 -0.000512 0.900000 0.002671
2.850000 0.036585 -0.002536 -0.000468 0.900000 0.002579
2.976667 0.036585 -0.003415 -0.000403 0.900000 0.003439
3.103333 0.036585 -0.003728 -0.000505 0.900000 0.003762
3.230000 0.036585 -0.000976 -0.000386 0.900000 0.001049
3.356667 0.036585 0.001221 -0.000034 0.900000 0.001221
3.483333 0.036585 0.000889 0.000008 0.900000 0.000889
3.610000 0.036585 0.000322 0.000026 0.900000 0.000323
3.736667 0.036585 0.000000 0.000000 0.000000 0.000000
0.063333 0.051220 0.000000 0.000000 0.000000 0.000000
0.190000 0.051220 -0.000841 0.000027 0.900000 0.000841
0.316667 0.051220 -0.002218 -0.000122 0.900000 0.002222
0.443333 0.051220 -0.002950 -0.000293 0.900000 0.002964
0.570000 0.051220 -0.002194 -0.000769 0.900000 0.002325
0.696667 0.051220 -0.001464 -0.000314 0.900000 0.001497
0.823333 0.051220 -0.002457 -0.000632 0.900000 0.002537
0.950000 0.051220 -0.003543 -0.000857 0.900000 0.003645
1.076667 0.051220 -0.003927 -0.000944 0.900000 0.004038
1.203333 0.051220 -0.003972 -0.000949 0.900000 0.004084
1.330000 0.051220 -0.003915 -0.000903 0.900000 0.004018
1.456667 0.051220 -0.003805 -0.000828 0.900000 0.003894
1.583333 0.051220 -0.003626 -0.000632 0.900000 0.003681
1.710000 0.051220 -0.003654 -0.000177 0.900000 0.003659
1.836667 0.051220 -0.004359 0.000394 0.900000 0.004377
1.963333 0.051220 -0.005418 0.000360 0.900000 0.005430
2.090000 0.051220 -0.005808 -0.000233 0.900000 0.005812
2.216667 0.051220 -0.005345 -0.000638 0.900000 0.005382
2.343333 0.051220 -0.004583 -0.000778 0.900000 0.004649
2.470000 0.051220 -0.003819 -0.000800 0.900000 0.003902
2.596667 0.051220 -0.003076 -0.000774 0.900000 0.003172
2.723333 0.051220 -0.002507 -0.000634 0.900000 0.002586
2.850000 0.051220 -0.002342 -0.000529 0.900000 0.002402
2.976667 0.051220 -0.002804 -0.000306 0.900000 0.002821
3.103333 0.051220 -0.002644 -0.000555 0.900000 0.002702
3.230000 0.051220 -0.000550 -0.000964 0.900000 0.001110
3.356667 0.051220 0.000993 -0.000111 0.900000 0.000999
3.483333 0.051220 0.000832 -0.000001 0.900000 0.000832
3.610000 0.051220 0.000316 0.000040 0.900000 0.000319
3.736667 0.051220 0.000000 0.000000 0.000000 0.000000
0.063333 0.065854 0.000000 0.000000 0.000000 0.000000
0.190000 0.065854 -0.000865 0.000044 0.900000 0.000866
0.316667 0.065854 -0.002250 -0.000182 0.900000 0.002257
0.443333 0.065854 -0.002938 -0.000452 0.900000 0.002973
0.570000 0.065854 -0.002665 -0.001167 0.900000 0.002910
0.696667 0.065854 -0.002264 -0.000360 0.900000 0.002292
0.823333 0.065854 -0.002853 -0.000686 0.900000 0.002934
0.950000 0.065854 -0.003662 -0.001040 0.900000 0.003807
1.076667 0.065854 -0.003975 -0.001179 0.900000 0.004146
1.203333 0.065854 -0.003994 -0.001191 0.900000 0.004168
1.330000 0.065854 -0.003926 -0.001134 0.900000 0.004086
1.456667 0.065854 -0.003809 -0.001046 0.900000 0.003950
1.583333 0.065854 -0.003614 -0.000814 0.900000 0.003704
1.710000 0.065854 -0.003617 -0.000251 0.900000 0.003626
1.836667 0.065854 -0.004309 0.000475 0.900000 0.004335
1.963333 0.065854 -0.005373 0.000433 0.900000 0.005390
2.090000 0.065854 -0.005753 -0.000321 0.900000 0.005762
2.216667 0.065854 -0.005273 -0.000814 0.900000 0.005335
2.343333 0.065854 -0.004506 -0.000970 0.900000 0.004609
2.470000 0.065854 -0.003743 -0.000984 0.900000 0.003870
2.596667 0.065854 -0.002989 -0.000948 0.900000 0.003136
2.723333 0.065854 -0.002391 -0.000763 0.900000 0.002510
2.850000 0.065854 -0.002138 -0.000609 0.900000 0.002223
2.976667 0.065854 -0.002248 -0.000287 0.900000 0.002266
3.103333 0.065854 -0.001739 -0.000651 0.900000 0.001857
3.230000 0.065854 -0.000142 -0.001366 0.900000 0.001374
3.356667 0.065854 0.000890 -0.000203 0.900000 0.000913
3.483333 0.065854 0.000814 -0.000018 0.900000 0.000814
3.610000 0.065854 0.000323 0.000055 0.900000 0.000327
3.736667 0.065854 0.000000 0.000000 0.000000 0.000000
0.063333 0.080488 0.000000 0.000000 0.000000 0.000000
0.190000 0.080488 -0.000903 0.000068 0.900000 0.000906
0.316667 0.080488 -0.002319 -0.000244 0.900000 0.002332
0.443333 0.080488 -0.003015 -0.000611 0.900000 0.003076
0.570000 0.080488 -0.003116 -0.001461 0.900000 0.003442
0.696667 0.080488 -0.002955 -0.000472 0.900000 0.002993
0.823333 0.080488 -0.003228 -0.000794 0.900000 0.003324
0.950000 0.080488 -0.003788 -0.001236 0.900000 0.003984
1.076667 0.080488 -0.004024 -0.001418 0.900000 0.004266
1.203333 0.080488 -0.004013 -0.001435 0.900000 0.004262
1.330000 0.080488 -0.003937 -0.001365 0.900000 0.004166
1.456667 0.080488 -0.003818 -0.001265 0.900000 0.004022
1.583333 0.080488 -0.003614 -0.000999 0.900000 0.003750
1.710000 0.080488 -0.003594 -0.000329 0.900000 0.003609
1.836667 0.080488 -0.004262 0.000556 0.900000 0.004298
1.963333 0.080488 -0.005311 0.000506 0.900000 0.005335
2.090000 0.080488 -0.005674 -0.000411 0.900000 0.005689
2.216667 0.080488 -0.005179 -0.000991 0.900000 0.005273
2.343333 0.080488 -0.004414 -0.001161 0.900000 0.004564
2.470000 0.080488 -0.003659 -0.001167 0.900000 0.003841
2.596667 0.080488 -0.002898 -0.001125 0.900000 0.003109
2.723333 0.080488 -0.002269 -0.000896 0.900000 0.002439
2.850000 0.080488 -0.001919 -0.000706 0.900000 0.002045
2.976667 0.080488 -0.001727 -0.000328 0.900000 0.001758
3.103333 0.080488 -0.000955 -0.000775 0.900000 0.001230
3.230000 0.080488 0.000265 -0.001640 0.900000 0.001661
3.356667 0.080488 0.000887 -0.000296 0.900000 0.000935
3.483333 0.080488 0.000833 -0.000039 0.900000 0.000834
3.610000 0.080488 0.000341 0.000072 0.900000 0.000349
3.736667 0.080488 0.000000 0.000000 0.000000 0.000000
0.063333 0.095122 0.000000 0.000000 0.000000 0.000000
0.190000 0.095122 -0.000955 0.000103 0.900000 0.000960
0.316667 0.095122 -0.002428 -0.000306 0.900000 0.002447
0.443333 0.095122 -0.003163 -0.000763 0.900000 0.003254
0.570000 0.095122 -0.003553 -0.001681 0.900000 0.003931
0.696667 0.095122 -0.003560 -0.000631 0.900000 0.003616
0.823333 0.095122 -0.003582 -0.000946 0.900000 0.003705
0.950000 0.095122 -0.003919 -0.001444 0.900000 0.004176
1.076667 0.095122 -0.004074 -0.001661 0.900000 0.004399
1.203333 0.095122 -0.004032 -0.001679 0.900000 0.004368
1.330000 0.095122 -0.003951 -0.001593 0.900000 0.004260
1.456667 0.095122 -0.003837 -0.001482 0.900000 0.004114
1.583333 0.095122 -0.003632 -0.001185 0.900000 0.003821
1.710000 0.095122 -0.003590 -0.000410 0.900000 0.003613
1.836667 0.095122 -0.004223 0.000635 0.900000 0.004270
1.963333 0.095122 -0.005238 0.000577 0.900000 0.005270
2.090000 0.095122 -0.005573 -0.000502 0.900000 0.005595
2.216667 0.095122 -0.005067 -0.001166 0.900000 0.005199
2.343333 0.095122 -0.004311 -0.001348 0.900000 0.004517
2.470000 0.095122 -0.003571 -0.001345 0.900000 0.003816
2.596667 0.095122 -0.002807 -0.001300 0.900000 0.003094
2.723333 0.095122 -0.002143 -0.001032 0.900000 0.002379
2.850000 0.095122 -0.001693 -0.000819 0.900000 0.001881
2.976667 0.095122 -0.001241 -0.000415 0.900000 0.001309
3.103333 0.095122 -0.000270 -0.000914 0.900000 0.000953
3.230000 0.095122 0.000668 -0.001817 0.900000 0.001936
3.356667 0.095122 0.000964 -0.000382 0.900000 0.001037
3.483333 0.095122 0.000888 -0.000062 0.900000 0.000890
3.610000 0.095122 0.000372 0.000094 0.900000 0.000384
3.736667 0.095122 0.000000 0.000000 0.000000 0.000000
0.063333 0.109756 0.000000 0.000000 0.000000 0.000000
0.190000 0.109756 -0.001021 0.000152 0.900000 0.001032
0.316667 0.109756 -0.002573 -0.000365 0.900000 0.002598
0.443333 0.109756 -0.003367 -0.000906 0.900000 0.003487
0.570000 0.109756 -0.003976 -0.001850 0.900000 0.004385
0.696667 0.109756 -0.004093 -0.000823 0.900000 0.004175
0.823333 0.109756 -0.003911 -0.001135 0.900000 0.004073
0.950000 0.109756 -0.004048 -0.001662 0.900000 0.004376
1.076667 0.109756 -0.004121 -0.001905 0.900000 0.004540
1.203333 0.109756 -0.004048 -0.001919 0.900000 0.004480
1.330000 0.109756 -0.003964 -0.001816 0.900000 0.004360
1.456667 0.109756 -0.003863 -0.001693 0.900000 0.004218
1.583333 0.109756 -0.003665 -0.001367 0.900000 0.003912
1.710000 0.109756 -0.003604 -0.000493 0.900000 0.003638
1.836667 0.109756 -0.004187 0.000709 0.900000 0.004247
1.963333 0.109756 -0.005146 0.000645 0.900000 0.005186
2.090000 0.109756 -0.005441 -0.000593 0.900000 0.005473
2.216667 0.109756 -0.004930 -0.001334 0.900000 0.005107
2.343333 0.109756 -0.004193 -0.001525 0.900000 0.004462
2.470000 0.109756 -0.003476 -0.001515 0.900000 0.003792
2.596667 0.109756 -0.002713 -0.001471 0.900000 0.003087
2.723333 0.109756 -0.002014 -0.001169 0.900000 0.002329
2.850000 0.109756 -0.001462 -0.000943 0.900000 0.001740
2.976667 0.109756 -0.000788 -0.000536 0.900000 0.000953
3.103333 0.109756 0.000338 -0.001060 0.900000 0.001113
3.230000 0.109756 0.001067 -0.001922 0.900000 0.002198
3.356667 0.109756 0.001104 -0.000455 0.900000 0.001194
3.483333 0.109756 0.000979 -0.000083 0.900000 0.000982
3.610000 0.109756 0.000414 0.000125 0.900000 0.000433
3.736667 0.109756 0.000000 0.000000 0.000000 0.000000
0.063333 0.124390 0.000000 0.000000 0.000000 0.000000
0.190000 0.124390 -0.001100 0.000219 0.900000 0.001122
0.316667 0.124390 -0.002753 -0.000419 0.900000 0.002784
0.443333 0.124390 -0.003618 -0.001036 0.900000 0.003763
0.570000 0.124390 -0.004388 -0.001982 0.900000 0.004815
0.696667 0.124390 -0.004569 -0.001038 0.900000 0.004685
0.823333 0.124390 -0.004215 -0.001353 0.900000 0.004427
0.950000 0.124390 -0.004174 -0.001887 0.900000 0.004581
1.076667 0.124390 -0.004166 -0.002147 0.900000 0.004687
1.203333 0.124390 -0.004061 -0.002152 0.900000 0.004596
1.330000 0.124390 -0.003979 -0.002029 0.900000 0.004466
1.456667 0.124390 -0.003898 -0.001895 0.900000 0.004334
1.583333 0.124390 -0.003717 -0.001542 0.900000 0.004025
1.710000 0.124390 -0.003642 -0.000578 0.900000 0.003687
1.836667 0.124390 -0.004161 0.000776 0.900000 0.004232
1.963333 0.124390 -0.005035 0.000708 0.900000 0.005084
2.090000 0.124390 -0.005279 -0.000681 0.900000 0.005323
2.216667 0.124390 -0.004769 -0.001491 0.900000 0.004997
2.343333 0.124390 -0.004062 -0.001690 0.900000 0.004400
2.470000 0.124390 -0.003375 -0.001673 0.900000 0.003767
2.596667 0.124390 -0.002619 -0.001635 0.900000 0.003087
2.723333 0.124390 -0.001884 -0.001306 0.900000 0.002292
2.850000 0.124390 -0.001231 -0.001077 0.900000 0.001635
2.976667 0.124390 -0.000365 -0.000680 0.900000 0.000772
3.103333 0.124390 0.000883 -0.001207 0.900000 0.001496
3.230000 0.124390 0.001462 -0.001971 0.900000 0.002454
3.356667 0.124390 0.001293 -0.000511 0.900000 0.001391
3.483333 0.124390 0.001102 -0.000100 0.900000 0.001107
3.610000 0.124390 0.000469 0.000166 0.900000 0.000498
3.736667 0.124390 0.000000 0.000000 0.000000 0.000000
0.063333 0.139024 0.000000 0.000000 0.000000 0.000000
0.190000 0.139024 -0.001194 0.000307 0.900000 0.001232
0.316667 0.139024 -0.002966 -0.000466 0.900000 0.003003
0.443333 0.139024 -0.003906 -0.001153 0.900000 0.004072
0.570000 0.139024 -0.004792 -0.002089 0.900000 0.005227
0.696667 0.139024 -0.004997 -0.001270 0.900000 0.005156
0.823333 0.139024 -0.004494 -0.001592 0.900000 0.004768
0.950000 0.139024 -0.004292 -0.002115 0.900000 0.004785
1.076667 0.139024 -0.004207 -0.002383 0.900000 0.004835
1.203333 0.139024 -0.004070 -0.002375 0.900000 0.004713
1.330000 0.139024 -0.003993 -0.002228 0.900000 0.004573
1.456667 0.139024 -0.003940 -0.002082 0.900000 0.004456
1.583333 0.139024 -0.003789 -0.001707 0.900000 0.004156
1.710000 0.139024 -0.003707 -0.000662 0.900000 0.003765
1.836667 0.139024 -0.004143 0.000832 0.900000 0.004226
1.963333 0.139024 -0.004899 0.000763 0.900000 0.004958
2.090000 0.139024 -0.005079 -0.000763 0.900000 0.005136
2.216667 0.139024 -0.004581 -0.001633 0.900000 0.004864
2.343333 0.139024 -0.003916 -0.001838 0.900000 0.004326
2.470000 0.139024 -0.003267 -0.001813 0.900000 0.003737
2.596667 0.139024 -0.002525 -0.001786 0.900000 0.003093
2.723333 0.139024 -0.001753 -0.001440 0.900000 0.002269
2.850000 0.139024 -0.001000 -0.001216 0.900000 0.001574
2.976667 0.139024 0.000032 -0.000839 0.900000 0.000839
3.103333 0.139024 0.001380 -0.001349 0.900000 0.001930
3.230000 0.139024 0.001853 -0.001975 0.900000 0.002708
3.356667 0.139024 0.001523 -0.000551 0.900000 0.001619
3.483333 0.139024 0.001257 -0.000112 0.900000 0.001262
3.610000 0.139024 0.000535 0.000220 0.900000 0.000579
3.736667 0.139024 0.000000 0.000000 0.000000 0.000000
0.063333 0.153659 0.000000 0.000000 0.000000 0.000000
0.190000 0.153659 -0.001301 0.000418 0.900000 0.001366
0.316667 0.153659 -0.003211 -0.000506 0.900000 0.003251
0.443333 0.153659 -0.004223 -0.001259 0.900000 0.004407
0.570000 0.153659 -0.005187 -0.002177 0.900000 0.005625
0.696667 0.153659 -0.005386 -0.001515 0.900000 0.005595
0.823333 0.153659 -0.004745 -0.001848 0.900000 0.005092
0.950000 0.153659 -0.004400 -0.002341 0.900000 0.004984
1.076667 0.153659 -0.004240 -0.002611 0.900000 0.004980
1.203333 0.153659 -0.004074 -0.002584 0.900000 0.004824
1.330000 0.153659 -0.004006 -0.002409 0.900000 0.004674
1.456667 0.153659 -0.003990 -0.002249 0.900000 0.004580
1.583333 0.153659 -0.003882 -0.001857 0.900000 0.004304
1.710000 0.153659 -0.003802 -0.000743 0.900000 0.003874
1.836667 0.153659 -0.004136 0.000873 0.900000 0.004227
1.963333 0.153659 -0.004732 0.000805 0.900000 0.004800
2.090000 0.153659 -0.004833 -0.000837 0.900000 0.004905
2.216667 0.153659 -0.004362 -0.001754 0.900000 0.004701
2.343333 0.153659 -0.003753 -0.001962 0.900000 0.004235
2.470000 0.153659 -0.003152 -0.001931 0.900000 0.003697
2.596667 0.153659 -0.002431 -0.001919 0.900000 0.003097
2.723333 0.153659 -0.001623 -0.001568 0.900000 0.002257
2.850000 0.153659 -0.000770 -0.001356 0.900000 0.001559
2.976667 0.153659 0.000405 -0.001004 0.900000 0.001083
3.103333 0.153659 0.001837 -0.001484 0.900000 0.002362
3.230000 0.153659 0.002239 -0.001943 0.900000 0.002964
3.356667 0.153659 0.001784 -0.000574 0.900000 0.001873
3.483333 0.153659 0.001441 -0.000117 0.900000 0.001446
3.610000 0.153659 0.000613 0.000290 0.900000 0.000678
3.736667 0.153659 0.000000 0.000000 0.000000 0.000000
0.063333 0.168293 0.000000 0.000000 0.000000 0.000000
0.190000 0.168293 -0.001423 0.000556 0.900000 0.001527
0.316667 0.168293 -0.003489 -0.000538 0.900000 0.003530
0.443333 0.168293 -0.004566 -0.001353 0.900000 0.004762
0.570000 0.168293 -0.005577 -0.002250 0.899999 0.006014
0.696667 0.168293 -0.005745 -0.001768 0.899999 0.006011
0.823333 0.168293 -0.004970 -0.002113 0.899999 0.005401
0.950000 0.168293 -0.004496 -0.002563 0.899999 0.005175
1.076667 0.168293 -0.004268 -0.002826 0.899999 0.005119
1.203333 0.168293 -0.004073 -0.002775 0.899999 0.004928
1.330000 0.168293 -0.004019 -0.002567 0.900000 0.004769
1.456667 0.168293 -0.004051 -0.002392 0.900000 0.004704
1.583333 0.168293 -0.004004 -0.001984 0.900000 0.004469
1.710000 0.168293 -0.003941 -0.000820 0.900000 0.004026
1.836667 0.168293 -0.004149 0.000893 0.900000 0.004244
1.963333 0.168293 -0.004534 0.000831 0.900000 0.004609
2.090000 0.168293 -0.004539 -0.000898 0.900000 0.004627
2.216667 0.168293 -0.004113 -0.001846 0.900000 0.004508
2.343333 0.168293 -0.003578 -0.002056 0.900000 0.004127
2.470000 0.168293 -0.003034 -0.002019 0.899999 0.003645
2.596667 0.168293 -0.002342 -0.002027 0.899999 0.003097
2.723333 0.168293 -0.001498 -0.001689 0.899999 0.002258
2.850000 0.168293 -0.000545 -0.001493 0.899999 0.001589
2.976667 0.168293 0.000755 -0.001169 0.900000 0.001391
3.103333 0.168293 0.002264 -0.001608 0.900000 0.002777
3.230000 0.168293 0.002618 -0.001876 0.899999 0.003221
3.356667 0.168293 0.002068 -0.000581 0.900000 0.002148
3.483333 0.168293 0.001654 -0.000113 0.900000 0.001658
3.610000 0.168293 0.000702 0.000377 0.900000 0.000797
3.736667 0.168293 0.000000 0.000000 0.000000 0.000000
0.063333 0.182927 0.000000 0.000000 0.000000 0.000000
0.190000 0.182927 -0.001558 0.000724 0.900000 0.001718
0.316667 0.182927 -0.003795 -0.000560 0.899999 0.003837
0.443333 0.182927 -0.004926 -0.001440 0.899993 0.005133
0.570000 0.182927 -0.005958 -0.002309 0.899982 0.006390
0.696667 0.182927 -0.006074 -0.002028 0.899976 0.006404
0.823333 0.182927 -0.005165 -0.002384 0.899972 0.005689
0.950000 0.182927 -0.004573 -0.002773 0.899974 0.005348
1.076667 0.182927 -0.004284 -0.003023 0.899973 0.005243
1.203333 0.182927 -0.004061 -0.002940 0.899979 0.005013
1.330000 0.182927 -0.004025 -0.002694 0.899988 0.004844
1.456667 0.182927 -0.004115 -0.002502 0.899991 0.004816
1.583333 0.182927 -0.004149 -0.002082 0.899993 0.004642
1.710000 0.182927 -0.004123 -0.000889 0.899999 0.004218
1.836667 0.182927 -0.004175 0.000884 0.900000 0.004268
1.963333 0.182927 -0.004284 0.000834 0.900000 0.004364
2.090000 0.182927 -0.004175 -0.000939 0.899998 0.004279
2.216667 0.182927 -0.003821 -0.001900 0.899988 0.004268
2.343333 0.182927 -0.003381 -0.002114 0.899982 0.003987
2.470000 0.182927 -0.002904 -0.002072 0.899973 0.003568
2.596667 0.182927 -0.002253 -0.002103 0.899966 0.003082
2.723333 0.182927 -0.001373 -0.001801 0.899967 0.002265
2.850000 0.182927 -0.000319 -0.001621 0.899965 0.001652
2.976667 0.182927 0.001089 -0.001326 0.899973 0.001716
3.103333 0.182927 0.002669 -0.001718 0.899973 0.003174
3.230000 0.182927 0.002991 -0.001777 0.899964 0.003479
3.356667 0.182927 0.002370 -0.000575 0.899996 0.002439
3.483333 0.182927 0.001894 -0.000098 0.899999 0.001897
3.610000 0.182927 0.000802 0.000484 0.900000 0.000937
3.736667 0.182927 0.000000 0.000000 0.000000 0.000000
0.063333 0.197561 0.000000 0.000000 0.000000 0.000000
0.190000 0.197561 -0.001711 0.000927 0.899999 0.001946
0.316667 0.197561 -0.004142 -0.000571 0.899910 0.004182
0.443333 0.197561 -0.005313 -0.001521 0.899712 0.005526
0.570000 0.197561 -0.006341 -0.002352 0.899521 0.006763
0.696667 0.197561 -0.006385 -0.002295 0.899400 0.006785
0.823333 0.197561 -0.005326 -0.002658 0.899347 0.005953
0.950000 0.197561 -0.004628 -0.002968 0.899399 0.005498
1.076667 0.197561 -0.004284 -0.003198 0.899388 0.005347
1.203333 0.197561 -0.004034 -0.003077 0.899476 0.005074
1.330000 0.197561 -0.004024 -0.002786 0.899632 0.004895
1.456667 0.197561 -0.004188 -0.002573 0.899683 0.004915
1.583333 0.197561 -0.004326 -0.002142 0.899732 0.004828
1.710000 0.197561 -0.004364 -0.000944 0.899932 0.004464
1.836667 0.197561 -0.004233 0.000838 0.900000 0.004315
1.963333 0.197561 -0.003990 0.000806 0.899999 0.004070
2.090000 0.197561 -0.003755 -0.000953 0.899868 0.003874
2.216667 0.197561 -0.003510 -0.001908 0.899514 0.003995
2.343333 0.197561 -0.003185 -0.002128 0.899343 0.003831
2.470000 0.197561 -0.002787 -0.002085 0.899117 0.003480
2.596667 0.197561 -0.002183 -0.002142 0.898928 0.003058
2.723333 0.197561 -0.001265 -0.001906 0.898886 0.002288
2.850000 0.197561 -0.000101 -0.001739 0.898819 0.001742
2.976667 0.197561 0.001414 -0.001476 0.898944 0.002044
3.103333 0.197561 0.003030 -0.001810 0.898990 0.003530
3.230000 0.197561 0.003322 -0.001646 0.898809 0.003707
3.356667 0.197561 0.002678 -0.000559 0.899548 0.002736
3.483333 0.197561 0.002167 -0.000072 0.899768 0.002168
3.610000 0.197561 0.000924 0.000615 0.899978 0.001109
3.736667 0.197561 0.000000 0.000000 0.000000 0.000000
0.063333 0.212195 0.000000 0.000000 0.000000 0.000000
0.190000 0.212195 -0.002090 0.001190 0.899940 0.002406
0.316667 0.212195 -0.004778 -0.000588 0.895556 0.004814
0.443333 0.212195 -0.005738 -0.001610 0.892723 0.005959
0.570000 0.212195 -0.006665 -0.002393 0.891174 0.007082
0.696667 0.212195 -0.006565 -0.002601 0.890026 0.007062
0.823333 0.212195 -0.005283 -0.002964 0.889849 0.006057
0.950000 0.212195 -0.004500 -0.003170 0.890560 0.005505
1.076667 0.212195 -0.004145 -0.003381 0.890536 0.005349
1.203333 0.212195 -0.003861 -0.003215 0.891169 0.005024
1.330000 0.212195 -0.003911 -0.002859 0.892435 0.004845
1.456667 0.212195 -0.004202 -0.002623 0.892645 0.004954
1.583333 0.212195 -0.004377 -0.002191 0.892881 0.004895
1.710000 0.212195 -0.004446 -0.000987 0.896390 0.004555
1.836667 0.212195 -0.004256 0.000754 0.899999 0.004322
1.963333 0.212195 -0.003867 0.000756 0.899921 0.003940
2.090000 0.212195 -0.003628 -0.000956 0.893560 0.003752
2.216667 0.212195 -0.003367 -0.001911 0.886952 0.003872
2.343333 0.212195 -0.003103 -0.002126 0.884139 0.003762
2.470000 0.212195 -0.002792 -0.002110 0.880655 0.003499
2.596667 0.212195 -0.002188 -0.002194 0.877848 0.003099
2.723333 0.212195 -0.001255 -0.002066 0.876085 0.002417
2.850000 0.212195 0.000058 -0.001923 0.874408 0.001923
2.976667 0.212195 0.001852 -0.001708 0.874575 0.002519
3.103333 0.212195 0.002881 -0.001867 0.875900 0.003433
3.230000 0.212195 0.001891 -0.001439 0.874134 0.002377
3.356667 0.212195 0.000462 -0.000483 0.871038 0.000668
3.483333 0.212195 -0.000105 -0.000033 0.858417 0.000111
3.610000 0.212195 -0.000110 0.000696 0.847988 0.000705
3.736667 0.212195 0.000000 0.000000 0.000000 0.000000
0.063333 0.226829 0.000000 0.000000 0.000000 0.000000
0.190000 0.226829 -0.000157 0.001316 0.787284 0.001326
0.316667 0.226829 -0.001083 -0.000559 0.795329 0.001219
0.443333 0.226829 -0.002777 -0.001605 0.805152 0.003208
0.570000 0.226829 -0.004323 -0.002416 0.808318 0.004952
0.696667 0.226829 -0.004346 -0.002929 0.809751 0.005240
0.823333 0.226829 -0.003297 -0.003278 0.812387 0.004650
0.950000 0.226829 -0.002774 -0.003380 0.815291 0.004372
1.076667 0.226829 -0.002824 -0.003554 0.815907 0.004540
1.203333 0.226829 -0.003123 -0.003354 0.815339 0.004583
1.330000 0.226829 -0.003518 -0.002946 0.812870 0.004589
1.456667 0.226829 -0.003807 -0.002713 0.806221 0.004675
1.583333 0.226829 -0.003482 -0.002328 0.798007 0.004189
1.710000 0.226829 -0.002806 -0.001063 0.795594 0.003000
1.836667 0.226829 -0.002946 0.000765 0.798692 0.003044
1.963333 0.226829 -0.003848 0.000796 0.782134 0.003929
2.090000 0.226829 -0.003562 -0.001100 0.745330 0.003728
2.216667 0.226829 -0.002100 -0.002096 0.720773 0.002967
2.343333 0.226829 -0.001290 -0.002255 0.702317 0.002598
2.470000 0.226829 -0.001151 -0.002269 0.685311 0.002544
2.596667 0.226829 -0.001103 -0.002358 0.669112 0.002603
2.723333 0.226829 -0.000927 -0.002358 0.653169 0.002533
2.850000 0.226829 -0.000442 -0.002229 0.637572 0.002272
2.976667 0.226829 0.000542 -0.002070 0.622049 0.002140
3.103333 0.226829 0.001183 -0.001969 0.606883 0.002297
3.230000 0.226829 0.000192 -0.001206 0.600032 0.001221
3.356667 0.226829 -0.001606 -0.000305 0.600000 0.001635
3.483333 0.226829 -0.002129 -0.000021 0.600040 0.002129
3.610000 0.226829 -0.000917 0.000649 0.607097 0.001123
3.736667 0.226829 0.000000 0.000000 0.000000 0.000000
0.063333 0.241463 0.000000 0.000000 0.000000 0.000000
0.190000 0.241463 0.001638 0.001131 0.616563 0.001991
0.316667 0.241463 0.003177 -0.000473 0.600169 0.003212
0.443333 0.241463 0.001950 -0.001396 0.600001 0.002398
0.570000 0.241463 0.000545 -0.002392 0.600007 0.002454
0.696667 0.241463 0.000951 -0.003216 0.600010 0.003354
0.823333 0.241463 0.002047 -0.003555 0.600009 0.004102
0.950000 0.241463 0.002583 -0.003599 0.600007 0.004430
1.076667 0.241463 0.002414 -0.003717 0.600003 0.004432
1.203333 0.241463 0.001714 -0.003503 0.600091 0.003900
1.330000 0.241463 0.001021 -0.003102 0.600461 0.003265
1.456667 0.241463 0.000649 -0.002908 0.600897 0.002980
1.583333 0.241463 0.001132 -0.002630 0.601043 0.002863
1.710000 0.241463 0.002566 -0.001284 0.600976 0.002870
1.836667 0.241463 0.001395 0.001083 0.613717 0.001766
1.963333 0.241463 -0.002641 0.001106 0.611491 0.002864
2.090000 0.241463 -0.003509 -0.001466 0.600252 0.003803
2.216667 0.241463 -0.001888 -0.002479 0.600141 0.003116
2.343333 0.241463 -0.001607 -0.002530 0.600039 0.002997
2.470000 0.241463 -0.002171 -0.002522 0.600000 0.003328
2.596667 0.241463 -0.002822 -0.002582 0.600000 0.003825
2.723333 0.241463 -0.003220 -0.002692 0.600000 0.004197
2.850000 0.241463 -0.003176 -0.002545 0.600000 0.004069
2.976667 0.241463 -0.002452 -0.002423 0.600000 0.003447
3.103333 0.241463 -0.001105 -0.002185 0.600000 0.002449
3.230000 0.241463 -0.000546 -0.001086 0.600000 0.001216
3.356667 0.241463 -0.001482 -0.000093 0.600000 0.001485
3.483333 0.241463 -0.001724 -0.000064 0.600000 0.001725
3.610000 0.241463 -0.000625 0.000552 0.600095 0.000834
3.736667 0.241463 0.000000 0.000000 0.000000 0.000000
0.063333 0.256098 0.000000 0.000000 0.000000 0.000000
0.190000 0.256098 0.000870 0.000907 0.600634 0.001257
0.316667 0.256098 0.002184 -0.000452 0.600003 0.002231
0.443333 0.256098 0.001627 -0.001102 0.600000 0.001965
0.570000 0.256098 0.000433 -0.002344 0.600000 0.002383
0.696667 0.256098 0.000864 -0.003437 0.600000 0.003544
0.823333 0.256098 0.001853 -0.003769 0.600000 0.004199
0.950000 0.256098 0.002295 -0.003788 0.600000 0.004429
1.076667 0.256098 0.002107 -0.003854 0.600000 0.004392
1.203333 0.256098 0.001496 -0.003641 0.600000 0.003937
1.330000 0.256098 0.000868 -0.003283 0.600000 0.003396
1.456667 0.256098 0.000429 -0.003140 0.600002 0.003169
1.583333 0.256098 0.000752 -0.002988 0.600002 0.003081
1.710000 0.256098 0.002589 -0.001675 0.600002 0.003083
1.836667 0.256098 0.001628 0.001630 0.600632 0.002303
1.963333 0.256098 -0.002827 0.001608 0.600477 0.003253
2.090000 0.256098 -0.003533 -0.001937 0.600000 0.004029
2.216667 0.256098 -0.001723 -0.002861 0.600000 0.003339
2.343333 0.256098 -0.001580 -0.002791 0.600000 0.003208
2.470000 0.256098 -0.002170 -0.002739 0.600000 0.003495
2.596667 0.256098 -0.002761 -0.002767 0.600000 0.003909
2.723333 0.256098 -0.003165 -0.002954 0.600000 0.004329
2.850000 0.256098 -0.003196 -0.002788 0.600000 0.004241
2.976667 0.256098 -0.002548 -0.002692 0.600000 0.003707
3.103333 0.256098 -0.001288 -0.002424 0.600000 0.002745
3.230000 0.256098 -0.000666 -0.001043 0.600000 0.001237
3.356667 0.256098 -0.001389 0.000098 0.600000 0.001393
3.483333 0.256098 -0.001541 -0.000126 0.600000 0.001546
3.610000 0.256098 -0.000546 0.000480 0.600001 0.000727
3.736667 0.256098 0.000000 0.000000 0.000000 0.000000
0.063333 0.270732 0.000000 0.000000 0.000000 0.000000
0.190000 0.270732 0.000734 0.000789 0.600014 0.001078
0.316667 0.270732 0.001894 -0.000493 0.600000 0.001958
0.443333 0.270732 0.001492 -0.000842 0.600000 0.001713
0.570000 0.270732 0.000607 -0.002287 0.600000 0.002366
0.696667 0.270732 0.001160 -0.003591 0.600000 0.003773
0.823333 0.270732 0.002083 -0.003901 0.600000 0.004422
0.950000 0.270732 0.002430 -0.003893 0.600000 0.004590
1.076667 0.270732 0.002188 -0.003916 0.600000 0.004485
1.203333 0.270732 0.001556 -0.003712 0.600000 0.004025
1.330000 0.270732 0.000884 -0.003400 0.600000 0.003513
1.456667 0.270732 0.000349 -0.003302 0.600000 0.003321
1.583333 0.270732 0.000482 -0.003276 0.600000 0.003311
1.710000 0.270732 0.002050 -0.002091 0.600000 0.002928
1.836667 0.270732 0.001283 0.002173 0.600024 0.002524
1.963333 0.270732 -0.002505 0.002088 0.600016 0.003261
2.090000 0.270732 -0.003001 -0.002398 0.600000 0.003841
2.216667 0.270732 -0.001443 -0.003159 0.600000 0.003473
2.343333 0.270732 -0.001491 -0.002976 0.600000 0.003329
2.470000 0.270732 -0.002155 -0.002888 0.600000 0.003603
2.596667 0.270732 -0.002745 -0.002898 0.600000 0.003992
2.723333 0.270732 -0.003187 -0.003130 0.600000 0.004467
2.850000 0.270732 -0.003308 -0.002964 0.600000 0.004441
2.976667 0.270732 -0.002753 -0.002894 0.600000 0.003994
3.103333 0.270732 -0.001554 -0.002614 0.600000 0.003041
3.230000 0.270732 -0.000833 -0.000993 0.600000 0.001296
3.356667 0.270732 -0.001323 0.000264 0.600000 0.001349
3.483333 0.270732 -0.001371 -0.000183 0.600000 0.001383
3.610000 0.270732 -0.000475 0.000423 0.600000 0.000636
3.736667 0.270732 0.000000 0.000000 0.000000 0.000000
0.063333 0.285366 0.000000 0.000000 0.000000 0.000000
0.190000 0.285366 0.000628 0.000697 0.600000 0.000938
0.316667 0.285366 0.001644 -0.000528 0.600000 0.001727
0.443333 0.285366 0.001396 -0.000620 0.600000 0.001528
0.570000 0.285366 0.000826 -0.002217 0.600000 0.002365
0.696667 0.285366 0.001476 -0.003677 0.600000 0.003962
0.823333 0.285366 0.002317 -0.003949 0.600000 0.004579
0.950000 0.285366 0.002560 -0.003915 0.600000 0.004677
1.076667 0.285366 0.002257 -0.003902 0.600000 0.004508
1.203333 0.285366 0.001602 -0.003707 0.600000 0.004039
1.330000 0.285366 0.000886 -0.003436 0.600000 0.003548
1.456667 0.285366 0.000245 -0.003379 0.600000 0.003388
1.583333 0.285366 0.000150 -0.003471 0.600000 0.003474
1.710000 0.285366 0.001388 -0.002433 0.600000 0.002801
1.836667 0.285366 0.000866 0.002634 0.600001 0.002772
1.963333 0.285366 -0.002101 0.002487 0.600000 0.003256
2.090000 0.285366 -0.002354 -0.002784 0.600000 0.003645
2.216667 0.285366 -0.001117 -0.003359 0.600000 0.003540
2.343333 0.285366 -0.001393 -0.003072 0.600000 0.003373
2.470000 0.285366 -0.002137 -0.002955 0.600000 0.003647
2.596667 0.285366 -0.002739 -0.002956 0.600000 0.004030
2.723333 0.285366 -0.003221 -0.003213 0.600000 0.004549
2.850000 0.285366 -0.003427 -0.003058 0.600000 0.004593
2.976667 0.285366 -0.002979 -0.003016 0.600000 0.004239
3.103333 0.285366 -0.001856 -0.002747 0.600000 0.003315
3.230000 0.285366 -0.001050 -0.000930 0.600000 0.001402
3.356667 0.285366 -0.001288 0.000401 0.600000 0.001349
3.483333 0.285366 -0.001208 -0.000234 0.600000 0.001231
3.610000 0.285366 -0.000407 0.000380 0.600000 0.000557
3.736667 0.285366 0.000000 0.000000 0.000000 0.000000
0.063333 0.300000 0.000000 0.000000 0.000000 0.000000
0.190000 0.300000 0.000530 0.000627 0.600000 0.000821
0.316667 0.300000 0.001411 -0.000556 0.600000 0.001516
0.443333 0.300000 0.001353 -0.000443 0.600000 0.001423
0.570000 0.300000 0.001119 -0.002119 0.600000 0.002396
0.696667 0.300000 0.001839 -0.003678 0.600000 0.004113
0.823333 0.300000 0.002575 -0.003899 0.600000 0.004672
0.950000 0.300000 0.002701 -0.003839 0.600000 0.004694
1.076667 0.300000 0.002332 -0.003798 0.600000 0.004456
1.203333 0.300000 0.001646 -0.003614 0.600000 0.003971
1.330000 0.300000 0.000881 -0.003378 0.600000 0.003491
1.456667 0.300000 0.000125 -0.003356 0.600000 0.003358
1.583333 0.300000 -0.000241 -0.003555 0.600000 0.003563
1.710000 0.300000 0.000594 -0.002686 0.600000 0.002751
1.836667 0.300000 0.000367 0.002990 0.600000 0.003012
1.963333 0.300000 -0.001602 0.002787 0.600000 0.003215
2.090000 0.300000 -0.001574 -0.003076 0.600000 0.003455
2.216667 0.300000 -0.000744 -0.003441 0.600000 0.003520
2.343333 0.300000 -0.001286 -0.003065 0.600000 0.003324
2.470000 0.300000 -0.002118 -0.002930 0.600000 0.003615
2.596667 0.300000 -0.002742 -0.002928 0.600000 0.004011
2.723333 0.300000 -0.003267 -0.003193 0.600000 0.004569
2.850000 0.300000 -0.003559 -0.003059 0.600000 0.004693
2.976667 0.300000 -0.003232 -0.003046 0.600000 0.004441
3.103333 0.300000 -0.002210 -0.002810 0.600000 0.003575
3.230000 0.300000 -0.001338 -0.000844 0.600000 0.001582
3.356667 0.300000 -0.001290 0.000503 0.600000 0.001384
3.483333 0.300000 -0.001050 -0.000279 0.600000 0.001086
3.610000 0.300000 -0.000344 0.000352 0.600000 0.000492
3.736667 0.300000 0.000000 0.000000 0.000000 0.000000
0.063333 0.314634 0.000000 0.000000 0.000000 0.000000
0.190000 0.314634 0.000442 0.000577 0.600000 0.000727
0.316667 0.314634 0.001189 -0.000574 0.600000 0.001320
0.443333 0.314634 0.001371 -0.000321 0.600000 0.001408
0.570000 0.314634 0.001511 -0.001975 0.600000 0.002487
0.696667 0.314634 0.002259 -0.003578 0.600000 0.004231
0.823333 0.314634 0.002855 -0.003733 0.600000 0.004700
0.950000 0.314634 0.002850 -0.003650 0.600000 0.004631
1.076667 0.314634 0.002406 -0.003589 0.600000 0.004321
1.203333 0.314634 0.001683 -0.003417 0.600000 0.003809
1.330000 0.314634 0.000867 -0.003214 0.600000 0.003329
1.456667 0.314634 -0.000011 -0.003218 0.600000 0.003218
1.583333 0.314634 -0.000690 -0.003507 0.600000 0.003575
1.710000 0.314634 -0.000367 -0.002830 0.600000 0.002854
1.836667 0.314634 -0.000250 0.003217 0.600000 0.003226
1.963333 0.314634 -0.000973 0.002962 0.600000 0.003118
2.090000 0.314634 -0.000630 -0.003247 0.600000 0.003307
2.216667 0.314634 -0.000329 -0.003386 0.600000 0.003402
2.343333 0.314634 -0.001175 -0.002943 0.600000 0.003169
2.470000 0.314634 -0.002099 -0.002800 0.600000 0.003499
2.596667 0.314634 -0.002751 -0.002800 0.600000 0.003925
2.723333 0.314634 -0.003322 -0.003063 0.600000 0.004519
2.850000 0.314634 -0.003701 -0.002953 0.600000 0.004735
2.976667 0.314634 -0.003511 -0.002969 0.600000 0.004599
3.103333 0.314634 -0.002626 -0.002787 0.600000 0.003829
3.230000 0.314634 -0.001719 -0.000725 0.600000 0.001866
3.356667 0.314634 -0.001336 0.000557 0.600000 0.001448
3.483333 0.314634 -0.000890 -0.000316 0.600000 0.000945
3.610000 0.314634 -0.000286 0.000336 0.600000 0.000441
3.736667 0.314634 0.000000 0.000000 0.000000 0.000000
0.063333 0.329268 0.000000 0.000000 0.000000 0.000000
0.190000 0.329268 0.000363 0.000545 0.600000 0.000655
0.316667 0.329268 0.000974 -0.000582 0.600000 0.001135
0.443333 0.329268 0.001469 -0.000270 0.600000 0.001494
0.570000 0.329268 0.002037 -0.001767 0.600000 0.002696
0.696667 0.329268 0.002748 -0.003355 0.600000 0.004337
0.823333 0.329268 0.003160 -0.003437 0.600000 0.004669
0.950000 0.329268 0.003009 -0.003336 0.600000 0.004493
1.076667 0.329268 0.002484 -0.003261 0.600000 0.004100
1.203333 0.329268 0.001718 -0.003104 0.600000 0.003548
1.330000 0.329268 0.000849 -0.002931 0.600000 0.003051
1.456667 0.329268 -0.000155 -0.002954 0.600000 0.002958
1.583333 0.329268 -0.001191 -0.003309 0.600000 0.003517
1.710000 0.329268 -0.001531 -0.002833 0.600000 0.003220
1.836667 0.329268 -0.001022 0.003278 0.600000 0.003434
1.963333 0.329268 -0.000169 0.002976 0.600000 0.002981
2.090000 0.329268 0.000518 -0.003259 0.600000 0.003300
2.216667 0.329268 0.000119 -0.003175 0.600000 0.003177
2.343333 0.329268 -0.001064 -0.002695 0.600000 0.002898
2.470000 0.329268 -0.002082 -0.002554 0.600000 0.003295
2.596667 0.329268 -0.002769 -0.002559 0.600000 0.003770
2.723333 0.329268 -0.003388 -0.002812 0.600000 0.004403
2.850000 0.329268 -0.003856 -0.002729 0.600000 0.004724
2.976667 0.329268 -0.003822 -0.002773 0.600000 0.004722
3.103333 0.329268 -0.003121 -0.002660 0.600000 0.004100
3.230000 0.329268 -0.002224 -0.000562 0.600000 0.002294
3.356667 0.329268 -0.001442 0.000548 0.600000 0.001543
3.483333 0.329268 -0.000728 -0.000345 0.600000 0.000806
3.610000 0.329268 -0.000232 0.000332 0.600000 0.000405
3.736667 0.329268 0.000000 0.000000 0.000000 0.000000
0.063333 0.343902 0.000000 0.000000 0.000000 0.000000
0.190000 0.343902 0.000292 0.000529 0.600000 0.000605
0.316667 0.343902 0.000762 -0.000577 0.600000 0.000956
0.443333 0.343902 0.001668 -0.000316 0.600000 0.001697
0.570000 0.343902 0.002732 -0.001468 0.600000 0.003101
0.696667 0.343902 0.003318 -0.002987 0.600000 0.004465
0.823333 0.343902 0.003489 -0.002996 0.600000 0.004599
0.950000 0.343902 0.003175 -0.002884 0.600000 0.004289
1.076667 0.343902 0.002561 -0.002803 0.600000 0.003797
1.203333 0.343902 0.001747 -0.002663 0.600000 0.003185
1.330000 0.343902 0.000825 -0.002518 0.600000 0.002650
1.456667 0.343902 -0.000306 -0.002552 0.600000 0.002570
1.583333 0.343902 -0.001736 -0.002940 0.600000 0.003414
1.710000 0.343902 -0.002947 -0.002652 0.600000 0.003965
1.836667 0.343902 -0.001999 0.003128 0.600000 0.003712
1.963333 0.343902 0.000860 0.002782 0.600000 0.002912
2.090000 0.343902 0.001913 -0.003063 0.600000 0.003611
2.216667 0.343902 0.000589 -0.002789 0.600000 0.002851
2.343333 0.343902 -0.000959 -0.002311 0.600000 0.002502
2.470000 0.343902 -0.002068 -0.002182 0.600000 0.003006
2.596667 0.343902 -0.002792 -0.002194 0.600000 0.003551
2.723333 0.343902 -0.003461 -0.002431 0.600000 0.004229
2.850000 0.343902 -0.004020 -0.002375 0.600000 0.004669
2.976667 0.343902 -0.004161 -0.002443 0.600000 0.004825
3.103333 0.343902 -0.003707 -0.002408 0.600000 0.004421
3.230000 0.343902 -0.002887 -0.000340 0.600000 0.002907
3.356667 0.343902 -0.001623 0.000454 0.600000 0.001685
3.483333 0.343902 -0.000559 -0.000360 0.600000 0.000665
3.610000 0.343902 -0.000184 0.000338 0.600000 0.000385
3.736667 0.343902 0.000000 0.000000 0.000000 0.000000
0.063333 0.358537 0.000000 0.000000 0.000000 0.000000
0.190000 0.358537 0.000232 0.000527 0.600000 0.000576
0.316667 0.358537 0.000549 -0.000554 0.600000 0.000780
0.443333 0.358537 0.001997 -0.000491 0.600000 0.002057
0.570000 0.358537 0.003645 -0.001050 0.600000 0.003793
0.696667 0.358537 0.003983 -0.002451 0.600000 0.004676
0.823333 0.358537 0.003841 -0.002396 0.600000 0.004527
0.950000 0.358537 0.003347 -0.002283 0.600000 0.004052
1.076667 0.358537 0.002639 -0.002205 0.600000 0.003439
1.203333 0.358537 0.001773 -0.002086 0.600000 0.002738
1.330000 0.358537 0.000799 -0.001967 0.600000 0.002123
1.456667 0.358537 -0.000454 -0.002002 0.600000 0.002053
1.583333 0.358537 -0.002310 -0.002382 0.600000 0.003318
1.710000 0.358537 -0.004666 -0.002229 0.600000 0.005172
1.836667 0.358537 -0.003243 0.002703 0.600000 0.004222
1.963333 0.358537 0.002184 0.002316 0.600000 0.003183
2.090000 0.358537 0.003608 -0.002594 0.600000 0.004443
2.216667 0.358537 0.001062 -0.002216 0.600000 0.002457
2.343333 0.358537 -0.000866 -0.001784 0.600000 0.001983
2.470000 0.358537 -0.002058 -0.001678 0.600000 0.002656
2.596667 0.358537 -0.002821 -0.001696 0.600000 0.003292
2.723333 0.358537 -0.003541 -0.001915 0.600000 0.004026
2.850000 0.358537 -0.004195 -0.001884 0.600000 0.004599
2.976667 0.358537 -0.004529 -0.001968 0.600000 0.004938
3.103333 0.358537 -0.004402 -0.002010 0.600000 0.004840
3.230000 0.358537 -0.003751 -0.000042 0.600000 0.003751
3.356667 0.358537 -0.001902 0.000245 0.600000 0.001918
3.483333 0.358537 -0.000380 -0.000359 0.600000 0.000523
3.610000 0.358537 -0.000143 0.000354 0.600000 0.000382
3.736667 0.358537 0.000000 0.000000 0.000000 0.000000
0.063333 0.373171 0.000000 0.000000 0.000000 0.000000
0.190000 0.373171 0.000184 0.000535 0.600000 0.000566
0.316667 0.373171 0.000332 -0.000510 0.600000 0.000608
0.443333 0.373171 0.002497 -0.000839 0.600000 0.002634
0.570000 0.373171 0.004831 -0.000476 0.600000 0.004855
0.696667 0.373171 0.004752 -0.001723 0.600000 0.005055
0.823333 0.373171 0.004214 -0.001629 0.600000 0.004517
0.950000 0.373171 0.003525 -0.001527 0.600000 0.003841
1.076667 0.373171 0.002716 -0.001460 0.600000 0.003083
1.203333 0.373171 0.001795 -0.001366 0.600000 0.002256
1.330000 0.373171 0.000771 -0.001274 0.600000 0.001489
1.456667 0.373171 -0.000593 -0.001302 0.600000 0.001431
1.583333 0.373171 -0.002888 -0.001623 0.600000 0.003313
1.710000 0.373171 -0.006749 -0.001484 0.600000 0.006910
1.836667 0.373171 -0.004831 0.001925 0.600000 0.005200
1.963333 0.373171 0.003881 0.001500 0.600000 0.004161
2.090000 0.373171 0.005659 -0.001769 0.600000 0.005929
2.216667 0.373171 0.001507 -0.001448 0.600000 0.002091
2.343333 0.373171 -0.000792 -0.001114 0.600000 0.001367
2.470000 0.373171 -0.002054 -0.001039 0.600000 0.002302
2.596667 0.373171 -0.002855 -0.001064 0.600000 0.003046
2.723333 0.373171 -0.003628 -0.001260 0.600000 0.003840
2.850000 0.373171 -0.004378 -0.001250 0.600000 0.004553
2.976667 0.373171 -0.004921 -0.001340 0.600000 0.005101
3.103333 0.373171 -0.005221 -0.001441 0.600000 0.005416
3.230000 0.373171 -0.004869 0.000354 0.600000 0.004882
3.356667 0.373171 -0.002312 -0.000119 0.600000 0.002315
3.483333 0.373171 -0.000190 -0.000335 0.600000 0.000385
3.610000 0.373171 -0.000110 0.000377 0.600000 0.000393
3.736667 0.373171 0.000000 0.000000 0.000000 0.000000
0.063333 0.387805 0.000000 0.000000 0.000000 0.000000
0.190000 0.387805 0.000148 0.000551 0.600000 0.000571
0.316667 0.387805 0.000110 -0.000436 0.600000 0.000450
0.443333 0.387805 0.003217 -0.001417 0.599995 0.003515
0.570000 0.387805 0.006358 0.000291 0.600000 0.006365
0.696667 0.387805 0.005636 -0.000784 0.600000 0.005690
0.823333 0.387805 0.004602 -0.000692 0.600000 0.004654
0.950000 0.387805 0.003704 -0.000617 0.600000 0.003755
1.076667 0.387805 0.002790 -0.000570 0.600000 0.002848
1.203333 0.387805 0.001813 -0.000506 0.600000 0.001882
1.330000 0.387805 0.000743 -0.000443 0.600000 0.000865
1.456667 0.387805 -0.000715 -0.000457 0.600000 0.000848
1.583333 0.387805 -0.003436 -0.000659 0.600000 0.003498
1.710000 0.387805 -0.009262 -0.000311 0.600000 0.009268
1.836667 0.387805 -0.006859 0.000694 0.600000 0.006894
1.963333 0.387805 0.006051 0.000234 0.599998 0.006055
2.090000 0.387805 0.008129 -0.000486 0.600000 0.008144
2.216667 0.387805 0.001886 -0.000493 0.600000 0.001950
2.343333 0.387805 -0.000743 -0.000309 0.600000 0.000805
2.470000 0.387805 -0.002056 -0.000270 0.600000 0.002074
2.596667 0.387805 -0.002892 -0.000299 0.600000 0.002908
2.723333 0.387805 -0.003718 -0.000471 0.600000 0.003748
2.850000 0.387805 -0.004565 -0.000479 0.600000 0.004590
2.976667 0.387805 -0.005331 -0.000559 0.600000 0.005360
3.103333 0.387805 -0.006176 -0.000679 0.600000 0.006213
3.230000 0.387805 -0.006305 0.000875 0.600000 0.006366
3.356667 0.387805 -0.002896 -0.000689 0.599997 0.002977
3.483333 0.387805 0.000011 -0.000281 0.600000 0.000281
3.610000 0.387805 -0.000088 0.000405 0.600000 0.000414
3.736667 0.387805 0.000000 0.000000 0.000000 0.000000
0.063333 0.402439 0.000000 0.000000 0.000000 0.000000
0.190000 0.402439 0.000129 0.000572 0.600000 0.000587
0.316667 0.402439 -0.000119 -0.000326 0.600000 0.000346
0.443333 0.402439 0.004049 -0.002277 0.599801 0.004645
0.570000 0.402439 0.008160 0.001273 0.599984 0.008259
0.696667 0.402439 0.006671 0.000379 0.599982 0.006682
0.823333 0.402439 0.005004 0.000405 0.599988 0.005020
0.950000 0.402439 0.003888 0.000438 0.599996 0.003913
1.076667 0.402439 0.002864 0.000457 0.599999 0.002900
1.203333 0.402439 0.001825 0.000487 0.600000 0.001889
1.330000 0.402439 0.000709 0.000521 0.600000 0.000880
1.456667 0.402439 -0.000823 0.000527 0.600000 0.000977
1.583333 0.402439 -0.003967 0.000512 0.600000 0.004000
1.710000 0.402439 -0.012399 0.001448 0.599993 0.012483
1.836667 0.402439 -0.009501 -0.001123 0.599676 0.009567
1.963333 0.402439 0.008700 -0.001593 0.599666 0.008845
2.090000 0.402439 0.011025 0.001368 0.599992 0.011110
2.216667 0.402439 0.002205 0.000634 0.600000 0.002294
2.343333 0.402439 -0.000710 0.000619 0.600000 0.000942
2.470000 0.402439 -0.002059 0.000620 0.600000 0.002150
2.596667 0.402439 -0.002934 0.000590 0.600000 0.002992
2.723333 0.402439 -0.003814 0.000443 0.599999 0.003840
2.850000 0.402439 -0.004756 0.000424 0.599998 0.004775
2.976667 0.402439 -0.005750 0.000371 0.599999 0.005762
3.103333 0.402439 -0.007318 0.000306 0.600000 0.007324
3.230000 0.402439 -0.008115 0.001562 0.599998 0.008264
3.356667 0.402439 -0.003651 -0.001524 0.599817 0.003956
3.483333 0.402439 0.000222 -0.000190 0.600000 0.000292
3.610000 0.402439 -0.000080 0.000435 0.600000 0.000443
3.736667 0.402439 0.000000 0.000000 0.000000 0.000000
0.063333 0.417073 0.000000 0.000000 0.000000 0.000000
0.190000 0.417073 0.000127 0.000595 0.600000 0.000608
0.316667 0.417073 -0.000490 -0.000153 0.599992 0.000513
0.443333 0.417073 -0.007917 -0.001999 0.595832 0.008166
0.570000 0.417073 -0.008479 0.000909 0.513904 0.008527
0.696667 0.417073 -0.000920 0.000509 0.511384 0.001052
0.823333 0.417073 0.001225 0.000496 0.511283 0.001321
0.950000 0.417073 0.002370 0.000501 0.511340 0.002422
1.076667 0.417073 0.003088 0.000502 0.511408 0.003129
1.203333 0.417073 0.003631 0.000508 0.511535 0.003667
1.330000 0.417073 0.004219 0.000518 0.511707 0.004251
1.456667 0.417073 0.005085 0.000526 0.511814 0.005113
1.583333 0.417073 0.007083 0.000574 0.512091 0.007106
1.710000 0.417073 0.017273 0.001249 0.516104 0.017318
1.836667 0.417073 0.013046 -0.000742 0.590280 0.013068
1.963333 0.417073 -0.012696 -0.001215 0.592335 0.012754
2.090000 0.417073 -0.017416 0.001226 0.515810 0.017459
2.216667 0.417073 -0.007651 0.000619 0.512241 0.007676
2.343333 0.417073 -0.005275 0.000556 0.511864 0.005304
2.470000 0.417073 -0.004113 0.000548 0.511770 0.004149
2.596667 0.417073 -0.003200 0.000532 0.511660 0.003244
2.723333 0.417073 -0.002679 0.000465 0.511262 0.002719
2.850000 0.417073 -0.002333 0.000453 0.511191 0.002377
2.976667 0.417073 -0.001585 0.000436 0.511096 0.001644
3.103333 0.417073 0.000059 0.000429 0.511033 0.000433
3.230000 0.417073 0.008479 0.000977 0.514266 0.008535
3.356667 0.417073 0.008584 -0.001207 0.594987 0.008668
3.483333 0.417073 0.000622 -0.000032 0.599988 0.000623
3.610000 0.417073 -0.000087 0.000465 0.600000 0.000473
3.736667 0.417073 0.000000 0.000000 0.000000 0.000000
0.063333 0.431707 0.000000 0.000000 0.000000 0.000000
0.190000 0.431707 0.000148 0.000613 0.600000 0.000630
0.316667 0.431707 -0.000400 0.000053 0.600000 0.000404
0.443333 0.431707 -0.000549 -0.001273 0.599999 0.001386
0.570000 0.431707 0.000000 0.000000 0.000000 0.000000
0.696667 0.431707 0.000000 0.000000 0.000000 0.000000
0.823333 0.431707 0.000000 0.000000 0.000000 0.000000
0.950000 0.431707 0.000000 0.000000 0.000000 0.000000
1.076667 0.431707 0.000000 0.000000 0.000000 0.000000
1.203333 0.431707 0.000000 0.000000 0.000000 0.000000
1.330000 0.431707 0.000000 0.000000 0.000000 0.000000
1.456667 0.431707 0.000000 0.000000 0.000000 0.000000
1.583333 0.431707 0.000000 0.000000 0.000000 0.000000
1.710000 0.431707 0.000000 0.000000 0.000000 0.000000
1.836667 0.431707 0.000147 0.000646 0.599772 0.000662
1.963333 0.431707 0.000147 0.000211 0.599974 0.000257
2.090000 0.431707 0.000000 0.000000 0.000000 0.000000
2.216667 0.431707 0.000000 0.000000 0.000000 0.000000
2.343333 0.431707 0.000000 0.000000 0.000000 0.000000
2.470000 0.431707 0.000000 0.000000 0.000000 0.000000
2.596667 0.431707 0.000000 0.000000 0.000000 0.000000
2.723333 0.431707 0.000000 0.000000 0.000000 0.000000
2.850000 0.431707 0.000000 0.000000 0.000000 0.000000
2.976667 0.431707 0.000000 0.000000 0.000000 0.000000
3.103333 0.431707 0.000000 0.000000 0.000000 0.000000
3.230000 0.431707 0.000000 0.000000 0.000000 0.000000
3.356667 0.431707 0.000659 -0.000502 0.600000 0.000828
3.483333 0.431707 0.000541 0.000168 0.600000 0.000567
3.610000 0.431707 -0.000118 0.000490 0.600000 0.000504
3.736667 0.431707 0.000000 0.000000 0.000000 0.000000
0.063333 0.446341 0.000000 0.000000 0.000000 0.000000
0.190000 0.446341 0.000190 0.000622 0.600000 0.000650
0.316667 0.446341 0.000058 0.000209 0.600000 0.000217
0.443333 0.446341 -0.000132 -0.001342 0.600000 0.001348
0.570000 0.446341 0.000000 0.000000 0.000000 0.000000
0.696667 0.446341 0.000000 0.000000 0.000000 0.000000
0.823333 0.446341 0.000000 0.000000 0.000000 0.000000
0.950000 0.446341 0.000000 0.000000 0.000000 0.000000
1.076667 0.446341 0.000000 0.000000 0.000000 0.000000
1.203333 0.446341 0.000000 0.000000 0.000000 0.000000
1.330000 0.446341 0.000000 0.000000 0.000000 0.000000
1.456667 0.446341 0.000000 0.000000 0.000000 0.000000
1.583333 0.446341 0.000000 0.000000 0.000000 0.000000
1.710000 0.446341 0.000000 0.000000 0.000000 0.000000
1.836667 0.446341 0.000135 0.000515 0.599996 0.000532
1.963333 0.446341 0.000135 0.000172 0.600000 0.000219
2.090000 0.446341 0.000000 0.000000 0.000000 0.000000
2.216667 0.446341 0.000000 0.000000 0.000000 0.000000
2.343333 0.446341 0.000000 0.000000 0.000000 0.000000
2.470000 0.446341 0.000000 0.000000 0.000000 0.000000
2.596667 0.446341 0.000000 0.000000 0.000000 0.000000
2.723333 0.446341 0.000000 0.000000 0.000000 0.000000
2.850000 0.446341 0.000000 0.000000 0.000000 0.000000
2.976667 0.446341 0.000000 0.000000 0.000000 0.000000
3.103333 0.446341 0.000000 0.000000 0.000000 0.000000
3.230000 0.446341 0.000000 0.000000 0.000000 0.000000
3.356667 0.446341 0.000225 -0.000667 0.600000 0.000704
3.483333 0.446341 0.000058 0.000319 0.600000 0.000325
3.610000 0.446341 -0.000167 0.000504 0.600000 0.000531
3.736667 0.446341 0.000000 0.000000 0.000000 0.000000
0.063333 0.460976 0.000000 0.000000 0.000000 0.000000
0.190000 0.460976 0.000243 0.000618 0.600000 0.000664
0.316667 0.460976 0.000414 0.000290 0.600000 0.000506
0.443333 0.460976 0.000171 -0.001330 0.600000 0.001341
0.570000 0.460976 0.000000 0.000000 0.000000 0.000000
0.696667 0.460976 0.000000 0.000000 0.000000 0.000000
0.823333 0.460976 0.000000 0.000000 0.000000 0.000000
0.950000 0.460976 0.000000 0.000000 0.000000 0.000000
1.076667 0.460976 0.000000 0.000000 0.000000 0.000000
1.203333 0.460976 0.000000 0.000000 0.000000 0.000000
1.330000 0.460976 0.000000 0.000000 0.000000 0.000000
1.456667 0.460976 0.000000 0.000000 0.000000 0.000000
1.583333 0.460976 0.000000 0.000000 0.000000 0.000000
1.710000 0.460976 0.000000 0.000000 0.000000 0.000000
1.836667 0.460976 0.000117 0.000395 0.600000 0.000412
1.963333 0.460976 0.000117 0.000134 0.600000 0.000178
2.090000 0.460976 0.000000 0.000000 0.000000 0.000000
2.216667 0.460976 0.000000 0.000000 0.000000 0.000000
2.343333 0.460976 0.000000 0.000000 0.000000 0.000000
2.470000 0.460976 0.000000 0.000000 0.000000 0.000000
2.596667 0.460976 0.000000 0.000000 0.000000 0.000000
2.723333 0.460976 0.000000 0.000000 0.000000 0.000000
2.850000 0.460976 0.000000 0.000000 0.000000 0.000000
2.976667 0.460976 0.000000 0.000000 0.000000 0.000000
3.103333 0.460976 0.000000 0.000000 0.000000 0.000000
3.230000 0.460976 0.000000 0.000000 0.000000 0.000000
3.356667 0.460976 -0.000097 -0.000752 0.600000 0.000758
3.483333 0.460976 -0.000323 0.000394 0.600000 0.000509
3.610000 0.460976 -0.000226 0.000506 0.600000 0.000554
3.736667 0.460976 0.000000 0.000000 0.000000 0.000000
0.063333 0.475610 0.000000 0.000000 0.000000 0.000000
0.190000 0.475610 0.000301 0.000600 0.600000 0.000671
0.316667 0.475610 0.000693 0.000322 0.600000 0.000764
0.443333 0.475610 0.000392 -0.001261 0.600000 0.001320
0.570000 0.475610 0.000000 0.000000 0.000000 0.000000
0.696667 0.475610 0.000000 0.000000 0.000000 0.000000
0.823333 0.475610 0.000000 0.000000 0.000000 0.000000
0.950000 0.475610 0.000000 0.000000 0.000000 0.000000
1.076667 0.475610 0.000000 0.000000 0.000000 0.000000
1.203333 0.475610 0.000000 0.000000 0.000000 0.000000
1.330000 0.475610 0.000000 0.000000 0.000000 0.000000
1.456667 0.475610 0.000000 0.000000 0.000000 0.000000
1.583333 0.475610 0.000000 0.000000 0.000000 0.000000
1.710000 0.475610 0.000000 0.000000 0.000000 0.000000
1.836667 0.475610 0.000098 0.000292 0.600000 0.000308
1.963333 0.475610 0.000098 0.000101 0.600000 0.000141
2.090000 0.475610 0.000000 0.000000 0.000000 0.000000
2.216667 0.475610 0.000000 0.000000 0.000000 0.000000
2.343333 0.475610 0.000000 0.000000 0.000000 0.000000
2.470000 0.475610 0.000000 0.000000 0.000000 0.000000
2.596667 0.475610 0.000000 0.000000 0.000000 0.000000
2.723333 0.475610 0.000000 0.000000 0.000000 0.000000
2.850000 0.475610 0.000000 0.000000 0.000000 0.000000
2.976667 0.475610 0.000000 0.000000 0.000000 0.000000
3.103333 0.475610 0.000000 0.000000 0.000000 0.000000
3.230000 0.475610 0.000000 0.000000 0.000000 0.000000
3.356667 0.475610 -0.000336 -0.000774 0.600000 0.000844
3.483333 0.475610 -0.000624 0.000416 0.600000 0.000750
3.610000 0.475610 -0.000288 0.000493 0.600000 0.000571
3.736667 0.475610 0.000000 0.000000 0.000000 0.000000
0.063333 0.490244 0.000000 0.000000 0.000000 0.000000
0.190000 0.490244 0.000360 0.000566 0.600000 0.000671
0.316667 0.490244 0.000913 0.000321 0.600000 0.000968
0.443333 0.490244 0.000553 -0.001150 0.600000 0.001276
0.570000 0.490244 0.000000 0.000000 0.000000 0.000000
0.696667 0.490244 0.000000 0.000000 0.000000 0.000000
0.823333 0.490244 0.000000 0.000000 0.000000 0.000000
0.950000 0.490244 0.000000 0.000000 0.000000 0.000000
1.076667 0.490244 0.000000 0.000000 0.000000 0.000000
1.203333 0.490244 0.000000 0.000000 0.000000 0.000000
1.330000 0.490244 0.000000 0.000000 0.000000 0.000000
1.456667 0.490244 0.000000 0.000000 0.000000 0.000000
1.583333 0.490244 0.000000 0.000000 0.000000 0.000000
1.710000 0.490244 0.000000 0.000000 0.000000 0.000000
1.836667 0.490244 0.000079 0.000206 0.600000 0.000220
1.963333 0.490244 0.000079 0.000074 0.600000 0.000108
2.090000 0.490244 0.000000 0.000000 0.000000 0.000000
2.216667 0.490244 0.000000 0.000000 0.000000 0.000000
2.343333 0.490244 0.000000 0.000000 0.000000 0.000000
2.470000 0.490244 0.000000 0.000000 0.000000 0.000000
2.596667 0.490244 0.000000 0.000000 0.000000 0.000000
2.723333 0.490244 0.000000 0.000000 0.000000 0.000000
2.850000 0.490244 0.000000 0.000000 0.000000 0.000000
2.976667 0.490244 0.000000 0.000000 0.000000 0.000000
3.103333 0.490244 0.000000 0.000000 0.000000 0.000000
3.230000 0.490244 0.000000 0.000000 0.000000 0.000000
3.356667 0.490244 -0.000513 -0.000750 0.600000 0.000908
3.483333 0.490244 -0.000862 0.000403 0.600000 0.000951
3.610000 0.490244 -0.000349 0.000466 0.600000 0.000582
3.736667 0.490244 0.000000 0.000000 0.000000 0.000000
0.063333 0.504878 0.000000 0.000000 0.000000 0.000000
0.190000 0.504878 0.000416 0.000517 0.600000 0.000664
0.316667 0.504878 0.001088 0.000298 0.600000 0.001128
0.443333 0.504878 0.000672 -0.001010 0.600000 0.001214
0.570000 0.504878 0.000000 0.000000 0.000000 0.000000
0.696667 0.504878 0.000000 0.000000 0.000000 0.000000
0.823333 0.504878 0.000000 0.000000 0.000000 0.000000
0.950000 0.504878 0.000000 0.000000 0.000000 0.000000
1.076667 0.504878 0.000000 0.000000 0.000000 0.000000
1.203333 0.504878 0.000000 0.000000 0.000000 0.000000
1.330000 0.504878 0.000000 0.000000 0.000000 0.000000
1.456667 0.504878 0.000000 0.000000 0.000000 0.000000
1.583333 0.504878 0.000000 0.000000 0.000000 0.000000
1.710000 0.504878 0.000000 0.000000 0.000000 0.000000
1.836667 0.504878 0.000060 0.000137 0.600000 0.000149
1.963333 0.504878 0.000060 0.000054 0.600000 0.000081
2.090000 0.504878 0.000000 0.000000 0.000000 0.000000
2.216667 0.504878 0.000000 0.000000 0.000000 0.000000
2.343333 0.504878 0.000000 0.000000 0.000000 0.000000
2.470000 0.504878 0.000000 0.000000 0.000000 0.000000
2.596667 0.504878 0.000000 0.000000 0.000000 0.000000
2.723333 0.504878 0.000000 0.000000 0.000000 0.000000
2.850000 0.504878 0.000000 0.000000 0.000000 0.000000
2.976667 0.504878 0.000000 0.000000 0.000000 0.000000
3.103333 0.504878 0.000000 0.000000 0.000000 0.000000
3.230000 0.504878 0.000000 0.000000 0.000000 0.000000
3.356667 0.504878 -0.000644 -0.000690 0.600000 0.000944
3.483333 0.504878 -0.001051 0.000367 0.600000 0.001113
3.610000 0.504878 -0.000406 0.000424 0.600000 0.000587
3.736667 0.504878 0.000000 0.000000 0.000000 0.000000
0.063333 0.519512 0.000000 0.000000 0.000000 0.000000
0.190000 0.519512 0.000469 0.000453 0.600000 0.000652
0.316667 0.519512 0.001230 0.000261 0.600000 0.001258
0.443333 0.519512 0.000761 -0.000851 0.600000 0.001142
0.570000 0.519512 0.000000 0.000000 0.000000 0.000000
0.696667 0.519512 0.000000 0.000000 0.000000 0.000000
0.823333 0.519512 0.000000 0.000000 0.000000 0.000000
0.950000 0.519512 0.000000 0.000000 0.000000 0.000000
1.076667 0.519512 0.000000 0.000000 0.000000 0.000000
1.203333 0.519512 0.000000 0.000000 0.000000 0.000000
1.330000 0.519512 0.000000 0.000000 0.000000 0.000000
1.456667 0.519512 0.000000 0.000000 0.000000 0.000000
1.583333 0.519512 0.000000 0.000000 0.000000 0.000000
1.710000 0.519512 0.000000 0.000000 0.000000 0.000000
1.836667 0.519512 0.000040 0.000083 0.600000 0.000092
1.963333 0.519512 0.000040 0.000040 0.600000 0.000056
2.090000 0.519512 0.000000 0.000000 0.000000 0.000000
2.216667 0.519512 0.000000 0.000000 0.000000 0.000000
2.343333 0.519512 0.000000 0.000000 0.000000 0.000000
2.470000 0.519512 0.000000 0.000000 0.000000 0.000000
2.596667 0.519512 0.000000 0.000000 0.000000 0.000000
2.723333 0.519512 0.000000 0.000000 0.000000 0.000000
2.850000 0.519512 0.000000 0.000000 0.000000 0.000000
2.976667 0.519512 0.000000 0.000000 0.000000 0.000000
3.103333 0.519512 0.000000 0.000000 0.000000 0.000000
3.230000 0.519512 0.000000 0.000000 0.000000 0.000000
3.356667 0.519512 -0.000743 -0.000603 0.600000 0.000957
3.483333 0.519512 -0.001201 0.000317 0.600000 0.001243
3.610000 0.519512 -0.000458 0.000370 0.600000 0.000589
3.736667 0.519512 0.000000 0.000000 0.000000 0.000000
0.063333 0.534146 0.000000 0.000000 0.000000 0.000000
0.190000 0.534146 0.000519 0.000375 0.600000 0.000640
0.316667 0.534146 0.001351 0.000215 0.600000 0.001367
0.443333 0.534146 0.000832 -0.000678 0.600000 0.001073
0.570000 0.534146 0.000000 0.000000 0.000000 0.000000
0.696667 0.534146 0.000000 0.000000 0.000000 0.000000
0.823333 0.534146 0.000000 0.000000 0.000000 0.000000
0.950000 0.534146 0.000000 0.000000 0.000000 0.000000
1.076667 0.534146 0.000000 0.000000 0.000000 0.000000
1.203333 0.534146 0.000000 0.000000 0.000000 0.000000
1.330000 0.534146 0.000000 0.000000 0.000000 0.000000
1.456667 0.534146 0.000000 0.000000 0.000000 0.000000
1.583333 0.534146 0.000000 0.000000 0.000000 0.000000
1.710000 0.534146 0.000000 0.000000 0.000000 0.000000
1.836667 0.534146 0.000020 0.000044 0.600000 0.000048
1.963333 0.534146 0.000020 0.000029 0.600000 0.000035
2.090000 0.534146 0.000000 0.000000 0.000000 0.000000
2.216667 0.534146 0.000000 0.000000 0.000000 0.000000
2.343333 0.534146 0.000000 0.000000 0.000000 0.000000
2.470000 0.534146 0.000000 0.000000 0.000000 0.000000
2.596667 0.534146 0.000000 0.000000 0.000000 0.000000
2.723333 0.534146 0.000000 0.000000 0.000000 0.000000
2.850000 0.534146 0.000000 0.000000 0.000000 0.000000
2.976667 0.534146 0.000000 0.000000 0.000000 0.000000
3.103333 0.534146 0.000000 0.000000 0.000000 0.000000
3.230000 0.534146 0.000000 0.000000 0.000000 0.000000
3.356667 0.534146 -0.000821 -0.000496 0.600000 0.000960
3.483333 0.534146 -0.001326 0.000258 0.600000 0.001351
3.610000 0.534146 -0.000505 0.000304 0.600000 0.000590
3.736667 0.534146 0.000000 0.000000 0.000000 0.000000
0.063333 0.548780 0.000000 0.000000 0.000000 0.000000
0.190000 0.548780 0.000564 0.000284 0.600000 0.000631
0.316667 0.548780 0.001454 0.000162 0.600000 0.001463
0.443333 0.548780 0.000890 -0.000495 0.600000 0.001019
0.570000 0.548780 0.000000 0.000000 0.000000 0.000000
0.696667 0.548780 0.000000 0.000000 0.000000 0.000000
0.823333 0.548780 0.000000 0.000000 0.000000 0.000000
0.950000 0.548780 0.000000 0.000000 0.000000 0.000000
1.076667 0.548780 0.000000 0.000000 0.000000 0.000000
1.203333 0.548780 0.000000 0.000000 0.000000 0.000000
1.330000 0.548780 0.000000 0.000000 0.000000 0.000000
1.456667 0.548780 0.000000 0.000000 0.000000 0.000000
1.583333 0.548780 0.000000 0.000000 0.000000 0.000000
1.710000 0.548780 0.000000 0.000000 0.000000 0.000000
1.836667 0.548780 -0.000003 0.000017 0.600000 0.000017
1.963333 0.548780 -0.000003 0.000021 0.600000 0.000021
2.090000 0.548780 0.000000 0.000000 0.000000 0.000000
2.216667 0.548780 0.000000 0.000000 0.000000 0.000000
2.343333 0.548780 0.000000 0.000000 0.000000 0.000000
2.470000 0.548780 0.000000 0.000000 0.000000 0.000000
2.596667 0.548780 0.000000 0.000000 0.000000 0.000000
2.723333 0.548780 0.000000 0.000000 0.000000 0.000000
2.850000 0.548780 0.000000 0.000000 0.000000 0.000000
2.976667 0.548780 0.000000 0.000000 0.000000 0.000000
3.103333 0.548780 0.000000 0.000000 0.000000 0.000000
3.230000 0.548780 0.000000 0.000000 0.000000 0.000000
3.356667 0.548780 -0.000885 -0.000373 0.600000 0.000960
3.483333 0.548780 -0.001431 0.000192 0.600000 0.001443
3.610000 0.548780 -0.000546 0.000228 0.600000 0.000591
3.736667 0.548780 0.000000 0.000000 0.000000 0.000000
0.063333 0.563415 0.000000 0.000000 0.000000 0.000000
0.190000 0.563415 0.000607 0.000180 0.600000 0.000633
0.316667 0.563415 0.001553 0.000103 0.600000 0.001556
0.443333 0.563415 0.000946 -0.000305 0.600000 0.000994
0.570000 0.563415 0.000000 0.000000 0.000000 0.000000
0.696667 0.563415 0.000000 0.000000 0.000000 0.000000
0.823333 0.563415 0.000000 0.000000 0.000000 0.000000
0.950000 0.563415 0.000000 0.000000 0.000000 0.000000
1.076667 0.563415 0.000000 0.000000 0.000000 0.000000
1.203333 0.563415 0.000000 0.000000 0.000000 0.000000
1.330000 0.563415 0.000000 0.000000 0.000000 0.000000
1.456667 0.563415 0.000000 0.000000 0.000000 0.000000
1.583333 0.563415 0.000000 0.000000 0.000000 0.000000
1.710000 0.563415 0.000000 0.000000 0.000000 0.000000
1.836667 0.563415 -0.000026 0.000002 0.600000 0.000026
1.963333 0.563415 -0.000026 0.000013 0.600000 0.000029
2.090000 0.563415 0.000000 0.000000 0.000000 0.000000
2.216667 0.563415 0.000000 0.000000 0.000000 0.000000
2.343333 0.563415 0.000000 0.000000 0.000000 0.000000
2.470000 0.563415 0.000000 0.000000 0.000000 0.000000
2.596667 0.563415 0.000000 0.000000 0.000000 0.000000
2.723333 0.563415 0.000000 0.000000 0.000000 0.000000
2.850000 0.563415 0.000000 0.000000 0.000000 0.000000
2.976667 0.563415 0.000000 0.000000 0.000000 0.000000
3.103333 0.563415 0.000000 0.000000 0.000000 0.000000
3.230000 0.563415 0.000000 0.000000 0.000000 0.000000
3.356667 0.563415 -0.000944 -0.000235 0.600000 0.000973
3.483333 0.563415 -0.001526 0.000120 0.600000 0.001531
3.610000 0.563415 -0.000582 0.000143 0.600000 0.000599
3.736667 0.563415 0.000000 0.000000 0.000000 0.000000
0.063333 0.578049 0.000000 0.000000 0.000000 0.000000
0.190000 0.578049 0.000656 0.000062 0.600000 0.000659
0.316667 0.578049 0.001681 0.000036 0.600000 0.001681
0.443333 0.578049 0.001025 -0.000104 0.600000 0.001030
0.570000 0.578049 0.000000 0.000000 0.000000 0.000000
0.696667 0.578049 0.000000 0.000000 0.000000 0.000000
0.823333 0.578049 0.000000 0.000000 0.000000 0.000000
0.950000 0.578049 0.000000 0.000000 0.000000 0.000000
1.076667 0.578049 0.000000 0.000000 0.000000 0.000000
1.203333 0.578049 0.000000 0.000000 0.000000 0.000000
1.330000 0.578049 0.000000 0.000000 0.000000 0.000000
1.456667 0.578049 0.000000 0.000000 0.000000 0.000000
1.583333 0.578049 0.000000 0.000000 0.000000 0.000000
1.710000 0.578049 0.000000 0.000000 0.000000 0.000000
1.836667 0.578049 -0.000052 -0.000001 0.600000 0.000052
1.963333 0.578049 -0.000052 0.000004 0.600000 0.000052
2.090000 0.578049 0.000000 0.000000 0.000000 0.000000
2.216667 0.578049 0.000000 0.000000 0.000000 0.000000
2.343333 0.578049 0.000000 0.000000 0.000000 0.000000
2.470000 0.578049 0.000000 0.000000 0.000000 0.000000
2.596667 0.578049 0.000000 0.000000 0.000000 0.000000
2.723333 0.578049 0.000000 0.000000 0.000000 0.000000
2.850000 0.578049 0.000000 0.000000 0.000000 0.000000
2.976667 0.578049 0.000000 0.000000 0.000000 0.000000
3.103333 0.578049 0.000000 0.000000 0.000000 0.000000
3.230000 0.578049 0.000000 0.000000 0.000000 0.000000
3.356667 0.578049 -0.001023 -0.000081 0.600000 0.001027
3.483333 0.578049 -0.001646 0.000042 0.600000 0.001646
3.610000 0.578049 -0.000622 0.000049 0.600000 0.000624
3.736667 0.578049 0.000000 0.000000 0.000000 0.000000
0.063333 0.592683 0.000000 0.000000 0.000000 0.000000
0.190000 0.592683 0.000000 0.000000 0.000000 0.000000
0.316667 0.592683 0.000000 0.000000 0.000000 0.000000
0.443333 0.592683 0.000000 0.000000 0.000000 0.000000
0.570000 0.592683 0.000000 0.000000 0.000000 0.000000
0.696667 0.592683 0.000000 0.000000 0.000000 0.000000
0.823333 0.592683 0.000000 0.000000 0.000000 0.000000
0.950000 0.592683 0.000000 0.000000 0.000000 0.000000
1.076667 0.592683 0.000000 0.000000 0.000000 0.000000
1.203333 0.592683 0.000000 0.000000 0.000000 0.000000
1.330000 0.592683 0.000000 0.000000 0.000000 0.000000
1.456667 0.592683 0.000000 0.000000 0.000000 0.000000
1.583333 0.592683 0.000000 0.000000 0.000000 0.000000
1.710000 0.592683 0.000000 0.000000 0.000000 0.000000
1.836667 0.592683 0.000000 0.000000 0.000000 0.000000
1.963333 0.592683 0.000000 0.000000 0.000000 0.000000
2.090000 0.592683 0.000000 0.000000 0.000000 0.000000
2.216667 0.592683 0.000000 0.000000 0.000000 0.000000
2.343333 0.592683 0.000000 0.000000 0.000000 0.000000
2.470000 0.592683 0.000000 0.000000 0.000000 0.000000
2.596667 0.592683 0.000000 0.000000 0.000000 0.000000
2.723333 0.592683 0.000000 0.000000 0.000000 0.000000
2.850000 0.592683 0.000000 0.000000 0.000000 0.000000
2.976667 0.592683 0.000000 0.000000 0.000000 0.000000
3.103333 0.592683 0.000000 0.000000 0.000000 0.000000
3.230000 0.592683 0.000000 0.000000 0.000000 0.000000
3.356667 0.592683 0.000000 0.000000 0.000000 0.000000
3.483333 0.592683 0.000000 0.000000 0.000000 0.000000
3.610000 0.592683 0.000000 0.000000 0.000000 0.000000
3.736667 0.592683 0.000000 0.000000 0.000000 0.000000
