TITLE="(Vx,Vy)"
VARIABLES=X,Y,Vx,Vy,Vm,V
ZONE T="T-Dummy" I=30, J=41, F=POINT
0.063333 0.007317 0.000000 0.000000 0.000000 0.000000
0.190000 0.007317 0.000000 0.000000 0.000000 0.000000
0.316667 0.007317 0.000000 0.000000 0.000000 0.000000
0.443333 0.007317 0.000000 0.000000 0.000000 0.000000
0.570000 0.007317 0.000000 0.000000 0.000000 0.000000
0.696667 0.007317 0.000000 0.000000 0.000000 0.000000
0.823333 0.007317 0.000000 0.000000 0.000000 0.000000
0.950000 0.007317 0.000000 0.000000 0.000000 0.000000
1.076667 0.007317 0.000000 0.000000 0.000000 0.000000
1.203333 0.007317 0.000000 0.000000 0.000000 0.000000
1.330000 0.007317 0.000000 0.000000 0.000000 0.000000
1.456667 0.007317 0.000000 0.000000 0.000000 0.000000
1.583333 0.007317 0.000000 0.000000 0.000000 0.000000
1.710000 0.007317 0.000000 0.000000 0.000000 0.000000
1.836667 0.007317 0.000000 0.000000 0.000000 0.000000
1.963333 0.007317 0.000000 0.000000 0.000000 0.000000
2.090000 0.007317 0.000000 0.000000 0.000000 0.000000
2.216667 0.007317 0.000000 0.000000 0.000000 0.000000
2.343333 0.007317 0.000000 0.000000 0.000000 0.000000
2.470000 0.007317 0.000000 0.000000 0.000000 0.000000
2.596667 0.007317 0.000000 0.000000 0.000000 0.000000
2.723333 0.007317 0.000000 0.000000 0.000000 0.000000
2.850000 0.007317 0.000000 0.000000 0.000000 0.000000
2.976667 0.007317 0.000000 0.000000 0.000000 0.000000
3.103333 0.007317 0.000000 0.000000 0.000000 0.000000
3.230000 0.007317 0.000000 0.000000 0.000000 0.000000
3.356667 0.007317 0.000000 0.000000 0.000000 0.000000
3.483333 0.007317 0.000000 0.000000 0.000000 0.000000
3.610000 0.007317 0.000000 0.000000 0.000000 0.000000
3.736667 0.007317 0.000000 0.000000 0.000000 0.000000
0.063333 0.021951 0.000000 0.000000 0.000000 0.000000
0.190000 0.021951 -0.001870 0.000229 0.900000 0.001884
0.316667 0.021951 -0.004802 0.000151 0.900000 0.004805
0.443333 0.021951 -0.006301 0.000071 0.900000 0.006301
0.570000 0.021951 -0.006852 0.000007 0.900000 0.006852
0.696667 0.021951 -0.006499 -0.000085 0.900000 0.006499
0.823333 0.021951 -0.005708 -0.000052 0.900000 0.005708
0.950000 0.021951 -0.004999 -0.000041 0.900000 0.004999
1.076667 0.021951 -0.004147 -0.000030 0.900000 0.004148
1.203333 0.021951 -0.003191 -0.000023 0.900000 0.003192
1.330000 0.021951 -0.002247 -0.000021 0.900000 0.002247
1.456667 0.021951 -0.001365 -0.000022 0.900000 0.001366
1.583333 0.021951 -0.000600 -0.000016 0.900000 0.000601
1.710000 0.021951 -0.000083 -0.000006 0.900000 0.000083
1.836667 0.021951 0.000002 0.000017 0.900000 0.000017
1.963333 0.021951 -0.000352 0.000024 0.900000 0.000353
2.090000 0.021951 -0.000810 0.000009 0.900000 0.000810
2.216667 0.021951 -0.001211 -0.000002 0.900000 0.001211
2.343333 0.021951 -0.001598 -0.000006 0.900000 0.001598
2.470000 0.021951 -0.001916 -0.000007 0.900000 0.001916
2.596667 0.021951 -0.002198 -0.000004 0.900000 0.002198
2.723333 0.021951 -0.002517 -0.000007 0.900000 0.002517
2.850000 0.021951 -0.002806 -0.000016 0.900000 0.002806
2.976667 0.021951 -0.002885 -0.000032 0.900000 0.002885
3.103333 0.021951 -0.002794 -0.000017 0.900000 0.002794
3.230000 0.021951 -0.002781 -0.000027 0.900000 0.002781
3.356667 0.021951 -0.002511 -0.000072 0.900000 0.002512
3.483333 0.021951 -0.001742 -0.000095 0.900000 0.001744
3.610000 0.021951 -0.000639 -0.000126 0.900000 0.000651
3.736667 0.021951 0.000000 0.000000 0.000000 0.000000
0.063333 0.036585 0.000000 0.000000 0.000000 0.000000
0.190000 0.036585 -0.001871 0.000688 0.900000 0.001993
0.316667 0.036585 -0.004794 0.000453 0.900000 0.004815
0.443333 0.036585 -0.006208 0.000206 0.900000 0.006212
0.570000 0.036585 -0.005969 -0.000054 0.900000 0.005970
0.696667 0.036585 -0.005250 -0.000181 0.900000 0.005253
0.823333 0.036585 -0.005111 -0.000104 0.900000 0.005112
0.950000 0.036585 -0.004823 -0.000098 0.900000 0.004824
1.076667 0.036585 -0.004178 -0.000069 0.900000 0.004179
1.203333 0.036585 -0.003395 -0.000048 0.900000 0.003396
1.330000 0.036585 -0.002618 -0.000044 0.900000 0.002618
1.456667 0.036585 -0.001882 -0.000052 0.900000 0.001883
1.583333 0.036585 -0.001192 -0.000042 0.900000 0.001193
1.710000 0.036585 -0.000578 -0.000028 0.900000 0.000578
1.836667 0.036585 -0.000131 0.000027 0.900000 0.000134
1.963333 0.036585 0.000040 0.000050 0.900000 0.000065
2.090000 0.036585 -0.000021 0.000025 0.900000 0.000033
2.216667 0.036585 -0.000305 0.000011 0.900000 0.000305
2.343333 0.036585 -0.000776 0.000010 0.900000 0.000776
2.470000 0.036585 -0.001268 0.000013 0.900000 0.001268
2.596667 0.036585 -0.001755 0.000023 0.900000 0.001756
2.723333 0.036585 -0.002297 0.000015 0.900000 0.002297
2.850000 0.036585 -0.002872 -0.000004 0.900000 0.002872
2.976667 0.036585 -0.003547 -0.000022 0.900000 0.003547
3.103333 0.036585 -0.004188 0.000006 0.900000 0.004188
3.230000 0.036585 -0.003708 -0.000174 0.900000 0.003712
3.356667 0.036585 -0.002619 -0.000223 0.900000 0.002629
3.483333 0.036585 -0.001787 -0.000288 0.900000 0.001810
3.610000 0.036585 -0.000654 -0.000379 0.900000 0.000756
3.736667 0.036585 0.000000 0.000000 0.000000 0.000000
0.063333 0.051220 0.000000 0.000000 0.000000 0.000000
0.190000 0.051220 -0.001882 0.001147 0.900000 0.002204
0.316667 0.051220 -0.004811 0.000754 0.900000 0.004870
0.443333 0.051220 -0.006192 0.000330 0.900000 0.006201
0.570000 0.051220 -0.006130 -0.000162 0.900000 0.006132
0.696667 0.051220 -0.005555 -0.000206 0.900000 0.005559
0.823333 0.051220 -0.005257 -0.000117 0.900000 0.005258
0.950000 0.051220 -0.004847 -0.000133 0.900000 0.004849
1.076667 0.051220 -0.004175 -0.000089 0.900000 0.004176
1.203333 0.051220 -0.003385 -0.000056 0.900000 0.003385
1.330000 0.051220 -0.002603 -0.000053 0.900000 0.002604
1.456667 0.051220 -0.001864 -0.000072 0.900000 0.001865
1.583333 0.051220 -0.001174 -0.000067 0.900000 0.001176
1.710000 0.051220 -0.000567 -0.000063 0.900000 0.000570
1.836667 0.051220 -0.000134 0.000010 0.900000 0.000135
1.963333 0.051220 0.000022 0.000053 0.900000 0.000057
2.090000 0.051220 -0.000043 0.000041 0.900000 0.000060
2.216667 0.051220 -0.000322 0.000043 0.900000 0.000325
2.343333 0.051220 -0.000786 0.000054 0.900000 0.000788
2.470000 0.051220 -0.001272 0.000064 0.900000 0.001273
2.596667 0.051220 -0.001751 0.000083 0.900000 0.001753
2.723333 0.051220 -0.002281 0.000072 0.900000 0.002282
2.850000 0.051220 -0.002827 0.000045 0.900000 0.002827
2.976667 0.051220 -0.003402 0.000046 0.900000 0.003402
3.103333 0.051220 -0.003845 0.000056 0.900000 0.003845
3.230000 0.051220 -0.003506 -0.000386 0.900000 0.003527
3.356667 0.051220 -0.002668 -0.000380 0.900000 0.002695
3.483333 0.051220 -0.001820 -0.000482 0.900000 0.001883
3.610000 0.051220 -0.000667 -0.000636 0.900000 0.000922
3.736667 0.051220 0.000000 0.000000 0.000000 0.000000
0.063333 0.065854 0.000000 0.000000 0.000000 0.000000
0.190000 0.065854 -0.001903 0.001609 0.900000 0.002492
0.316667 0.065854 -0.004851 0.001055 0.900000 0.004964
0.443333 0.065854 -0.006216 0.000452 0.900000 0.006232
0.570000 0.065854 -0.006293 -0.000221 0.900000 0.006297
0.696667 0.065854 -0.005829 -0.000237 0.900000 0.005834
0.823333 0.065854 -0.005397 -0.000152 0.900000 0.005400
0.950000 0.065854 -0.004873 -0.000177 0.900000 0.004876
1.076667 0.065854 -0.004169 -0.000116 0.900000 0.004171
1.203333 0.065854 -0.003371 -0.000070 0.900000 0.003371
1.330000 0.065854 -0.002586 -0.000070 0.900000 0.002587
1.456667 0.065854 -0.001843 -0.000102 0.900000 0.001846
1.583333 0.065854 -0.001156 -0.000099 0.900000 0.001160
1.710000 0.065854 -0.000558 -0.000105 0.900000 0.000568
1.836667 0.065854 -0.000140 -0.000011 0.900000 0.000140
1.963333 0.065854 0.000002 0.000054 0.900000 0.000054
2.090000 0.065854 -0.000065 0.000056 0.900000 0.000086
2.216667 0.065854 -0.000339 0.000075 0.900000 0.000347
2.343333 0.065854 -0.000798 0.000098 0.900000 0.000804
2.470000 0.065854 -0.001277 0.000113 0.900000 0.001282
2.596667 0.065854 -0.001749 0.000139 0.900000 0.001755
2.723333 0.065854 -0.002268 0.000121 0.900000 0.002271
2.850000 0.065854 -0.002785 0.000080 0.900000 0.002786
2.976667 0.065854 -0.003269 0.000083 0.900000 0.003270
3.103333 0.065854 -0.003563 0.000052 0.900000 0.003563
3.230000 0.065854 -0.003329 -0.000552 0.900000 0.003375
3.356667 0.065854 -0.002687 -0.000538 0.900000 0.002740
3.483333 0.065854 -0.001848 -0.000677 0.900000 0.001968
3.610000 0.065854 -0.000680 -0.000895 0.900000 0.001124
3.736667 0.065854 0.000000 0.000000 0.000000 0.000000
0.063333 0.080488 0.000000 0.000000 0.000000 0.000000
0.190000 0.080488 -0.001933 0.002077 0.900000 0.002837
0.316667 0.080488 -0.004912 0.001358 0.900000 0.005096
0.443333 0.080488 -0.006270 0.000572 0.900000 0.006296
0.570000 0.080488 -0.006455 -0.000243 0.900000 0.006459
0.696667 0.080488 -0.006073 -0.000275 0.900000 0.006079
0.823333 0.080488 -0.005529 -0.000209 0.900000 0.005533
0.950000 0.080488 -0.004897 -0.000231 0.900000 0.004903
1.076667 0.080488 -0.004159 -0.000149 0.900000 0.004162
1.203333 0.080488 -0.003354 -0.000090 0.900000 0.003355
1.330000 0.080488 -0.002569 -0.000093 0.900000 0.002570
1.456667 0.080488 -0.001823 -0.000141 0.900000 0.001828
1.583333 0.080488 -0.001140 -0.000140 0.900000 0.001149
1.710000 0.080488 -0.000554 -0.000155 0.900000 0.000576
1.836667 0.080488 -0.000150 -0.000036 0.900000 0.000154
1.963333 0.080488 -0.000018 0.000054 0.900000 0.000057
2.090000 0.080488 -0.000086 0.000070 0.900000 0.000111
2.216667 0.080488 -0.000355 0.000106 0.900000 0.000370
2.343333 0.080488 -0.000811 0.000140 0.900000 0.000823
2.470000 0.080488 -0.001284 0.000160 0.900000 0.001294
2.596667 0.080488 -0.001752 0.000191 0.900000 0.001762
2.723333 0.080488 -0.002262 0.000163 0.900000 0.002268
2.850000 0.080488 -0.002751 0.000105 0.900000 0.002753
2.976667 0.080488 -0.003157 0.000094 0.900000 0.003158
3.103333 0.080488 -0.003338 0.000010 0.900000 0.003338
3.230000 0.080488 -0.003176 -0.000687 0.900000 0.003249
3.356667 0.080488 -0.002683 -0.000692 0.900000 0.002771
3.483333 0.080488 -0.001870 -0.000873 0.900000 0.002064
3.610000 0.080488 -0.000692 -0.001157 0.900000 0.001349
3.736667 0.080488 0.000000 0.000000 0.000000 0.000000
0.063333 0.095122 0.000000 0.000000 0.000000 0.000000
0.190000 0.095122 -0.001972 0.002552 0.900000 0.003226
0.316667 0.095122 -0.004996 0.001665 0.900000 0.005266
0.443333 0.095122 -0.006353 0.000693 0.900000 0.006391
0.570000 0.095122 -0.006616 -0.000238 0.900000 0.006621
0.696667 0.095122 -0.006295 -0.000319 0.900000 0.006303
0.823333 0.095122 -0.005655 -0.000285 0.900000 0.005662
0.950000 0.095122 -0.004920 -0.000294 0.900000 0.004929
1.076667 0.095122 -0.004147 -0.000186 0.900000 0.004151
1.203333 0.095122 -0.003335 -0.000112 0.900000 0.003337
1.330000 0.095122 -0.002551 -0.000121 0.900000 0.002554
1.456667 0.095122 -0.001803 -0.000187 0.900000 0.001812
1.583333 0.095122 -0.001126 -0.000186 0.900000 0.001141
1.710000 0.095122 -0.000554 -0.000212 0.900000 0.000593
1.836667 0.095122 -0.000162 -0.000063 0.900000 0.000174
1.963333 0.095122 -0.000039 0.000052 0.900000 0.000065
2.090000 0.095122 -0.000102 0.000081 0.900000 0.000131
2.216667 0.095122 -0.000367 0.000136 0.900000 0.000391
2.343333 0.095122 -0.000822 0.000181 0.900000 0.000842
2.470000 0.095122 -0.001292 0.000203 0.900000 0.001308
2.596667 0.095122 -0.001756 0.000241 0.900000 0.001772
2.723333 0.095122 -0.002261 0.000201 0.900000 0.002270
2.850000 0.095122 -0.002726 0.000119 0.900000 0.002729
2.976667 0.095122 -0.003067 0.000085 0.900000 0.003068
3.103333 0.095122 -0.003160 -0.000060 0.900000 0.003160
3.230000 0.095122 -0.003040 -0.000804 0.900000 0.003144
3.356667 0.095122 -0.002662 -0.000842 0.900000 0.002792
3.483333 0.095122 -0.001887 -0.001067 0.900000 0.002168
3.610000 0.095122 -0.000705 -0.001422 0.900000 0.001587
3.736667 0.095122 0.000000 0.000000 0.000000 0.000000
0.063333 0.109756 0.000000 0.000000 0.000000 0.000000
0.190000 0.109756 -0.002021 0.003037 0.900000 0.003648
0.316667 0.109756 -0.005101 0.001976 0.900000 0.005471
0.443333 0.109756 -0.006459 0.000814 0.900000 0.006510
0.570000 0.109756 -0.006775 -0.000212 0.900000 0.006778
0.696667 0.109756 -0.006496 -0.000367 0.900000 0.006507
0.823333 0.109756 -0.005771 -0.000379 0.900000 0.005783
0.950000 0.109756 -0.004939 -0.000367 0.900000 0.004953
1.076667 0.109756 -0.004129 -0.000227 0.900000 0.004135
1.203333 0.109756 -0.003314 -0.000136 0.900000 0.003317
1.330000 0.109756 -0.002534 -0.000153 0.900000 0.002538
1.456667 0.109756 -0.001784 -0.000242 0.900000 0.001800
1.583333 0.109756 -0.001115 -0.000238 0.900000 0.001140
1.710000 0.109756 -0.000558 -0.000276 0.900000 0.000623
1.836667 0.109756 -0.000177 -0.000094 0.900000 0.000201
1.963333 0.109756 -0.000060 0.000047 0.900000 0.000076
2.090000 0.109756 -0.000117 0.000091 0.900000 0.000148
2.216667 0.109756 -0.000377 0.000166 0.900000 0.000412
2.343333 0.109756 -0.000834 0.000221 0.900000 0.000863
2.470000 0.109756 -0.001302 0.000246 0.900000 0.001325
2.596667 0.109756 -0.001765 0.000290 0.900000 0.001789
2.723333 0.109756 -0.002269 0.000236 0.900000 0.002281
2.850000 0.109756 -0.002714 0.000125 0.900000 0.002717
2.976667 0.109756 -0.003003 0.000059 0.900000 0.003003
3.103333 0.109756 -0.003023 -0.000152 0.900000 0.003027
3.230000 0.109756 -0.002918 -0.000911 0.900000 0.003057
3.356667 0.109756 -0.002628 -0.000985 0.900000 0.002807
3.483333 0.109756 -0.001901 -0.001259 0.900000 0.002280
3.610000 0.109756 -0.000717 -0.001690 0.900000 0.001835
3.736667 0.109756 0.000000 0.000000 0.000000 0.000000
0.063333 0.124390 0.000000 0.000000 0.000000 0.000000
0.190000 0.124390 -0.002080 0.003533 0.900000 0.004100
0.316667 0.124390 -0.005229 0.002295 0.900000 0.005710
0.443333 0.124390 -0.006585 0.000934 0.900000 0.006651
0.570000 0.124390 -0.006932 -0.000172 0.900000 0.006934
0.696667 0.124390 -0.006683 -0.000418 0.900000 0.006696
0.823333 0.124390 -0.005880 -0.000488 0.900000 0.005901
0.950000 0.124390 -0.004953 -0.000448 0.900000 0.004973
1.076667 0.124390 -0.004108 -0.000270 0.900000 0.004116
1.203333 0.124390 -0.003292 -0.000158 0.900000 0.003296
1.330000 0.124390 -0.002517 -0.000188 0.900000 0.002524
1.456667 0.124390 -0.001766 -0.000303 0.900000 0.001791
1.583333 0.124390 -0.001106 -0.000295 0.900000 0.001145
1.710000 0.124390 -0.000566 -0.000348 0.900000 0.000664
1.836667 0.124390 -0.000195 -0.000127 0.900000 0.000233
1.963333 0.124390 -0.000081 0.000040 0.900000 0.000090
2.090000 0.124390 -0.000127 0.000098 0.900000 0.000160
2.216667 0.124390 -0.000383 0.000195 0.900000 0.000430
2.343333 0.124390 -0.000845 0.000262 0.900000 0.000884
2.470000 0.124390 -0.001313 0.000287 0.900000 0.001344
2.596667 0.124390 -0.001777 0.000339 0.900000 0.001809
2.723333 0.124390 -0.002284 0.000269 0.900000 0.002300
2.850000 0.124390 -0.002715 0.000126 0.900000 0.002718
2.976667 0.124390 -0.002964 0.000022 0.900000 0.002964
3.103333 0.124390 -0.002923 -0.000263 0.900000 0.002935
3.230000 0.124390 -0.002808 -0.001016 0.900000 0.002986
3.356667 0.124390 -0.002584 -0.001120 0.900000 0.002816
3.483333 0.124390 -0.001913 -0.001447 0.900000 0.002398
3.610000 0.124390 -0.000731 -0.001960 0.900000 0.002092
3.736667 0.124390 0.000000 0.000000 0.000000 0.000000
0.063333 0.139024 0.000000 0.000000 0.000000 0.000000
0.190000 0.139024 -0.002149 0.004043 0.900000 0.004578
0.316667 0.139024 -0.005380 0.002623 0.900000 0.005986
0.443333 0.139024 -0.006730 0.001051 0.900000 0.006812
0.570000 0.139024 -0.007087 -0.000121 0.900000 0.007088
0.696667 0.139024 -0.006857 -0.000469 0.899999 0.006873
0.823333 0.139024 -0.005982 -0.000612 0.899999 0.006014
0.950000 0.139024 -0.004961 -0.000537 0.900000 0.004990
1.076667 0.139024 -0.004081 -0.000313 0.900000 0.004093
1.203333 0.139024 -0.003268 -0.000177 0.900000 0.003272
1.330000 0.139024 -0.002503 -0.000223 0.900000 0.002513
1.456667 0.139024 -0.001749 -0.000372 0.900000 0.001788
1.583333 0.139024 -0.001099 -0.000356 0.900000 0.001155
1.710000 0.139024 -0.000576 -0.000428 0.900000 0.000718
1.836667 0.139024 -0.000216 -0.000162 0.900000 0.000270
1.963333 0.139024 -0.000103 0.000031 0.900000 0.000108
2.090000 0.139024 -0.000134 0.000103 0.900000 0.000169
2.216667 0.139024 -0.000385 0.000224 0.900000 0.000446
2.343333 0.139024 -0.000855 0.000304 0.900000 0.000907
2.470000 0.139024 -0.001325 0.000330 0.900000 0.001365
2.596667 0.139024 -0.001794 0.000391 0.900000 0.001836
2.723333 0.139024 -0.002309 0.000302 0.900000 0.002328
2.850000 0.139024 -0.002731 0.000122 0.900000 0.002734
2.976667 0.139024 -0.002953 -0.000023 0.900000 0.002953
3.103333 0.139024 -0.002855 -0.000392 0.900000 0.002882
3.230000 0.139024 -0.002705 -0.001125 0.900000 0.002929
3.356667 0.139024 -0.002530 -0.001246 0.900000 0.002821
3.483333 0.139024 -0.001923 -0.001632 0.900000 0.002522
3.610000 0.139024 -0.000746 -0.002234 0.900000 0.002355
3.736667 0.139024 0.000000 0.000000 0.000000 0.000000
0.063333 0.153659 0.000000 0.000000 0.000000 0.000000
0.190000 0.153659 -0.002210 0.004557 0.900000 0.005065
0.316667 0.153659 -0.005536 0.002967 0.900000 0.006281
0.443333 0.153659 -0.006890 0.001164 0.900000 0.006988
0.570000 0.153659 -0.007242 -0.000063 0.899990 0.007243
0.696667 0.153659 -0.007024 -0.000520 0.899901 0.007043
0.823333 0.153659 -0.006073 -0.000750 0.899895 0.006119
0.950000 0.153659 -0.004958 -0.000632 0.899961 0.004998
1.076667 0.153659 -0.004046 -0.000353 0.899989 0.004061
1.203333 0.153659 -0.003241 -0.000189 0.899998 0.003247
1.330000 0.153659 -0.002491 -0.000257 0.900000 0.002504
1.456667 0.153659 -0.001734 -0.000448 0.900000 0.001791
1.583333 0.153659 -0.001094 -0.000420 0.899999 0.001172
1.710000 0.153659 -0.000590 -0.000516 0.900000 0.000784
1.836667 0.153659 -0.000240 -0.000197 0.900000 0.000311
1.963333 0.153659 -0.000127 0.000020 0.900000 0.000129
2.090000 0.153659 -0.000137 0.000106 0.900000 0.000173
2.216667 0.153659 -0.000384 0.000256 0.900000 0.000462
2.343333 0.153659 -0.000866 0.000348 0.900000 0.000933
2.470000 0.153659 -0.001339 0.000374 0.900000 0.001390
2.596667 0.153659 -0.001815 0.000447 0.900000 0.001870
2.723333 0.153659 -0.002345 0.000339 0.900000 0.002369
2.850000 0.153659 -0.002765 0.000117 0.900000 0.002768
2.976667 0.153659 -0.002972 -0.000072 0.900000 0.002973
3.103333 0.153659 -0.002817 -0.000540 0.900000 0.002868
3.230000 0.153659 -0.002607 -0.001243 0.900000 0.002889
3.356667 0.153659 -0.002470 -0.001363 0.900000 0.002821
3.483333 0.153659 -0.001934 -0.001812 0.899999 0.002651
3.610000 0.153659 -0.000764 -0.002511 0.899998 0.002625
3.736667 0.153659 0.000000 0.000000 0.000000 0.000000
0.063333 0.168293 0.000000 0.000000 0.000000 0.000000
0.190000 0.168293 -0.002656 0.005243 0.900000 0.005878
0.316667 0.168293 -0.006211 0.003261 0.899996 0.007015
0.443333 0.168293 -0.007239 0.001245 0.899877 0.007345
0.570000 0.168293 -0.007584 -0.000000 0.898817 0.007584
0.696667 0.168293 -0.007242 -0.000625 0.894774 0.007269
0.823333 0.168293 -0.005942 -0.000923 0.894919 0.006013
0.950000 0.168293 -0.004739 -0.000727 0.897217 0.004794
1.076667 0.168293 -0.003887 -0.000383 0.898694 0.003906
1.203333 0.168293 -0.003150 -0.000182 0.899589 0.003156
1.330000 0.168293 -0.002453 -0.000283 0.899815 0.002470
1.456667 0.168293 -0.001707 -0.000528 0.899957 0.001787
1.583333 0.168293 -0.001078 -0.000485 0.899840 0.001182
1.710000 0.168293 -0.000594 -0.000612 0.899958 0.000853
1.836667 0.168293 -0.000265 -0.000231 0.899989 0.000351
1.963333 0.168293 -0.000152 0.000008 0.899991 0.000152
2.090000 0.168293 -0.000135 0.000107 0.899999 0.000172
2.216667 0.168293 -0.000377 0.000291 0.899999 0.000476
2.343333 0.168293 -0.000875 0.000398 0.899998 0.000961
2.470000 0.168293 -0.001353 0.000422 0.899998 0.001417
2.596667 0.168293 -0.001840 0.000510 0.899999 0.001909
2.723333 0.168293 -0.002389 0.000380 0.899999 0.002419
2.850000 0.168293 -0.002814 0.000111 0.900000 0.002817
2.976667 0.168293 -0.003019 -0.000121 0.899998 0.003021
3.103333 0.168293 -0.002805 -0.000710 0.899996 0.002893
3.230000 0.168293 -0.002509 -0.001376 0.899994 0.002862
3.356667 0.168293 -0.002400 -0.001469 0.899988 0.002814
3.483333 0.168293 -0.001948 -0.001987 0.899968 0.002782
3.610000 0.168293 -0.000785 -0.002793 0.899919 0.002902
3.736667 0.168293 0.000000 0.000000 0.000000 0.000000
0.063333 0.182927 0.000000 0.000000 0.000000 0.000000
0.190000 0.182927 0.000363 0.005908 0.711781 0.005919
0.316667 0.182927 0.000649 0.003557 0.707967 0.003615
0.443333 0.182927 0.000467 0.001473 0.722766 0.001545
0.570000 0.182927 -0.000016 0.000290 0.745283 0.000291
0.696667 0.182927 -0.000455 -0.000474 0.770389 0.000658
0.823333 0.182927 -0.000411 -0.000838 0.790831 0.000934
0.950000 0.182927 -0.000232 -0.000640 0.808757 0.000681
1.076667 0.182927 -0.000013 -0.000318 0.825849 0.000319
1.203333 0.182927 0.000367 -0.000115 0.843654 0.000384
1.330000 0.182927 0.000906 -0.000149 0.862306 0.000918
1.456667 0.182927 0.000919 -0.000266 0.880663 0.000956
1.583333 0.182927 0.000539 -0.000242 0.891395 0.000591
1.710000 0.182927 0.000049 -0.000415 0.897713 0.000418
1.836667 0.182927 -0.000311 -0.000201 0.897794 0.000371
1.963333 0.182927 -0.000175 -0.000019 0.898072 0.000176
2.090000 0.182927 -0.000114 0.000103 0.899131 0.000154
2.216667 0.182927 -0.000388 0.000330 0.899405 0.000510
2.343333 0.182927 -0.000898 0.000457 0.899298 0.001008
2.470000 0.182927 -0.001346 0.000479 0.899357 0.001429
2.596667 0.182927 -0.001836 0.000591 0.899708 0.001929
2.723333 0.182927 -0.002438 0.000436 0.899907 0.002477
2.850000 0.182927 -0.002893 0.000114 0.899915 0.002896
2.976667 0.182927 -0.003092 -0.000167 0.899673 0.003097
3.103333 0.182927 -0.002787 -0.000904 0.899571 0.002930
3.230000 0.182927 -0.002403 -0.001520 0.899669 0.002843
3.356667 0.182927 -0.002354 -0.001560 0.899416 0.002824
3.483333 0.182927 -0.002008 -0.002153 0.898884 0.002944
3.610000 0.182927 -0.000834 -0.003084 0.897951 0.003194
3.736667 0.182927 0.000000 0.000000 0.000000 0.000000
0.063333 0.197561 0.000000 0.000000 0.000000 0.000000
0.190000 0.197561 0.002335 0.005930 0.622608 0.006373
0.316667 0.197561 0.005688 0.003630 0.613382 0.006747
0.443333 0.197561 0.007041 0.001626 0.607708 0.007227
0.570000 0.197561 0.007246 0.000545 0.604729 0.007267
0.696667 0.197561 0.006700 -0.000227 0.600855 0.006704
0.823333 0.197561 0.005803 -0.000641 0.600507 0.005838
0.950000 0.197561 0.004927 -0.000504 0.600434 0.004952
1.076667 0.197561 0.004111 -0.000238 0.600161 0.004118
1.203333 0.197561 0.003290 -0.000039 0.600735 0.003290
1.330000 0.197561 0.002515 0.000122 0.602117 0.002517
1.456667 0.197561 0.001252 0.000327 0.603672 0.001294
1.583333 0.197561 -0.000117 0.000284 0.612230 0.000307
1.710000 0.197561 -0.001173 0.000057 0.625494 0.001175
1.836667 0.197561 -0.001862 -0.000086 0.646566 0.001864
1.963333 0.197561 -0.001935 -0.000044 0.666424 0.001935
2.090000 0.197561 -0.001823 0.000057 0.685381 0.001824
2.216667 0.197561 -0.001662 0.000282 0.705618 0.001686
2.343333 0.197561 -0.001405 0.000397 0.727441 0.001459
2.470000 0.197561 -0.001015 0.000396 0.750642 0.001090
2.596667 0.197561 -0.000532 0.000497 0.775487 0.000728
2.723333 0.197561 0.000062 0.000319 0.801996 0.000325
2.850000 0.197561 0.000650 -0.000007 0.829028 0.000650
2.976667 0.197561 0.001109 -0.000299 0.855013 0.001149
3.103333 0.197561 0.000472 -0.000888 0.879499 0.001006
3.230000 0.197561 -0.001626 -0.001399 0.888257 0.002145
3.356667 0.197561 -0.002877 -0.001639 0.882121 0.003311
3.483333 0.197561 -0.002519 -0.002317 0.876040 0.003423
3.610000 0.197561 -0.001084 -0.003409 0.868365 0.003577
3.736667 0.197561 0.000000 0.000000 0.000000 0.000000
0.063333 0.212195 0.000000 0.000000 0.000000 0.000000
0.190000 0.212195 0.002095 0.005497 0.602774 0.005882
0.316667 0.212195 0.005285 0.003420 0.600916 0.006295
0.443333 0.212195 0.006825 0.001530 0.600253 0.006995
0.570000 0.212195 0.007028 0.000561 0.600086 0.007050
0.696667 0.212195 0.006495 -0.000200 0.600004 0.006498
0.823333 0.212195 0.005763 -0.000614 0.600001 0.005796
0.950000 0.212195 0.004924 -0.000499 0.600000 0.004949
1.076667 0.212195 0.004155 -0.000244 0.600000 0.004163
1.203333 0.212195 0.003414 -0.000035 0.600004 0.003415
1.330000 0.212195 0.002688 0.000213 0.600038 0.002696
1.456667 0.212195 0.002130 0.000547 0.600115 0.002199
1.583333 0.212195 0.001797 0.000465 0.600319 0.001856
1.710000 0.212195 0.001536 0.000242 0.600169 0.001555
1.836667 0.212195 0.000962 0.000040 0.600147 0.000963
1.963333 0.212195 0.000213 0.000007 0.600038 0.000213
2.090000 0.212195 -0.000260 0.000027 0.600006 0.000261
2.216667 0.212195 -0.000462 0.000187 0.600377 0.000498
2.343333 0.212195 -0.000497 0.000267 0.600869 0.000564
2.470000 0.212195 -0.000541 0.000247 0.601023 0.000594
2.596667 0.212195 -0.000480 0.000301 0.602042 0.000566
2.723333 0.212195 -0.000184 0.000111 0.602410 0.000214
2.850000 0.212195 0.000162 -0.000169 0.600997 0.000234
2.976667 0.212195 0.000422 -0.000432 0.600002 0.000604
3.103333 0.212195 -0.000191 -0.000595 0.600288 0.000625
3.230000 0.212195 -0.001715 -0.001013 0.612179 0.001992
3.356667 0.212195 -0.002086 -0.001703 0.633747 0.002693
3.483333 0.212195 -0.001234 -0.002433 0.651363 0.002728
3.610000 0.212195 -0.000407 -0.003642 0.664312 0.003665
3.736667 0.212195 0.000000 0.000000 0.000000 0.000000
0.063333 0.226829 0.000000 0.000000 0.000000 0.000000
0.190000 0.226829 0.001928 0.005075 0.600229 0.005429
0.316667 0.226829 0.004980 0.003203 0.600042 0.005921
0.443333 0.226829 0.006630 0.001431 0.600006 0.006783
0.570000 0.226829 0.006945 0.000599 0.600001 0.006971
0.696667 0.226829 0.006462 -0.000183 0.600000 0.006465
0.823333 0.226829 0.005773 -0.000586 0.600000 0.005802
0.950000 0.226829 0.004962 -0.000496 0.600000 0.004986
1.076667 0.226829 0.004196 -0.000263 0.600000 0.004204
1.203333 0.226829 0.003456 -0.000068 0.600000 0.003456
1.330000 0.226829 0.002737 0.000139 0.600000 0.002741
1.456667 0.226829 0.002177 0.000407 0.600002 0.002215
1.583333 0.226829 0.001798 0.000330 0.600004 0.001828
1.710000 0.226829 0.001478 0.000159 0.600001 0.001486
1.836667 0.226829 0.000919 0.000144 0.600001 0.000930
1.963333 0.226829 0.000256 0.000104 0.600000 0.000277
2.090000 0.226829 -0.000172 0.000042 0.600000 0.000177
2.216667 0.226829 -0.000385 0.000123 0.600001 0.000404
2.343333 0.226829 -0.000447 0.000187 0.600005 0.000484
2.470000 0.226829 -0.000481 0.000169 0.600006 0.000510
2.596667 0.226829 -0.000416 0.000194 0.600018 0.000459
2.723333 0.226829 -0.000229 0.000006 0.600020 0.000229
2.850000 0.226829 0.000038 -0.000244 0.600002 0.000247
2.976667 0.226829 0.000366 -0.000478 0.600000 0.000602
3.103333 0.226829 0.000791 -0.000465 0.600000 0.000918
3.230000 0.226829 0.001146 -0.000828 0.600000 0.001414
3.356667 0.226829 0.001358 -0.001692 0.600000 0.002169
3.483333 0.226829 0.001551 -0.002431 0.600000 0.002883
3.610000 0.226829 0.000816 -0.003575 0.600000 0.003667
3.736667 0.226829 0.000000 0.000000 0.000000 0.000000
0.063333 0.241463 0.000000 0.000000 0.000000 0.000000
0.190000 0.241463 0.001814 0.004686 0.600014 0.005025
0.316667 0.241463 0.004746 0.002979 0.600001 0.005604
0.443333 0.241463 0.006465 0.001310 0.600000 0.006596
0.570000 0.241463 0.006877 0.000633 0.600000 0.006906
0.696667 0.241463 0.006437 -0.000169 0.600000 0.006439
0.823333 0.241463 0.005786 -0.000559 0.600000 0.005813
0.950000 0.241463 0.005001 -0.000489 0.600000 0.005025
1.076667 0.241463 0.004239 -0.000277 0.600000 0.004248
1.203333 0.241463 0.003498 -0.000098 0.600000 0.003499
1.330000 0.241463 0.002783 0.000071 0.600000 0.002784
1.456667 0.241463 0.002203 0.000279 0.600000 0.002221
1.583333 0.241463 0.001779 0.000210 0.600000 0.001792
1.710000 0.241463 0.001415 0.000082 0.600000 0.001417
1.836667 0.241463 0.000880 0.000227 0.600000 0.000909
1.963333 0.241463 0.000314 0.000178 0.600000 0.000361
2.090000 0.241463 -0.000076 0.000050 0.600000 0.000091
2.216667 0.241463 -0.000318 0.000054 0.600000 0.000323
2.343333 0.241463 -0.000405 0.000104 0.600000 0.000419
2.470000 0.241463 -0.000451 0.000088 0.600000 0.000459
2.596667 0.241463 -0.000400 0.000097 0.600000 0.000411
2.723333 0.241463 -0.000235 -0.000080 0.600000 0.000248
2.850000 0.241463 0.000017 -0.000315 0.600000 0.000315
2.976667 0.241463 0.000341 -0.000525 0.600000 0.000626
3.103333 0.241463 0.000740 -0.000544 0.600000 0.000919
3.230000 0.241463 0.001039 -0.000831 0.600000 0.001330
3.356667 0.241463 0.001229 -0.001620 0.600000 0.002033
3.483333 0.241463 0.001390 -0.002356 0.600000 0.002735
3.610000 0.241463 0.000716 -0.003342 0.600000 0.003418
3.736667 0.241463 0.000000 0.000000 0.000000 0.000000
0.063333 0.256098 0.000000 0.000000 0.000000 0.000000
0.190000 0.256098 0.001713 0.004325 0.600001 0.004652
0.316667 0.256098 0.004531 0.002752 0.600000 0.005301
0.443333 0.256098 0.006315 0.001168 0.600000 0.006422
0.570000 0.256098 0.006822 0.000664 0.600000 0.006854
0.696667 0.256098 0.006418 -0.000156 0.600000 0.006419
0.823333 0.256098 0.005805 -0.000532 0.600000 0.005829
0.950000 0.256098 0.005042 -0.000477 0.600000 0.005065
1.076667 0.256098 0.004284 -0.000285 0.600000 0.004293
1.203333 0.256098 0.003541 -0.000121 0.600000 0.003543
1.330000 0.256098 0.002827 0.000016 0.600000 0.002828
1.456667 0.256098 0.002230 0.000176 0.600000 0.002237
1.583333 0.256098 0.001764 0.000112 0.600000 0.001768
1.710000 0.256098 0.001353 0.000019 0.600000 0.001353
1.836667 0.256098 0.000841 0.000294 0.600000 0.000891
1.963333 0.256098 0.000382 0.000232 0.600000 0.000447
2.090000 0.256098 0.000033 0.000066 0.600000 0.000073
2.216667 0.256098 -0.000245 -0.000001 0.600000 0.000245
2.343333 0.256098 -0.000358 0.000036 0.600000 0.000360
2.470000 0.256098 -0.000416 0.000022 0.600000 0.000416
2.596667 0.256098 -0.000379 0.000018 0.600000 0.000380
2.723333 0.256098 -0.000236 -0.000149 0.600000 0.000279
2.850000 0.256098 0.000001 -0.000370 0.600000 0.000370
2.976667 0.256098 0.000317 -0.000562 0.600000 0.000645
3.103333 0.256098 0.000696 -0.000602 0.600000 0.000921
3.230000 0.256098 0.000965 -0.000818 0.600000 0.001265
3.356667 0.256098 0.001163 -0.001553 0.600000 0.001940
3.483333 0.256098 0.001321 -0.002276 0.600000 0.002631
3.610000 0.256098 0.000670 -0.003129 0.600000 0.003200
3.736667 0.256098 0.000000 0.000000 0.000000 0.000000
0.063333 0.270732 0.000000 0.000000 0.000000 0.000000
0.190000 0.270732 0.001620 0.003988 0.600000 0.004305
0.316667 0.270732 0.004326 0.002525 0.600000 0.005009
0.443333 0.270732 0.006179 0.001002 0.600000 0.006259
0.570000 0.270732 0.006781 0.000697 0.600000 0.006817
0.696667 0.270732 0.006405 -0.000141 0.600000 0.006406
0.823333 0.270732 0.005828 -0.000502 0.600000 0.005850
0.950000 0.270732 0.005085 -0.000458 0.600000 0.005106
1.076667 0.270732 0.004330 -0.000284 0.600000 0.004339
1.203333 0.270732 0.003584 -0.000136 0.600000 0.003587
1.330000 0.270732 0.002871 -0.000025 0.600000 0.002871
1.456667 0.270732 0.002258 0.000097 0.600000 0.002260
1.583333 0.270732 0.001752 0.000036 0.600000 0.001752
1.710000 0.270732 0.001286 -0.000028 0.600000 0.001286
1.836667 0.270732 0.000794 0.000346 0.600000 0.000866
1.963333 0.270732 0.000462 0.000267 0.600000 0.000533
2.090000 0.270732 0.000158 0.000092 0.600000 0.000183
2.216667 0.270732 -0.000165 -0.000041 0.600000 0.000169
2.343333 0.270732 -0.000305 -0.000015 0.600000 0.000305
2.470000 0.270732 -0.000377 -0.000029 0.600000 0.000378
2.596667 0.270732 -0.000355 -0.000042 0.600000 0.000358
2.723333 0.270732 -0.000233 -0.000200 0.600000 0.000307
2.850000 0.270732 -0.000011 -0.000408 0.600000 0.000408
2.976667 0.270732 0.000295 -0.000586 0.600000 0.000656
3.103333 0.270732 0.000656 -0.000639 0.600000 0.000916
3.230000 0.270732 0.000894 -0.000790 0.600000 0.001193
3.356667 0.270732 0.001097 -0.001491 0.600000 0.001851
3.483333 0.270732 0.001258 -0.002192 0.600000 0.002527
3.610000 0.270732 0.000630 -0.002926 0.600000 0.002993
3.736667 0.270732 0.000000 0.000000 0.000000 0.000000
0.063333 0.285366 0.000000 0.000000 0.000000 0.000000
0.190000 0.285366 0.001533 0.003674 0.600000 0.003981
0.316667 0.285366 0.004128 0.002299 0.600000 0.004725
0.443333 0.285366 0.006057 0.000812 0.600000 0.006111
0.570000 0.285366 0.006758 0.000736 0.600000 0.006798
0.696667 0.285366 0.006402 -0.000123 0.600000 0.006403
0.823333 0.285366 0.005859 -0.000466 0.600000 0.005878
0.950000 0.285366 0.005134 -0.000429 0.600000 0.005152
1.076667 0.285366 0.004380 -0.000272 0.600000 0.004389
1.203333 0.285366 0.003633 -0.000138 0.600000 0.003636
1.330000 0.285366 0.002920 -0.000049 0.600000 0.002921
1.456667 0.285366 0.002293 0.000043 0.600000 0.002294
1.583333 0.285366 0.001747 -0.000015 0.600000 0.001747
1.710000 0.285366 0.001215 -0.000056 0.600000 0.001216
1.836667 0.285366 0.000742 0.000384 0.600000 0.000835
1.963333 0.285366 0.000562 0.000279 0.600000 0.000628
2.090000 0.285366 0.000312 0.000133 0.600000 0.000339
2.216667 0.285366 -0.000070 -0.000063 0.600000 0.000095
2.343333 0.285366 -0.000240 -0.000048 0.600000 0.000244
2.470000 0.285366 -0.000327 -0.000061 0.600000 0.000333
2.596667 0.285366 -0.000322 -0.000081 0.600000 0.000332
2.723333 0.285366 -0.000220 -0.000231 0.600000 0.000319
2.850000 0.285366 -0.000016 -0.000427 0.600000 0.000427
2.976667 0.285366 0.000276 -0.000593 0.600000 0.000654
3.103333 0.285366 0.000620 -0.000654 0.600000 0.000901
3.230000 0.285366 0.000825 -0.000742 0.600000 0.001109
3.356667 0.285366 0.001031 -0.001435 0.600000 0.001767
3.483333 0.285366 0.001203 -0.002106 0.600000 0.002425
3.610000 0.285366 0.000595 -0.002733 0.600000 0.002797
3.736667 0.285366 0.000000 0.000000 0.000000 0.000000
0.063333 0.300000 0.000000 0.000000 0.000000 0.000000
0.190000 0.300000 0.001452 0.003380 0.600000 0.003679
0.316667 0.300000 0.003935 0.002077 0.600000 0.004449
0.443333 0.300000 0.005949 0.000593 0.600000 0.005978
0.570000 0.300000 0.006755 0.000788 0.600000 0.006801
0.696667 0.300000 0.006409 -0.000097 0.600000 0.006410
0.823333 0.300000 0.005897 -0.000419 0.600000 0.005912
0.950000 0.300000 0.005183 -0.000385 0.600000 0.005198
1.076667 0.300000 0.004431 -0.000243 0.600000 0.004438
1.203333 0.300000 0.003681 -0.000124 0.600000 0.003683
1.330000 0.300000 0.002967 -0.000053 0.600000 0.002967
1.456667 0.300000 0.002328 0.000015 0.600000 0.002328
1.583333 0.300000 0.001742 -0.000039 0.600000 0.001743
1.710000 0.300000 0.001125 -0.000059 0.600000 0.001127
1.836667 0.300000 0.000667 0.000405 0.600000 0.000781
1.963333 0.300000 0.000679 0.000267 0.600000 0.000729
2.090000 0.300000 0.000488 0.000196 0.600000 0.000526
2.216667 0.300000 0.000029 -0.000066 0.600000 0.000072
2.343333 0.300000 -0.000172 -0.000060 0.600000 0.000182
2.470000 0.300000 -0.000277 -0.000072 0.600000 0.000286
2.596667 0.300000 -0.000287 -0.000097 0.600000 0.000303
2.723333 0.300000 -0.000206 -0.000238 0.600000 0.000315
2.850000 0.300000 -0.000020 -0.000423 0.600000 0.000423
2.976667 0.300000 0.000256 -0.000579 0.600000 0.000633
3.103333 0.300000 0.000584 -0.000642 0.600000 0.000868
3.230000 0.300000 0.000749 -0.000669 0.600000 0.001005
3.356667 0.300000 0.000960 -0.001384 0.600000 0.001685
3.483333 0.300000 0.001154 -0.002017 0.600000 0.002324
3.610000 0.300000 0.000565 -0.002548 0.600000 0.002610
3.736667 0.300000 0.000000 0.000000 0.000000 0.000000
0.063333 0.314634 0.000000 0.000000 0.000000 0.000000
0.190000 0.314634 0.001375 0.003106 0.600000 0.003396
0.316667 0.314634 0.003743 0.001860 0.600000 0.004180
0.443333 0.314634 0.005856 0.000341 0.600000 0.005866
0.570000 0.314634 0.006779 0.000861 0.600000 0.006833
0.696667 0.314634 0.006432 -0.000057 0.600000 0.006432
0.823333 0.314634 0.005946 -0.000354 0.600000 0.005957
0.950000 0.314634 0.005242 -0.000322 0.600000 0.005252
1.076667 0.314634 0.004491 -0.000193 0.600000 0.004495
1.203333 0.314634 0.003739 -0.000088 0.600000 0.003740
1.330000 0.314634 0.003025 -0.000031 0.600000 0.003025
1.456667 0.314634 0.002376 0.000017 0.600000 0.002377
1.583333 0.314634 0.001753 -0.000030 0.600000 0.001754
1.710000 0.314634 0.001025 -0.000026 0.600000 0.001025
1.836667 0.314634 0.000578 0.000409 0.600000 0.000708
1.963333 0.314634 0.000833 0.000223 0.600000 0.000862
2.090000 0.314634 0.000712 0.000289 0.600000 0.000769
2.216667 0.314634 0.000151 -0.000043 0.600000 0.000157
2.343333 0.314634 -0.000085 -0.000045 0.600000 0.000096
2.470000 0.314634 -0.000208 -0.000056 0.600000 0.000215
2.596667 0.314634 -0.000236 -0.000084 0.600000 0.000250
2.723333 0.314634 -0.000177 -0.000217 0.600000 0.000280
2.850000 0.314634 -0.000012 -0.000390 0.600000 0.000390
2.976667 0.314634 0.000245 -0.000536 0.600000 0.000589
3.103333 0.314634 0.000554 -0.000600 0.600000 0.000816
3.230000 0.314634 0.000669 -0.000562 0.600000 0.000873
3.356667 0.314634 0.000885 -0.001341 0.600000 0.001607
3.483333 0.314634 0.001114 -0.001927 0.600000 0.002226
3.610000 0.314634 0.000539 -0.002371 0.600000 0.002432
3.736667 0.314634 0.000000 0.000000 0.000000 0.000000
0.063333 0.329268 0.000000 0.000000 0.000000 0.000000
0.190000 0.329268 0.001302 0.002849 0.600000 0.003132
0.316667 0.329268 0.003550 0.001650 0.600000 0.003915
0.443333 0.329268 0.005780 0.000051 0.600000 0.005781
0.570000 0.329268 0.006834 0.000965 0.600000 0.006902
0.696667 0.329268 0.006470 0.000006 0.600000 0.006470
0.823333 0.329268 0.006004 -0.000262 0.600000 0.006010
0.950000 0.329268 0.005303 -0.000230 0.600000 0.005308
1.076667 0.329268 0.004551 -0.000114 0.600000 0.004552
1.203333 0.329268 0.003796 -0.000022 0.600000 0.003796
1.330000 0.329268 0.003082 0.000022 0.600000 0.003082
1.456667 0.329268 0.002426 0.000056 0.600000 0.002427
1.583333 0.329268 0.001767 0.000018 0.600000 0.001767
1.710000 0.329268 0.000891 0.000057 0.600000 0.000892
1.836667 0.329268 0.000448 0.000388 0.600000 0.000593
1.963333 0.329268 0.001017 0.000140 0.600000 0.001026
2.090000 0.329268 0.000976 0.000426 0.600000 0.001065
2.216667 0.329268 0.000279 0.000014 0.600000 0.000280
2.343333 0.329268 0.000005 0.000003 0.600000 0.000006
2.470000 0.329268 -0.000138 -0.000008 0.600000 0.000138
2.596667 0.329268 -0.000184 -0.000036 0.600000 0.000187
2.723333 0.329268 -0.000146 -0.000160 0.600000 0.000217
2.850000 0.329268 -0.000004 -0.000320 0.600000 0.000320
2.976667 0.329268 0.000231 -0.000457 0.600000 0.000512
3.103333 0.329268 0.000521 -0.000517 0.600000 0.000734
3.230000 0.329268 0.000571 -0.000407 0.600000 0.000701
3.356667 0.329268 0.000798 -0.001308 0.600000 0.001532
3.483333 0.329268 0.001081 -0.001835 0.600000 0.002130
3.610000 0.329268 0.000516 -0.002201 0.600000 0.002261
3.736667 0.329268 0.000000 0.000000 0.000000 0.000000
0.063333 0.343902 0.000000 0.000000 0.000000 0.000000
0.190000 0.343902 0.001232 0.002609 0.600000 0.002885
0.316667 0.343902 0.003353 0.001450 0.600000 0.003653
0.443333 0.343902 0.005724 -0.000285 0.600000 0.005731
0.570000 0.343902 0.006930 0.001114 0.600000 0.007019
0.696667 0.343902 0.006531 0.000102 0.600000 0.006532
0.823333 0.343902 0.006076 -0.000133 0.600000 0.006078
0.950000 0.343902 0.005374 -0.000100 0.600000 0.005375
1.076667 0.343902 0.004619 0.000003 0.600000 0.004619
1.203333 0.343902 0.003864 0.000083 0.600000 0.003865
1.330000 0.343902 0.003150 0.000116 0.600000 0.003153
1.456667 0.343902 0.002490 0.000140 0.600000 0.002494
1.583333 0.343902 0.001799 0.000115 0.600000 0.001802
1.710000 0.343902 0.000725 0.000209 0.600000 0.000755
1.836667 0.343902 0.000277 0.000335 0.600000 0.000435
1.963333 0.343902 0.001254 0.000007 0.600000 0.001254
2.090000 0.343902 0.001305 0.000622 0.600000 0.001446
2.216667 0.343902 0.000430 0.000113 0.600000 0.000444
2.343333 0.343902 0.000113 0.000095 0.600000 0.000147
2.470000 0.343902 -0.000051 0.000084 0.600000 0.000098
2.596667 0.343902 -0.000115 0.000056 0.600000 0.000128
2.723333 0.343902 -0.000102 -0.000057 0.600000 0.000117
2.850000 0.343902 0.000014 -0.000203 0.600000 0.000204
2.976667 0.343902 0.000223 -0.000328 0.600000 0.000396
3.103333 0.343902 0.000491 -0.000382 0.600000 0.000622
3.230000 0.343902 0.000453 -0.000185 0.600000 0.000490
3.356667 0.343902 0.000693 -0.001289 0.600000 0.001463
3.483333 0.343902 0.001056 -0.001741 0.600000 0.002036
3.610000 0.343902 0.000497 -0.002037 0.600000 0.002096
3.736667 0.343902 0.000000 0.000000 0.000000 0.000000
0.063333 0.358537 0.000000 0.000000 0.000000 0.000000
0.190000 0.358537 0.001166 0.002384 0.600000 0.002654
0.316667 0.358537 0.003150 0.001263 0.600000 0.003394
0.443333 0.358537 0.005690 -0.000678 0.600000 0.005730
0.570000 0.358537 0.007075 0.001327 0.600000 0.007198
0.696667 0.358537 0.006617 0.000248 0.600000 0.006622
0.823333 0.358537 0.006161 0.000048 0.600000 0.006161
0.950000 0.358537 0.005450 0.000081 0.600000 0.005451
1.076667 0.358537 0.004692 0.000172 0.600000 0.004695
1.203333 0.358537 0.003934 0.000239 0.600000 0.003942
1.330000 0.358537 0.003222 0.000262 0.600000 0.003233
1.456667 0.358537 0.002560 0.000280 0.600000 0.002575
1.583333 0.358537 0.001845 0.000272 0.600000 0.001865
1.710000 0.358537 0.000507 0.000462 0.600000 0.000686
1.836667 0.358537 0.000038 0.000238 0.600000 0.000241
1.963333 0.358537 0.001549 -0.000192 0.600000 0.001561
2.090000 0.358537 0.001706 0.000902 0.600000 0.001930
2.216667 0.358537 0.000592 0.000268 0.600000 0.000650
2.343333 0.358537 0.000229 0.000242 0.600000 0.000333
2.470000 0.358537 0.000044 0.000231 0.600000 0.000235
2.596667 0.358537 -0.000040 0.000206 0.600000 0.000210
2.723333 0.358537 -0.000051 0.000106 0.600000 0.000118
2.850000 0.358537 0.000037 -0.000024 0.600000 0.000044
2.976667 0.358537 0.000214 -0.000134 0.600000 0.000253
3.103333 0.358537 0.000459 -0.000177 0.600000 0.000493
3.230000 0.358537 0.000301 0.000131 0.600000 0.000328
3.356667 0.358537 0.000561 -0.001290 0.600000 0.001407
3.483333 0.358537 0.001039 -0.001644 0.600000 0.001945
3.610000 0.358537 0.000480 -0.001878 0.600000 0.001938
3.736667 0.358537 0.000000 0.000000 0.000000 0.000000
0.063333 0.373171 0.000000 0.000000 0.000000 0.000000
0.190000 0.373171 0.001104 0.002174 0.600000 0.002439
0.316667 0.373171 0.002937 0.001091 0.600000 0.003133
0.443333 0.373171 0.005685 -0.001139 0.600000 0.005798
0.570000 0.373171 0.007284 0.001629 0.600000 0.007464
0.696667 0.373171 0.006736 0.000465 0.600000 0.006752
0.823333 0.373171 0.006261 0.000300 0.600000 0.006268
0.950000 0.373171 0.005536 0.000332 0.600000 0.005545
1.076667 0.373171 0.004771 0.000407 0.600000 0.004789
1.203333 0.373171 0.004013 0.000462 0.600000 0.004039
1.330000 0.373171 0.003303 0.000478 0.600000 0.003337
1.456667 0.373171 0.002642 0.000491 0.600000 0.002688
1.583333 0.373171 0.001918 0.000506 0.600000 0.001984
1.710000 0.373171 0.000224 0.000856 0.600000 0.000885
1.836667 0.373171 -0.000290 0.000080 0.600000 0.000300
1.963333 0.373171 0.001926 -0.000478 0.600000 0.001984
2.090000 0.373171 0.002202 0.001298 0.600000 0.002556
2.216667 0.373171 0.000771 0.000497 0.600000 0.000918
2.343333 0.373171 0.000360 0.000461 0.600000 0.000585
2.470000 0.373171 0.000152 0.000452 0.600000 0.000476
2.596667 0.373171 0.000048 0.000430 0.600000 0.000432
2.723333 0.373171 0.000010 0.000346 0.600000 0.000346
2.850000 0.373171 0.000066 0.000237 0.600000 0.000246
2.976667 0.373171 0.000208 0.000145 0.600000 0.000254
3.103333 0.373171 0.000427 0.000118 0.600000 0.000443
3.230000 0.373171 0.000102 0.000579 0.600000 0.000588
3.356667 0.373171 0.000389 -0.001321 0.600000 0.001377
3.483333 0.373171 0.001031 -0.001543 0.600000 0.001856
3.610000 0.373171 0.000465 -0.001723 0.600000 0.001785
3.736667 0.373171 0.000000 0.000000 0.000000 0.000000
0.063333 0.387805 0.000000 0.000000 0.000000 0.000000
0.190000 0.387805 0.001047 0.001978 0.600000 0.002237
0.316667 0.387805 0.002713 0.000941 0.600000 0.002872
0.443333 0.387805 0.005716 -0.001684 0.599998 0.005959
0.570000 0.387805 0.007574 0.002055 0.600000 0.007848
0.696667 0.387805 0.006896 0.000779 0.600000 0.006940
0.823333 0.387805 0.006378 0.000648 0.600000 0.006411
0.950000 0.387805 0.005631 0.000674 0.600000 0.005671
1.076667 0.387805 0.004860 0.000731 0.600000 0.004914
1.203333 0.387805 0.004101 0.000771 0.600000 0.004172
1.330000 0.387805 0.003394 0.000782 0.600000 0.003483
1.456667 0.387805 0.002739 0.000793 0.600000 0.002852
1.583333 0.387805 0.002032 0.000833 0.600000 0.002196
1.710000 0.387805 -0.000142 0.001451 0.600000 0.001458
1.836667 0.387805 -0.000735 -0.000165 0.600000 0.000753
1.963333 0.387805 0.002410 -0.000876 0.599998 0.002565
2.090000 0.387805 0.002819 0.001854 0.600000 0.003374
2.216667 0.387805 0.000968 0.000821 0.600000 0.001270
2.343333 0.387805 0.000509 0.000775 0.600000 0.000927
2.470000 0.387805 0.000277 0.000766 0.600000 0.000815
2.596667 0.387805 0.000152 0.000750 0.600000 0.000765
2.723333 0.387805 0.000085 0.000686 0.600000 0.000691
2.850000 0.387805 0.000105 0.000605 0.600000 0.000614
2.976667 0.387805 0.000204 0.000537 0.600000 0.000574
3.103333 0.387805 0.000394 0.000533 0.600000 0.000663
3.230000 0.387805 -0.000162 0.001215 0.600000 0.001225
3.356667 0.387805 0.000160 -0.001396 0.599997 0.001406
3.483333 0.387805 0.001033 -0.001438 0.600000 0.001771
3.610000 0.387805 0.000452 -0.001574 0.600000 0.001637
3.736667 0.387805 0.000000 0.000000 0.000000 0.000000
0.063333 0.402439 0.000000 0.000000 0.000000 0.000000
0.190000 0.402439 0.000994 0.001793 0.600000 0.002050
0.316667 0.402439 0.002477 0.000815 0.600000 0.002607
0.443333 0.402439 0.005747 -0.002327 0.599927 0.006201
0.570000 0.402439 0.007931 0.002653 0.599998 0.008363
0.696667 0.402439 0.007118 0.001234 0.600000 0.007224
0.823333 0.402439 0.006513 0.001132 0.600000 0.006610
0.950000 0.402439 0.005732 0.001153 0.600000 0.005847
1.076667 0.402439 0.004948 0.001193 0.600000 0.005090
1.203333 0.402439 0.004186 0.001220 0.600000 0.004360
1.330000 0.402439 0.003480 0.001225 0.600000 0.003690
1.456667 0.402439 0.002831 0.001234 0.600000 0.003088
1.583333 0.402439 0.002166 0.001297 0.600000 0.002525
1.710000 0.402439 -0.000735 0.002364 0.600000 0.002475
1.836667 0.402439 -0.001443 -0.000540 0.599924 0.001541
1.963333 0.402439 0.003080 -0.001432 0.599817 0.003396
2.090000 0.402439 0.003651 0.002665 0.599999 0.004520
2.216667 0.402439 0.001192 0.001296 0.599999 0.001761
2.343333 0.402439 0.000671 0.001237 0.599996 0.001408
2.470000 0.402439 0.000414 0.001230 0.599995 0.001298
2.596667 0.402439 0.000265 0.001221 0.599996 0.001249
2.723333 0.402439 0.000167 0.001178 0.599996 0.001190
2.850000 0.402439 0.000143 0.001124 0.599997 0.001133
2.976667 0.402439 0.000191 0.001080 0.599996 0.001097
3.103333 0.402439 0.000343 0.001098 0.599994 0.001150
3.230000 0.402439 -0.000497 0.002101 0.599990 0.002159
3.356667 0.402439 -0.000117 -0.001531 0.599862 0.001536
3.483333 0.402439 0.001049 -0.001326 0.600000 0.001691
3.610000 0.402439 0.000439 -0.001428 0.600000 0.001494
3.736667 0.402439 0.000000 0.000000 0.000000 0.000000
0.063333 0.417073 0.000000 0.000000 0.000000 0.000000
0.190000 0.417073 0.000947 0.001620 0.600000 0.001877
0.316667 0.417073 0.002222 0.000722 0.600000 0.002336
0.443333 0.417073 -0.003126 -0.002052 0.598072 0.003739
0.570000 0.417073 -0.001388 0.001501 0.517884 0.002044
0.696667 0.417073 0.006339 0.000752 0.513182 0.006384
0.823333 0.417073 0.006403 0.000708 0.512942 0.006442
0.950000 0.417073 0.005863 0.000717 0.513023 0.005906
1.076667 0.417073 0.005273 0.000734 0.513122 0.005323
1.203333 0.417073 0.004696 0.000744 0.513186 0.004754
1.330000 0.417073 0.004197 0.000746 0.513198 0.004263
1.456667 0.417073 0.003851 0.000750 0.513213 0.003924
1.583333 0.417073 0.004068 0.000786 0.513375 0.004143
1.710000 0.417073 0.011236 0.001460 0.517278 0.011331
1.836667 0.417073 0.009171 0.000219 0.594161 0.009173
1.963333 0.417073 -0.007518 -0.000904 0.594241 0.007572
2.090000 0.417073 -0.007905 0.001576 0.517919 0.008061
2.216667 0.417073 -0.000199 0.000791 0.513298 0.000815
2.343333 0.417073 0.000118 0.000758 0.513147 0.000767
2.470000 0.417073 0.000159 0.000755 0.513137 0.000772
2.596667 0.417073 0.000212 0.000752 0.513149 0.000781
2.723333 0.417073 0.000284 0.000736 0.513069 0.000789
2.850000 0.417073 0.000437 0.000714 0.512932 0.000837
2.976667 0.417073 0.000728 0.000697 0.512798 0.001008
3.103333 0.417073 0.001524 0.000711 0.512848 0.001682
3.230000 0.417073 0.008885 0.001307 0.516539 0.008981
3.356667 0.417073 0.008623 -0.000753 0.595460 0.008656
3.483333 0.417073 0.001233 -0.001187 0.599987 0.001712
3.610000 0.417073 0.000427 -0.001287 0.600000 0.001356
3.736667 0.417073 0.000000 0.000000 0.000000 0.000000
0.063333 0.431707 0.000000 0.000000 0.000000 0.000000
0.190000 0.431707 0.000908 0.001456 0.600000 0.001716
0.316667 0.431707 0.002065 0.000655 0.600000 0.002166
0.443333 0.431707 0.001156 -0.001363 0.600000 0.001787
0.570000 0.431707 0.000000 0.000000 0.000000 0.000000
0.696667 0.431707 0.000000 0.000000 0.000000 0.000000
0.823333 0.431707 0.000000 0.000000 0.000000 0.000000
0.950000 0.431707 0.000000 0.000000 0.000000 0.000000
1.076667 0.431707 0.000000 0.000000 0.000000 0.000000
1.203333 0.431707 0.000000 0.000000 0.000000 0.000000
1.330000 0.431707 0.000000 0.000000 0.000000 0.000000
1.456667 0.431707 0.000000 0.000000 0.000000 0.000000
1.583333 0.431707 0.000000 0.000000 0.000000 0.000000
1.710000 0.431707 0.000000 0.000000 0.000000 0.000000
1.836667 0.431707 0.000111 0.001147 0.599877 0.001152
1.963333 0.431707 0.000111 -0.000104 0.599988 0.000152
2.090000 0.431707 0.000000 0.000000 0.000000 0.000000
2.216667 0.431707 0.000000 0.000000 0.000000 0.000000
2.343333 0.431707 0.000000 0.000000 0.000000 0.000000
2.470000 0.431707 0.000000 0.000000 0.000000 0.000000
2.596667 0.431707 0.000000 0.000000 0.000000 0.000000
2.723333 0.431707 0.000000 0.000000 0.000000 0.000000
2.850000 0.431707 0.000000 0.000000 0.000000 0.000000
2.976667 0.431707 0.000000 0.000000 0.000000 0.000000
3.103333 0.431707 0.000000 0.000000 0.000000 0.000000
3.230000 0.431707 0.000000 0.000000 0.000000 0.000000
3.356667 0.431707 0.000820 0.000038 0.599991 0.000821
3.483333 0.431707 0.001232 -0.001022 0.600000 0.001601
3.610000 0.431707 0.000412 -0.001150 0.600000 0.001222
3.736667 0.431707 0.000000 0.000000 0.000000 0.000000
0.063333 0.446341 0.000000 0.000000 0.000000 0.000000
0.190000 0.446341 0.000877 0.001300 0.600000 0.001568
0.316667 0.446341 0.002023 0.000594 0.600000 0.002109
0.443333 0.446341 0.001147 -0.001226 0.600000 0.001679
0.570000 0.446341 0.000000 0.000000 0.000000 0.000000
0.696667 0.446341 0.000000 0.000000 0.000000 0.000000
0.823333 0.446341 0.000000 0.000000 0.000000 0.000000
0.950000 0.446341 0.000000 0.000000 0.000000 0.000000
1.076667 0.446341 0.000000 0.000000 0.000000 0.000000
1.203333 0.446341 0.000000 0.000000 0.000000 0.000000
1.330000 0.446341 0.000000 0.000000 0.000000 0.000000
1.456667 0.446341 0.000000 0.000000 0.000000 0.000000
1.583333 0.446341 0.000000 0.000000 0.000000 0.000000
1.710000 0.446341 0.000000 0.000000 0.000000 0.000000
1.836667 0.446341 0.000123 0.001038 0.599998 0.001045
1.963333 0.446341 0.000123 -0.000192 0.600000 0.000228
2.090000 0.446341 0.000000 0.000000 0.000000 0.000000
2.216667 0.446341 0.000000 0.000000 0.000000 0.000000
2.343333 0.446341 0.000000 0.000000 0.000000 0.000000
2.470000 0.446341 0.000000 0.000000 0.000000 0.000000
2.596667 0.446341 0.000000 0.000000 0.000000 0.000000
2.723333 0.446341 0.000000 0.000000 0.000000 0.000000
2.850000 0.446341 0.000000 0.000000 0.000000 0.000000
2.976667 0.446341 0.000000 0.000000 0.000000 0.000000
3.103333 0.446341 0.000000 0.000000 0.000000 0.000000
3.230000 0.446341 0.000000 0.000000 0.000000 0.000000
3.356667 0.446341 0.000686 -0.000077 0.600000 0.000690
3.483333 0.446341 0.001080 -0.000867 0.600000 0.001385
3.610000 0.446341 0.000395 -0.001018 0.600000 0.001092
3.736667 0.446341 0.000000 0.000000 0.000000 0.000000
0.063333 0.460976 0.000000 0.000000 0.000000 0.000000
0.190000 0.460976 0.000851 0.001151 0.600000 0.001431
0.316667 0.460976 0.001979 0.000529 0.600000 0.002049
0.443333 0.460976 0.001129 -0.001084 0.600000 0.001565
0.570000 0.460976 0.000000 0.000000 0.000000 0.000000
0.696667 0.460976 0.000000 0.000000 0.000000 0.000000
0.823333 0.460976 0.000000 0.000000 0.000000 0.000000
0.950000 0.460976 0.000000 0.000000 0.000000 0.000000
1.076667 0.460976 0.000000 0.000000 0.000000 0.000000
1.203333 0.460976 0.000000 0.000000 0.000000 0.000000
1.330000 0.460976 0.000000 0.000000 0.000000 0.000000
1.456667 0.460976 0.000000 0.000000 0.000000 0.000000
1.583333 0.460976 0.000000 0.000000 0.000000 0.000000
1.710000 0.460976 0.000000 0.000000 0.000000 0.000000
1.836667 0.460976 0.000137 0.000948 0.600000 0.000958
1.963333 0.460976 0.000137 -0.000256 0.600000 0.000290
2.090000 0.460976 0.000000 0.000000 0.000000 0.000000
2.216667 0.460976 0.000000 0.000000 0.000000 0.000000
2.343333 0.460976 0.000000 0.000000 0.000000 0.000000
2.470000 0.460976 0.000000 0.000000 0.000000 0.000000
2.596667 0.460976 0.000000 0.000000 0.000000 0.000000
2.723333 0.460976 0.000000 0.000000 0.000000 0.000000
2.850000 0.460976 0.000000 0.000000 0.000000 0.000000
2.976667 0.460976 0.000000 0.000000 0.000000 0.000000
3.103333 0.460976 0.000000 0.000000 0.000000 0.000000
3.230000 0.460976 0.000000 0.000000 0.000000 0.000000
3.356667 0.460976 0.000584 -0.000142 0.600000 0.000601
3.483333 0.460976 0.000959 -0.000736 0.600000 0.001209
3.610000 0.460976 0.000375 -0.000892 0.600000 0.000968
3.736667 0.460976 0.000000 0.000000 0.000000 0.000000
0.063333 0.475610 0.000000 0.000000 0.000000 0.000000
0.190000 0.475610 0.000830 0.001006 0.600000 0.001304
0.316667 0.475610 0.001937 0.000463 0.600000 0.001991
0.443333 0.475610 0.001107 -0.000944 0.600000 0.001455
0.570000 0.475610 0.000000 0.000000 0.000000 0.000000
0.696667 0.475610 0.000000 0.000000 0.000000 0.000000
0.823333 0.475610 0.000000 0.000000 0.000000 0.000000
0.950000 0.475610 0.000000 0.000000 0.000000 0.000000
1.076667 0.475610 0.000000 0.000000 0.000000 0.000000
1.203333 0.475610 0.000000 0.000000 0.000000 0.000000
1.330000 0.475610 0.000000 0.000000 0.000000 0.000000
1.456667 0.475610 0.000000 0.000000 0.000000 0.000000
1.583333 0.475610 0.000000 0.000000 0.000000 0.000000
1.710000 0.475610 0.000000 0.000000 0.000000 0.000000
1.836667 0.475610 0.000167 0.000869 0.600000 0.000885
1.963333 0.475610 0.000167 -0.000301 0.600000 0.000345
2.090000 0.475610 0.000000 0.000000 0.000000 0.000000
2.216667 0.475610 0.000000 0.000000 0.000000 0.000000
2.343333 0.475610 0.000000 0.000000 0.000000 0.000000
2.470000 0.475610 0.000000 0.000000 0.000000 0.000000
2.596667 0.475610 0.000000 0.000000 0.000000 0.000000
2.723333 0.475610 0.000000 0.000000 0.000000 0.000000
2.850000 0.475610 0.000000 0.000000 0.000000 0.000000
2.976667 0.475610 0.000000 0.000000 0.000000 0.000000
3.103333 0.475610 0.000000 0.000000 0.000000 0.000000
3.230000 0.475610 0.000000 0.000000 0.000000 0.000000
3.356667 0.475610 0.000507 -0.000171 0.600000 0.000535
3.483333 0.475610 0.000865 -0.000622 0.600000 0.001065
3.610000 0.475610 0.000358 -0.000771 0.600000 0.000850
3.736667 0.475610 0.000000 0.000000 0.000000 0.000000
0.063333 0.490244 0.000000 0.000000 0.000000 0.000000
0.190000 0.490244 0.000813 0.000865 0.600000 0.001187
0.316667 0.490244 0.001898 0.000397 0.600000 0.001939
0.443333 0.490244 0.001085 -0.000808 0.600000 0.001353
0.570000 0.490244 0.000000 0.000000 0.000000 0.000000
0.696667 0.490244 0.000000 0.000000 0.000000 0.000000
0.823333 0.490244 0.000000 0.000000 0.000000 0.000000
0.950000 0.490244 0.000000 0.000000 0.000000 0.000000
1.076667 0.490244 0.000000 0.000000 0.000000 0.000000
1.203333 0.490244 0.000000 0.000000 0.000000 0.000000
1.330000 0.490244 0.000000 0.000000 0.000000 0.000000
1.456667 0.490244 0.000000 0.000000 0.000000 0.000000
1.583333 0.490244 0.000000 0.000000 0.000000 0.000000
1.710000 0.490244 0.000000 0.000000 0.000000 0.000000
1.836667 0.490244 0.000209 0.000792 0.600000 0.000819
1.963333 0.490244 0.000209 -0.000330 0.600000 0.000390
2.090000 0.490244 0.000000 0.000000 0.000000 0.000000
2.216667 0.490244 0.000000 0.000000 0.000000 0.000000
2.343333 0.490244 0.000000 0.000000 0.000000 0.000000
2.470000 0.490244 0.000000 0.000000 0.000000 0.000000
2.596667 0.490244 0.000000 0.000000 0.000000 0.000000
2.723333 0.490244 0.000000 0.000000 0.000000 0.000000
2.850000 0.490244 0.000000 0.000000 0.000000 0.000000
2.976667 0.490244 0.000000 0.000000 0.000000 0.000000
3.103333 0.490244 0.000000 0.000000 0.000000 0.000000
3.230000 0.490244 0.000000 0.000000 0.000000 0.000000
3.356667 0.490244 0.000450 -0.000176 0.600000 0.000483
3.483333 0.490244 0.000791 -0.000519 0.600000 0.000946
3.610000 0.490244 0.000341 -0.000656 0.600000 0.000739
3.736667 0.490244 0.000000 0.000000 0.000000 0.000000
0.063333 0.504878 0.000000 0.000000 0.000000 0.000000
0.190000 0.504878 0.000799 0.000728 0.600000 0.001081
0.316667 0.504878 0.001864 0.000333 0.600000 0.001894
0.443333 0.504878 0.001065 -0.000677 0.600000 0.001262
0.570000 0.504878 0.000000 0.000000 0.000000 0.000000
0.696667 0.504878 0.000000 0.000000 0.000000 0.000000
0.823333 0.504878 0.000000 0.000000 0.000000 0.000000
0.950000 0.504878 0.000000 0.000000 0.000000 0.000000
1.076667 0.504878 0.000000 0.000000 0.000000 0.000000
1.203333 0.504878 0.000000 0.000000 0.000000 0.000000
1.330000 0.504878 0.000000 0.000000 0.000000 0.000000
1.456667 0.504878 0.000000 0.000000 0.000000 0.000000
1.583333 0.504878 0.000000 0.000000 0.000000 0.000000
1.710000 0.504878 0.000000 0.000000 0.000000 0.000000
1.836667 0.504878 0.000262 0.000713 0.600000 0.000760
1.963333 0.504878 0.000262 -0.000343 0.600000 0.000431
2.090000 0.504878 0.000000 0.000000 0.000000 0.000000
2.216667 0.504878 0.000000 0.000000 0.000000 0.000000
2.343333 0.504878 0.000000 0.000000 0.000000 0.000000
2.470000 0.504878 0.000000 0.000000 0.000000 0.000000
2.596667 0.504878 0.000000 0.000000 0.000000 0.000000
2.723333 0.504878 0.000000 0.000000 0.000000 0.000000
2.850000 0.504878 0.000000 0.000000 0.000000 0.000000
2.976667 0.504878 0.000000 0.000000 0.000000 0.000000
3.103333 0.504878 0.000000 0.000000 0.000000 0.000000
3.230000 0.504878 0.000000 0.000000 0.000000 0.000000
3.356667 0.504878 0.000407 -0.000163 0.600000 0.000439
3.483333 0.504878 0.000735 -0.000426 0.600000 0.000849
3.610000 0.504878 0.000327 -0.000545 0.600000 0.000636
3.736667 0.504878 0.000000 0.000000 0.000000 0.000000
0.063333 0.519512 0.000000 0.000000 0.000000 0.000000
0.190000 0.519512 0.000789 0.000593 0.600000 0.000987
0.316667 0.519512 0.001838 0.000270 0.600000 0.001858
0.443333 0.519512 0.001049 -0.000551 0.600000 0.001185
0.570000 0.519512 0.000000 0.000000 0.000000 0.000000
0.696667 0.519512 0.000000 0.000000 0.000000 0.000000
0.823333 0.519512 0.000000 0.000000 0.000000 0.000000
0.950000 0.519512 0.000000 0.000000 0.000000 0.000000
1.076667 0.519512 0.000000 0.000000 0.000000 0.000000
1.203333 0.519512 0.000000 0.000000 0.000000 0.000000
1.330000 0.519512 0.000000 0.000000 0.000000 0.000000
1.456667 0.519512 0.000000 0.000000 0.000000 0.000000
1.583333 0.519512 0.000000 0.000000 0.000000 0.000000
1.710000 0.519512 0.000000 0.000000 0.000000 0.000000
1.836667 0.519512 0.000337 0.000626 0.600000 0.000711
1.963333 0.519512 0.000337 -0.000338 0.600000 0.000477
2.090000 0.519512 0.000000 0.000000 0.000000 0.000000
2.216667 0.519512 0.000000 0.000000 0.000000 0.000000
2.343333 0.519512 0.000000 0.000000 0.000000 0.000000
2.470000 0.519512 0.000000 0.000000 0.000000 0.000000
2.596667 0.519512 0.000000 0.000000 0.000000 0.000000
2.723333 0.519512 0.000000 0.000000 0.000000 0.000000
2.850000 0.519512 0.000000 0.000000 0.000000 0.000000
2.976667 0.519512 0.000000 0.000000 0.000000 0.000000
3.103333 0.519512 0.000000 0.000000 0.000000 0.000000
3.230000 0.519512 0.000000 0.000000 0.000000 0.000000
3.356667 0.519512 0.000377 -0.000140 0.600000 0.000403
3.483333 0.519512 0.000694 -0.000339 0.600000 0.000773
3.610000 0.519512 0.000317 -0.000439 0.600000 0.000542
3.736667 0.519512 0.000000 0.000000 0.000000 0.000000
0.063333 0.534146 0.000000 0.000000 0.000000 0.000000
0.190000 0.534146 0.000782 0.000460 0.600000 0.000907
0.316667 0.534146 0.001820 0.000209 0.600000 0.001832
0.443333 0.534146 0.001038 -0.000428 0.600000 0.001123
0.570000 0.534146 0.000000 0.000000 0.000000 0.000000
0.696667 0.534146 0.000000 0.000000 0.000000 0.000000
0.823333 0.534146 0.000000 0.000000 0.000000 0.000000
0.950000 0.534146 0.000000 0.000000 0.000000 0.000000
1.076667 0.534146 0.000000 0.000000 0.000000 0.000000
1.203333 0.534146 0.000000 0.000000 0.000000 0.000000
1.330000 0.534146 0.000000 0.000000 0.000000 0.000000
1.456667 0.534146 0.000000 0.000000 0.000000 0.000000
1.583333 0.534146 0.000000 0.000000 0.000000 0.000000
1.710000 0.534146 0.000000 0.000000 0.000000 0.000000
1.836667 0.534146 0.000420 0.000526 0.600000 0.000673
1.963333 0.534146 0.000420 -0.000313 0.600000 0.000524
2.090000 0.534146 0.000000 0.000000 0.000000 0.000000
2.216667 0.534146 0.000000 0.000000 0.000000 0.000000
2.343333 0.534146 0.000000 0.000000 0.000000 0.000000
2.470000 0.534146 0.000000 0.000000 0.000000 0.000000
2.596667 0.534146 0.000000 0.000000 0.000000 0.000000
2.723333 0.534146 0.000000 0.000000 0.000000 0.000000
2.850000 0.534146 0.000000 0.000000 0.000000 0.000000
2.976667 0.534146 0.000000 0.000000 0.000000 0.000000
3.103333 0.534146 0.000000 0.000000 0.000000 0.000000
3.230000 0.534146 0.000000 0.000000 0.000000 0.000000
3.356667 0.534146 0.000356 -0.000111 0.600000 0.000373
3.483333 0.534146 0.000665 -0.000257 0.600000 0.000713
3.610000 0.534146 0.000309 -0.000337 0.600000 0.000457
3.736667 0.534146 0.000000 0.000000 0.000000 0.000000
0.063333 0.548780 0.000000 0.000000 0.000000 0.000000
0.190000 0.548780 0.000778 0.000328 0.600000 0.000845
0.316667 0.548780 0.001812 0.000149 0.600000 0.001818
0.443333 0.548780 0.001033 -0.000308 0.600000 0.001078
0.570000 0.548780 0.000000 0.000000 0.000000 0.000000
0.696667 0.548780 0.000000 0.000000 0.000000 0.000000
0.823333 0.548780 0.000000 0.000000 0.000000 0.000000
0.950000 0.548780 0.000000 0.000000 0.000000 0.000000
1.076667 0.548780 0.000000 0.000000 0.000000 0.000000
1.203333 0.548780 0.000000 0.000000 0.000000 0.000000
1.330000 0.548780 0.000000 0.000000 0.000000 0.000000
1.456667 0.548780 0.000000 0.000000 0.000000 0.000000
1.583333 0.548780 0.000000 0.000000 0.000000 0.000000
1.710000 0.548780 0.000000 0.000000 0.000000 0.000000
1.836667 0.548780 0.000539 0.000408 0.600000 0.000676
1.963333 0.548780 0.000539 -0.000263 0.600000 0.000600
2.090000 0.548780 0.000000 0.000000 0.000000 0.000000
2.216667 0.548780 0.000000 0.000000 0.000000 0.000000
2.343333 0.548780 0.000000 0.000000 0.000000 0.000000
2.470000 0.548780 0.000000 0.000000 0.000000 0.000000
2.596667 0.548780 0.000000 0.000000 0.000000 0.000000
2.723333 0.548780 0.000000 0.000000 0.000000 0.000000
2.850000 0.548780 0.000000 0.000000 0.000000 0.000000
2.976667 0.548780 0.000000 0.000000 0.000000 0.000000
3.103333 0.548780 0.000000 0.000000 0.000000 0.000000
3.230000 0.548780 0.000000 0.000000 0.000000 0.000000
3.356667 0.548780 0.000345 -0.000078 0.600000 0.000354
3.483333 0.548780 0.000650 -0.000180 0.600000 0.000674
3.610000 0.548780 0.000305 -0.000238 0.600000 0.000387
3.736667 0.548780 0.000000 0.000000 0.000000 0.000000
0.063333 0.563415 0.000000 0.000000 0.000000 0.000000
0.190000 0.563415 0.000778 0.000197 0.600000 0.000802
0.316667 0.563415 0.001814 0.000090 0.600000 0.001816
0.443333 0.563415 0.001036 -0.000187 0.600000 0.001053
0.570000 0.563415 0.000000 0.000000 0.000000 0.000000
0.696667 0.563415 0.000000 0.000000 0.000000 0.000000
0.823333 0.563415 0.000000 0.000000 0.000000 0.000000
0.950000 0.563415 0.000000 0.000000 0.000000 0.000000
1.076667 0.563415 0.000000 0.000000 0.000000 0.000000
1.203333 0.563415 0.000000 0.000000 0.000000 0.000000
1.330000 0.563415 0.000000 0.000000 0.000000 0.000000
1.456667 0.563415 0.000000 0.000000 0.000000 0.000000
1.583333 0.563415 0.000000 0.000000 0.000000 0.000000
1.710000 0.563415 0.000000 0.000000 0.000000 0.000000
1.836667 0.563415 0.000669 0.000265 0.600000 0.000719
1.963333 0.563415 0.000669 -0.000184 0.600000 0.000693
2.090000 0.563415 0.000000 0.000000 0.000000 0.000000
2.216667 0.563415 0.000000 0.000000 0.000000 0.000000
2.343333 0.563415 0.000000 0.000000 0.000000 0.000000
2.470000 0.563415 0.000000 0.000000 0.000000 0.000000
2.596667 0.563415 0.000000 0.000000 0.000000 0.000000
2.723333 0.563415 0.000000 0.000000 0.000000 0.000000
2.850000 0.563415 0.000000 0.000000 0.000000 0.000000
2.976667 0.563415 0.000000 0.000000 0.000000 0.000000
3.103333 0.563415 0.000000 0.000000 0.000000 0.000000
3.230000 0.563415 0.000000 0.000000 0.000000 0.000000
3.356667 0.563415 0.000339 -0.000046 0.600000 0.000342
3.483333 0.563415 0.000643 -0.000106 0.600000 0.000651
3.610000 0.563415 0.000304 -0.000142 0.600000 0.000335
3.736667 0.563415 0.000000 0.000000 0.000000 0.000000
0.063333 0.578049 0.000000 0.000000 0.000000 0.000000
0.190000 0.578049 0.000782 0.000066 0.600000 0.000785
0.316667 0.578049 0.001834 0.000030 0.600000 0.001834
0.443333 0.578049 0.001051 -0.000063 0.600000 0.001053
0.570000 0.578049 0.000000 0.000000 0.000000 0.000000
0.696667 0.578049 0.000000 0.000000 0.000000 0.000000
0.823333 0.578049 0.000000 0.000000 0.000000 0.000000
0.950000 0.578049 0.000000 0.000000 0.000000 0.000000
1.076667 0.578049 0.000000 0.000000 0.000000 0.000000
1.203333 0.578049 0.000000 0.000000 0.000000 0.000000
1.330000 0.578049 0.000000 0.000000 0.000000 0.000000
1.456667 0.578049 0.000000 0.000000 0.000000 0.000000
1.583333 0.578049 0.000000 0.000000 0.000000 0.000000
1.710000 0.578049 0.000000 0.000000 0.000000 0.000000
1.836667 0.578049 0.000835 0.000094 0.600000 0.000840
1.963333 0.578049 0.000835 -0.000068 0.600000 0.000838
2.090000 0.578049 0.000000 0.000000 0.000000 0.000000
2.216667 0.578049 0.000000 0.000000 0.000000 0.000000
2.343333 0.578049 0.000000 0.000000 0.000000 0.000000
2.470000 0.578049 0.000000 0.000000 0.000000 0.000000
2.596667 0.578049 0.000000 0.000000 0.000000 0.000000
2.723333 0.578049 0.000000 0.000000 0.000000 0.000000
2.850000 0.578049 0.000000 0.000000 0.000000 0.000000
2.976667 0.578049 0.000000 0.000000 0.000000 0.000000
3.103333 0.578049 0.000000 0.000000 0.000000 0.000000
3.230000 0.578049 0.000000 0.000000 0.000000 0.000000
3.356667 0.578049 0.000336 -0.000015 0.600000 0.000336
3.483333 0.578049 0.000641 -0.000035 0.600000 0.000642
3.610000 0.578049 0.000305 -0.000047 0.600000 0.000309
3.736667 0.578049 0.000000 0.000000 0.000000 0.000000
0.063333 0.592683 0.000000 0.000000 0.000000 0.000000
0.190000 0.592683 0.000000 0.000000 0.000000 0.000000
0.316667 0.592683 0.000000 0.000000 0.000000 0.000000
0.443333 0.592683 0.000000 0.000000 0.000000 0.000000
0.570000 0.592683 0.000000 0.000000 0.000000 0.000000
0.696667 0.592683 0.000000 0.000000 0.000000 0.000000
0.823333 0.592683 0.000000 0.000000 0.000000 0.000000
0.950000 0.592683 0.000000 0.000000 0.000000 0.000000
1.076667 0.592683 0.000000 0.000000 0.000000 0.000000
1.203333 0.592683 0.000000 0.000000 0.000000 0.000000
1.330000 0.592683 0.000000 0.000000 0.000000 0.000000
1.456667 0.592683 0.000000 0.000000 0.000000 0.000000
1.583333 0.592683 0.000000 0.000000 0.000000 0.000000
1.710000 0.592683 0.000000 0.000000 0.000000 0.000000
1.836667 0.592683 0.000000 0.000000 0.000000 0.000000
1.963333 0.592683 0.000000 0.000000 0.000000 0.000000
2.090000 0.592683 0.000000 0.000000 0.000000 0.000000
2.216667 0.592683 0.000000 0.000000 0.000000 0.000000
2.343333 0.592683 0.000000 0.000000 0.000000 0.000000
2.470000 0.592683 0.000000 0.000000 0.000000 0.000000
2.596667 0.592683 0.000000 0.000000 0.000000 0.000000
2.723333 0.592683 0.000000 0.000000 0.000000 0.000000
2.850000 0.592683 0.000000 0.000000 0.000000 0.000000
2.976667 0.592683 0.000000 0.000000 0.000000 0.000000
3.103333 0.592683 0.000000 0.000000 0.000000 0.000000
3.230000 0.592683 0.000000 0.000000 0.000000 0.000000
3.356667 0.592683 0.000000 0.000000 0.000000 0.000000
3.483333 0.592683 0.000000 0.000000 0.000000 0.000000
3.610000 0.592683 0.000000 0.000000 0.000000 0.000000
3.736667 0.592683 0.000000 0.000000 0.000000 0.000000
