TITLE="(Vx,Vy)"
VARIABLES=X,Y,Vx,Vy,Vm,V
ZONE T="T-Dummy" I=30, J=41, F=POINT
0.063333 0.007317 0.000000 0.000000 0.000000 0.000000
0.190000 0.007317 0.000000 0.000000 0.000000 0.000000
0.316667 0.007317 0.000000 0.000000 0.000000 0.000000
0.443333 0.007317 0.000000 0.000000 0.000000 0.000000
0.570000 0.007317 0.000000 0.000000 0.000000 0.000000
0.696667 0.007317 0.000000 0.000000 0.000000 0.000000
0.823333 0.007317 0.000000 0.000000 0.000000 0.000000
0.950000 0.007317 0.000000 0.000000 0.000000 0.000000
1.076667 0.007317 0.000000 0.000000 0.000000 0.000000
1.203333 0.007317 0.000000 0.000000 0.000000 0.000000
1.330000 0.007317 0.000000 0.000000 0.000000 0.000000
1.456667 0.007317 0.000000 0.000000 0.000000 0.000000
1.583333 0.007317 0.000000 0.000000 0.000000 0.000000
1.710000 0.007317 0.000000 0.000000 0.000000 0.000000
1.836667 0.007317 0.000000 0.000000 0.000000 0.000000
1.963333 0.007317 0.000000 0.000000 0.000000 0.000000
2.090000 0.007317 0.000000 0.000000 0.000000 0.000000
2.216667 0.007317 0.000000 0.000000 0.000000 0.000000
2.343333 0.007317 0.000000 0.000000 0.000000 0.000000
2.470000 0.007317 0.000000 0.000000 0.000000 0.000000
2.596667 0.007317 0.000000 0.000000 0.000000 0.000000
2.723333 0.007317 0.000000 0.000000 0.000000 0.000000
2.850000 0.007317 0.000000 0.000000 0.000000 0.000000
2.976667 0.007317 0.000000 0.000000 0.000000 0.000000
3.103333 0.007317 0.000000 0.000000 0.000000 0.000000
3.230000 0.007317 0.000000 0.000000 0.000000 0.000000
3.356667 0.007317 0.000000 0.000000 0.000000 0.000000
3.483333 0.007317 0.000000 0.000000 0.000000 0.000000
3.610000 0.007317 0.000000 0.000000 0.000000 0.000000
3.736667 0.007317 0.000000 0.000000 0.000000 0.000000
0.063333 0.021951 0.000000 0.000000 0.000000 0.000000
0.190000 0.021951 -0.001952 0.000231 0.900000 0.001966
0.316667 0.021951 -0.004404 0.000062 0.900000 0.004404
0.443333 0.021951 -0.004615 -0.000026 0.900000 0.004615
0.570000 0.021951 -0.003879 -0.000035 0.900000 0.003880
0.696667 0.021951 -0.002302 -0.000090 0.900000 0.002304
0.823333 0.021951 0.000093 -0.000050 0.900000 0.000106
0.950000 0.021951 0.002543 -0.000018 0.900000 0.002543
1.076667 0.021951 0.004931 -0.000007 0.900000 0.004931
1.203333 0.021951 0.007261 -0.000000 0.900000 0.007261
1.330000 0.021951 0.009340 0.000006 0.900000 0.009340
1.456667 0.021951 0.011050 0.000008 0.900000 0.011050
1.583333 0.021951 0.012239 0.000019 0.900000 0.012239
1.710000 0.021951 0.012722 0.000031 0.900000 0.012722
1.836667 0.021951 0.012349 0.000058 0.900000 0.012349
1.963333 0.021951 0.011423 0.000067 0.900000 0.011424
2.090000 0.021951 0.010795 0.000051 0.900000 0.010795
2.216667 0.021951 0.010949 0.000032 0.900000 0.010949
2.343333 0.021951 0.011776 0.000018 0.900000 0.011776
2.470000 0.021951 0.012962 0.000013 0.900000 0.012962
2.596667 0.021951 0.014311 0.000006 0.900000 0.014311
2.723333 0.021951 0.015510 0.000026 0.900000 0.015510
2.850000 0.021951 0.016255 0.000036 0.900000 0.016255
2.976667 0.021951 0.016694 0.000023 0.900000 0.016694
3.103333 0.021951 0.016333 0.000090 0.900000 0.016333
3.230000 0.021951 0.014942 0.000095 0.900000 0.014942
3.356667 0.021951 0.013153 0.000069 0.900000 0.013153
3.483333 0.021951 0.009935 0.000203 0.900000 0.009937
3.610000 0.021951 0.003832 0.000373 0.900000 0.003850
3.736667 0.021951 0.000000 0.000000 0.000000 0.000000
0.063333 0.036585 0.000000 0.000000 0.000000 0.000000
0.190000 0.036585 -0.001964 0.000695 0.900000 0.002083
0.316667 0.036585 -0.004376 0.000181 0.900000 0.004380
0.443333 0.036585 -0.004338 -0.000099 0.900000 0.004339
0.570000 0.036585 -0.001619 -0.000311 0.900000 0.001649
0.696667 0.036585 0.001152 -0.000269 0.900000 0.001183
0.823333 0.036585 0.001910 -0.000097 0.900000 0.001913
0.950000 0.036585 0.002798 -0.000057 0.900000 0.002799
1.076667 0.036585 0.004296 -0.000041 0.900000 0.004296
1.203333 0.036585 0.005919 -0.000022 0.900000 0.005919
1.330000 0.036585 0.007369 -0.000003 0.900000 0.007369
1.456667 0.036585 0.008589 -0.000002 0.900000 0.008589
1.583333 0.036585 0.009623 0.000014 0.900000 0.009623
1.710000 0.036585 0.010467 0.000028 0.900000 0.010467
1.836667 0.036585 0.010979 0.000093 0.900000 0.010979
1.963333 0.036585 0.011146 0.000123 0.900000 0.011147
2.090000 0.036585 0.011302 0.000095 0.900000 0.011303
2.216667 0.036585 0.011694 0.000058 0.900000 0.011694
2.343333 0.036585 0.012334 0.000026 0.900000 0.012334
2.470000 0.036585 0.013183 0.000007 0.900000 0.013183
2.596667 0.036585 0.014197 -0.000013 0.900000 0.014197
2.723333 0.036585 0.015025 0.000049 0.900000 0.015025
2.850000 0.036585 0.015253 0.000090 0.900000 0.015253
2.976667 0.036585 0.014554 0.000107 0.900000 0.014554
3.103333 0.036585 0.013130 0.000223 0.900000 0.013132
3.230000 0.036585 0.013072 0.000091 0.900000 0.013073
3.356667 0.036585 0.012989 0.000188 0.900000 0.012990
3.483333 0.036585 0.009938 0.000605 0.900000 0.009956
3.610000 0.036585 0.003848 0.001121 0.900000 0.004008
3.736667 0.036585 0.000000 0.000000 0.000000 0.000000
0.063333 0.051220 0.000000 0.000000 0.000000 0.000000
0.190000 0.051220 -0.002005 0.001166 0.900000 0.002319
0.316667 0.051220 -0.004415 0.000289 0.900000 0.004424
0.443333 0.051220 -0.004244 -0.000205 0.900000 0.004248
0.570000 0.051220 -0.001898 -0.000737 0.900000 0.002036
0.696667 0.051220 0.000512 -0.000445 0.900000 0.000678
0.823333 0.051220 0.001566 -0.000107 0.900000 0.001569
0.950000 0.051220 0.002680 -0.000102 0.900000 0.002682
1.076667 0.051220 0.004220 -0.000093 0.900000 0.004221
1.203333 0.051220 0.005857 -0.000063 0.900000 0.005857
1.330000 0.051220 0.007309 -0.000033 0.900000 0.007309
1.456667 0.051220 0.008535 -0.000040 0.900000 0.008535
1.583333 0.051220 0.009579 -0.000035 0.900000 0.009579
1.710000 0.051220 0.010434 -0.000040 0.900000 0.010434
1.836667 0.051220 0.010956 0.000044 0.900000 0.010956
1.963333 0.051220 0.011125 0.000099 0.900000 0.011126
2.090000 0.051220 0.011284 0.000082 0.900000 0.011285
2.216667 0.051220 0.011683 0.000047 0.900000 0.011683
2.343333 0.051220 0.012330 0.000008 0.900000 0.012330
2.470000 0.051220 0.013183 -0.000030 0.900000 0.013183
2.596667 0.051220 0.014210 -0.000066 0.900000 0.014210
2.723333 0.051220 0.015057 0.000042 0.900000 0.015057
2.850000 0.051220 0.015316 0.000125 0.900000 0.015317
2.976667 0.051220 0.014773 0.000214 0.900000 0.014775
3.103333 0.051220 0.013646 0.000292 0.900000 0.013649
3.230000 0.051220 0.013405 -0.000076 0.900000 0.013405
3.356667 0.051220 0.013012 0.000282 0.900000 0.013015
3.483333 0.051220 0.010012 0.001001 0.900000 0.010062
3.610000 0.051220 0.003893 0.001875 0.900000 0.004321
3.736667 0.051220 0.000000 0.000000 0.000000 0.000000
0.063333 0.065854 0.000000 0.000000 0.000000 0.000000
0.190000 0.065854 -0.002072 0.001649 0.900000 0.002648
0.316667 0.065854 -0.004505 0.000388 0.900000 0.004521
0.443333 0.065854 -0.004236 -0.000324 0.900000 0.004248
0.570000 0.065854 -0.002177 -0.001065 0.900000 0.002423
0.696667 0.065854 -0.000037 -0.000616 0.900000 0.000617
0.823333 0.065854 0.001245 -0.000153 0.900000 0.001255
0.950000 0.065854 0.002554 -0.000152 0.900000 0.002559
1.076667 0.065854 0.004145 -0.000145 0.900000 0.004148
1.203333 0.065854 0.005799 -0.000104 0.900000 0.005800
1.330000 0.065854 0.007256 -0.000062 0.900000 0.007256
1.456667 0.065854 0.008484 -0.000077 0.900000 0.008485
1.583333 0.065854 0.009534 -0.000084 0.900000 0.009534
1.710000 0.065854 0.010400 -0.000109 0.900000 0.010401
1.836667 0.065854 0.010936 -0.000006 0.900000 0.010936
1.963333 0.065854 0.011112 0.000075 0.900000 0.011112
2.090000 0.065854 0.011273 0.000069 0.900000 0.011273
2.216667 0.065854 0.011675 0.000036 0.900000 0.011675
2.343333 0.065854 0.012324 -0.000011 0.900000 0.012324
2.470000 0.065854 0.013180 -0.000067 0.900000 0.013180
2.596667 0.065854 0.014224 -0.000122 0.900000 0.014225
2.723333 0.065854 0.015096 0.000034 0.900000 0.015096
2.850000 0.065854 0.015391 0.000154 0.900000 0.015391
2.976667 0.065854 0.014994 0.000293 0.900000 0.014997
3.103333 0.065854 0.014107 0.000331 0.900000 0.014111
3.230000 0.065854 0.013739 -0.000189 0.900000 0.013740
3.356667 0.065854 0.013113 0.000366 0.900000 0.013119
3.483333 0.065854 0.010144 0.001393 0.900000 0.010240
3.610000 0.065854 0.003966 0.002643 0.900000 0.004766
3.736667 0.065854 0.000000 0.000000 0.000000 0.000000
0.063333 0.080488 0.000000 0.000000 0.000000 0.000000
0.190000 0.080488 -0.002168 0.002153 0.900000 0.003056
0.316667 0.080488 -0.004648 0.000477 0.900000 0.004672
0.443333 0.080488 -0.004299 -0.000451 0.900000 0.004323
0.570000 0.080488 -0.002458 -0.001322 0.900000 0.002791
0.696667 0.080488 -0.000516 -0.000782 0.900000 0.000937
0.823333 0.080488 0.000946 -0.000227 0.900000 0.000973
0.950000 0.080488 0.002424 -0.000209 0.900000 0.002433
1.076667 0.080488 0.004068 -0.000201 0.900000 0.004073
1.203333 0.080488 0.005742 -0.000145 0.900000 0.005744
1.330000 0.080488 0.007200 -0.000089 0.900000 0.007201
1.456667 0.080488 0.008428 -0.000114 0.900000 0.008428
1.583333 0.080488 0.009480 -0.000134 0.900000 0.009481
1.710000 0.080488 0.010358 -0.000180 0.900000 0.010359
1.836667 0.080488 0.010913 -0.000058 0.900000 0.010914
1.963333 0.080488 0.011103 0.000050 0.900000 0.011103
2.090000 0.080488 0.011267 0.000056 0.900000 0.011267
2.216667 0.080488 0.011669 0.000023 0.900000 0.011669
2.343333 0.080488 0.012316 -0.000031 0.900000 0.012316
2.470000 0.080488 0.013171 -0.000105 0.900000 0.013172
2.596667 0.080488 0.014238 -0.000184 0.900000 0.014239
2.723333 0.080488 0.015138 0.000023 0.900000 0.015138
2.850000 0.080488 0.015469 0.000175 0.900000 0.015470
2.976667 0.080488 0.015202 0.000344 0.900000 0.015206
3.103333 0.080488 0.014511 0.000346 0.900000 0.014515
3.230000 0.080488 0.014069 -0.000269 0.900000 0.014072
3.356667 0.080488 0.013285 0.000443 0.900000 0.013292
3.483333 0.080488 0.010336 0.001782 0.900000 0.010488
3.610000 0.080488 0.004068 0.003430 0.900000 0.005321
3.736667 0.080488 0.000000 0.000000 0.000000 0.000000
0.063333 0.095122 0.000000 0.000000 0.000000 0.000000
0.190000 0.095122 -0.002294 0.002684 0.900000 0.003531
0.316667 0.095122 -0.004845 0.000555 0.900000 0.004877
0.443333 0.095122 -0.004423 -0.000581 0.900000 0.004461
0.570000 0.095122 -0.002741 -0.001526 0.900000 0.003137
0.696667 0.095122 -0.000940 -0.000944 0.900000 0.001332
0.823333 0.095122 0.000667 -0.000326 0.900000 0.000743
0.950000 0.095122 0.002291 -0.000275 0.900000 0.002308
1.076667 0.095122 0.003992 -0.000260 0.900000 0.004000
1.203333 0.095122 0.005687 -0.000187 0.900000 0.005690
1.330000 0.095122 0.007146 -0.000116 0.900000 0.007147
1.456667 0.095122 0.008367 -0.000150 0.900000 0.008368
1.583333 0.095122 0.009417 -0.000183 0.900000 0.009419
1.710000 0.095122 0.010307 -0.000255 0.900000 0.010310
1.836667 0.095122 0.010890 -0.000115 0.900000 0.010891
1.963333 0.095122 0.011100 0.000022 0.900000 0.011100
2.090000 0.095122 0.011269 0.000040 0.900000 0.011269
2.216667 0.095122 0.011668 0.000009 0.900000 0.011668
2.343333 0.095122 0.012307 -0.000052 0.900000 0.012307
2.470000 0.095122 0.013159 -0.000146 0.900000 0.013160
2.596667 0.095122 0.014253 -0.000255 0.900000 0.014255
2.723333 0.095122 0.015185 0.000006 0.900000 0.015185
2.850000 0.095122 0.015550 0.000187 0.900000 0.015551
2.976667 0.095122 0.015397 0.000370 0.900000 0.015401
3.103333 0.095122 0.014868 0.000340 0.900000 0.014872
3.230000 0.095122 0.014400 -0.000331 0.900000 0.014404
3.356667 0.095122 0.013520 0.000515 0.900000 0.013530
3.483333 0.095122 0.010588 0.002168 0.900000 0.010808
3.610000 0.095122 0.004199 0.004243 0.900000 0.005970
3.736667 0.095122 0.000000 0.000000 0.000000 0.000000
0.063333 0.109756 0.000000 0.000000 0.000000 0.000000
0.190000 0.109756 -0.002452 0.003249 0.900000 0.004071
0.316667 0.109756 -0.005097 0.000621 0.900000 0.005135
0.443333 0.109756 -0.004596 -0.000713 0.900000 0.004651
0.570000 0.109756 -0.003025 -0.001692 0.900000 0.003465
0.696667 0.109756 -0.001321 -0.001103 0.900000 0.001720
0.823333 0.109756 0.000406 -0.000446 0.900000 0.000603
0.950000 0.109756 0.002158 -0.000351 0.900000 0.002186
1.076667 0.109756 0.003914 -0.000325 0.900000 0.003928
1.203333 0.109756 0.005634 -0.000232 0.900000 0.005639
1.330000 0.109756 0.007091 -0.000143 0.900000 0.007092
1.456667 0.109756 0.008301 -0.000188 0.900000 0.008303
1.583333 0.109756 0.009345 -0.000234 0.900000 0.009348
1.710000 0.109756 0.010247 -0.000333 0.900000 0.010253
1.836667 0.109756 0.010863 -0.000176 0.900000 0.010865
1.963333 0.109756 0.011101 -0.000009 0.900000 0.011101
2.090000 0.109756 0.011277 0.000023 0.900000 0.011277
2.216667 0.109756 0.011670 -0.000007 0.900000 0.011670
2.343333 0.109756 0.012296 -0.000075 0.900000 0.012296
2.470000 0.109756 0.013140 -0.000190 0.900000 0.013141
2.596667 0.109756 0.014265 -0.000338 0.900000 0.014269
2.723333 0.109756 0.015234 -0.000016 0.900000 0.015234
2.850000 0.109756 0.015630 0.000189 0.900000 0.015631
2.976667 0.109756 0.015575 0.000372 0.900000 0.015579
3.103333 0.109756 0.015184 0.000314 0.900000 0.015188
3.230000 0.109756 0.014733 -0.000390 0.900000 0.014738
3.356667 0.109756 0.013813 0.000582 0.900000 0.013825
3.483333 0.109756 0.010902 0.002552 0.900000 0.011197
3.610000 0.109756 0.004363 0.005089 0.900000 0.006703
3.736667 0.109756 0.000000 0.000000 0.000000 0.000000
0.063333 0.124390 0.000000 0.000000 0.000000 0.000000
0.190000 0.124390 -0.002645 0.003857 0.900000 0.004677
0.316667 0.124390 -0.005405 0.000672 0.900000 0.005447
0.443333 0.124390 -0.004810 -0.000847 0.900000 0.004884
0.570000 0.124390 -0.003309 -0.001831 0.900000 0.003781
0.696667 0.124390 -0.001665 -0.001260 0.900000 0.002088
0.823333 0.124390 0.000162 -0.000585 0.900000 0.000607
0.950000 0.124390 0.002026 -0.000437 0.900000 0.002072
1.076667 0.124390 0.003838 -0.000398 0.900000 0.003859
1.203333 0.124390 0.005583 -0.000281 0.900000 0.005590
1.330000 0.124390 0.007036 -0.000171 0.900000 0.007038
1.456667 0.124390 0.008230 -0.000227 0.900000 0.008233
1.583333 0.124390 0.009263 -0.000286 0.900000 0.009268
1.710000 0.124390 0.010178 -0.000416 0.900000 0.010186
1.836667 0.124390 0.010834 -0.000245 0.900000 0.010837
1.963333 0.124390 0.011107 -0.000044 0.900000 0.011108
2.090000 0.124390 0.011291 0.000003 0.900000 0.011291
2.216667 0.124390 0.011676 -0.000027 0.900000 0.011676
2.343333 0.124390 0.012283 -0.000100 0.900000 0.012283
2.470000 0.124390 0.013114 -0.000240 0.900000 0.013116
2.596667 0.124390 0.014277 -0.000435 0.900000 0.014284
2.723333 0.124390 0.015285 -0.000045 0.900000 0.015285
2.850000 0.124390 0.015708 0.000178 0.900000 0.015709
2.976667 0.124390 0.015737 0.000353 0.900000 0.015741
3.103333 0.124390 0.015466 0.000269 0.900000 0.015468
3.230000 0.124390 0.015072 -0.000458 0.900000 0.015078
3.356667 0.124390 0.014162 0.000643 0.900000 0.014177
3.483333 0.124390 0.011281 0.002932 0.900000 0.011655
3.610000 0.124390 0.004559 0.005976 0.900000 0.007516
3.736667 0.124390 0.000000 0.000000 0.000000 0.000000
0.063333 0.139024 0.000000 0.000000 0.000000 0.000000
0.190000 0.139024 -0.002876 0.004516 0.900000 0.005354
0.316667 0.139024 -0.005771 0.000704 0.900000 0.005814
0.443333 0.139024 -0.005060 -0.000981 0.900000 0.005154
0.570000 0.139024 -0.003593 -0.001951 0.900000 0.004088
0.696667 0.139024 -0.001983 -0.001416 0.900000 0.002437
0.823333 0.139024 -0.000067 -0.000741 0.900000 0.000744
0.950000 0.139024 0.001896 -0.000535 0.900000 0.001970
1.076667 0.139024 0.003763 -0.000480 0.900000 0.003793
1.203333 0.139024 0.005534 -0.000336 0.900000 0.005545
1.330000 0.139024 0.006982 -0.000201 0.900000 0.006984
1.456667 0.139024 0.008154 -0.000268 0.900000 0.008159
1.583333 0.139024 0.009173 -0.000341 0.900000 0.009179
1.710000 0.139024 0.010098 -0.000506 0.900000 0.010111
1.836667 0.139024 0.010801 -0.000322 0.900000 0.010806
1.963333 0.139024 0.011119 -0.000085 0.900000 0.011119
2.090000 0.139024 0.011311 -0.000020 0.900000 0.011311
2.216667 0.139024 0.011685 -0.000053 0.900000 0.011685
2.343333 0.139024 0.012268 -0.000130 0.900000 0.012268
2.470000 0.139024 0.013080 -0.000296 0.900000 0.013083
2.596667 0.139024 0.014287 -0.000551 0.900000 0.014298
2.723333 0.139024 0.015338 -0.000082 0.900000 0.015338
2.850000 0.139024 0.015781 0.000154 0.900000 0.015781
2.976667 0.139024 0.015880 0.000313 0.900000 0.015883
3.103333 0.139024 0.015717 0.000202 0.900000 0.015718
3.230000 0.139024 0.015418 -0.000549 0.900000 0.015428
3.356667 0.139024 0.014566 0.000697 0.900000 0.014583
3.483333 0.139024 0.011725 0.003308 0.900000 0.012183
3.610000 0.139024 0.004793 0.006910 0.900000 0.008410
3.736667 0.139024 0.000000 0.000000 0.000000 0.000000
0.063333 0.153659 0.000000 0.000000 0.000000 0.000000
0.190000 0.153659 -0.003149 0.005236 0.900000 0.006110
0.316667 0.153659 -0.006197 0.000713 0.900000 0.006238
0.443333 0.153659 -0.005339 -0.001119 0.900000 0.005455
0.570000 0.153659 -0.003876 -0.002060 0.900000 0.004390
0.696667 0.153659 -0.002278 -0.001572 0.900000 0.002768
0.823333 0.153659 -0.000284 -0.000913 0.900000 0.000957
0.950000 0.153659 0.001768 -0.000645 0.900000 0.001882
1.076667 0.153659 0.003688 -0.000573 0.900000 0.003732
1.203333 0.153659 0.005488 -0.000399 0.900000 0.005502
1.330000 0.153659 0.006927 -0.000234 0.900000 0.006931
1.456667 0.153659 0.008073 -0.000312 0.900000 0.008079
1.583333 0.153659 0.009071 -0.000399 0.900000 0.009080
1.710000 0.153659 0.010007 -0.000603 0.900000 0.010025
1.836667 0.153659 0.010764 -0.000410 0.900000 0.010772
1.963333 0.153659 0.011134 -0.000133 0.900000 0.011135
2.090000 0.153659 0.011335 -0.000049 0.900000 0.011335
2.216667 0.153659 0.011696 -0.000085 0.900000 0.011697
2.343333 0.153659 0.012249 -0.000165 0.900000 0.012250
2.470000 0.153659 0.013036 -0.000359 0.900000 0.013041
2.596667 0.153659 0.014294 -0.000691 0.900000 0.014310
2.723333 0.153659 0.015392 -0.000129 0.900000 0.015393
2.850000 0.153659 0.015845 0.000115 0.900000 0.015846
2.976667 0.153659 0.016003 0.000251 0.900000 0.016005
3.103333 0.153659 0.015938 0.000112 0.900000 0.015938
3.230000 0.153659 0.015774 -0.000675 0.900000 0.015789
3.356667 0.153659 0.015025 0.000742 0.900000 0.015043
3.483333 0.153659 0.012239 0.003679 0.900000 0.012780
3.610000 0.153659 0.005065 0.007903 0.900000 0.009387
3.736667 0.153659 0.000000 0.000000 0.000000 0.000000
0.063333 0.168293 0.000000 0.000000 0.000000 0.000000
0.190000 0.168293 -0.003470 0.006028 0.900000 0.006955
0.316667 0.168293 -0.006686 0.000692 0.900000 0.006721
0.443333 0.168293 -0.005643 -0.001260 0.900000 0.005782
0.570000 0.168293 -0.004160 -0.002163 0.900000 0.004688
0.696667 0.168293 -0.002557 -0.001729 0.900000 0.003087
0.823333 0.168293 -0.000490 -0.001102 0.900000 0.001206
0.950000 0.168293 0.001644 -0.000767 0.900000 0.001814
1.076667 0.168293 0.003616 -0.000680 0.900000 0.003679
1.203333 0.168293 0.005447 -0.000471 0.900000 0.005467
1.330000 0.168293 0.006876 -0.000272 0.900000 0.006882
1.456667 0.168293 0.007989 -0.000361 0.900000 0.007997
1.583333 0.168293 0.008962 -0.000461 0.900000 0.008973
1.710000 0.168293 0.009906 -0.000707 0.900000 0.009931
1.836667 0.168293 0.010724 -0.000510 0.900000 0.010736
1.963333 0.168293 0.011155 -0.000187 0.900000 0.011157
2.090000 0.168293 0.011366 -0.000084 0.900000 0.011366
2.216667 0.168293 0.011712 -0.000128 0.900000 0.011713
2.343333 0.168293 0.012229 -0.000208 0.900000 0.012230
2.470000 0.168293 0.012981 -0.000432 0.900000 0.012988
2.596667 0.168293 0.014299 -0.000860 0.900000 0.014325
2.723333 0.168293 0.015449 -0.000187 0.900000 0.015450
2.850000 0.168293 0.015903 0.000059 0.900000 0.015903
2.976667 0.168293 0.016106 0.000168 0.900000 0.016107
3.103333 0.168293 0.016132 -0.000006 0.900000 0.016132
3.230000 0.168293 0.016144 -0.000850 0.899988 0.016167
3.356667 0.168293 0.015538 0.000778 0.899995 0.015558
3.483333 0.168293 0.012799 0.004044 0.900000 0.013422
3.610000 0.168293 0.005354 0.008948 0.900000 0.010428
3.736667 0.168293 0.000000 0.000000 0.000000 0.000000
0.063333 0.182927 0.000000 0.000000 0.000000 0.000000
0.190000 0.182927 -0.003843 0.006903 0.900000 0.007900
0.316667 0.182927 -0.007241 0.000634 0.900000 0.007269
0.443333 0.182927 -0.005967 -0.001407 0.899998 0.006130
0.570000 0.182927 -0.004443 -0.002262 0.899999 0.004985
0.696667 0.182927 -0.002824 -0.001886 0.899999 0.003396
0.823333 0.182927 -0.000688 -0.001306 0.900000 0.001476
0.950000 0.182927 0.001522 -0.000904 0.900000 0.001770
1.076667 0.182927 0.003542 -0.000803 0.900000 0.003632
1.203333 0.182927 0.005406 -0.000555 0.900000 0.005435
1.330000 0.182927 0.006824 -0.000317 0.900000 0.006831
1.456667 0.182927 0.007898 -0.000415 0.900000 0.007909
1.583333 0.182927 0.008839 -0.000528 0.900000 0.008855
1.710000 0.182927 0.009789 -0.000820 0.900000 0.009823
1.836667 0.182927 0.010675 -0.000624 0.900000 0.010693
1.963333 0.182927 0.011178 -0.000250 0.900000 0.011181
2.090000 0.182927 0.011398 -0.000128 0.900000 0.011399
2.216667 0.182927 0.011729 -0.000183 0.900000 0.011730
2.343333 0.182927 0.012203 -0.000260 0.899999 0.012205
2.470000 0.182927 0.012910 -0.000514 0.899999 0.012920
2.596667 0.182927 0.014295 -0.001064 0.899985 0.014335
2.723333 0.182927 0.015502 -0.000257 0.899974 0.015504
2.850000 0.182927 0.015945 -0.000016 0.899966 0.015945
2.976667 0.182927 0.016181 0.000062 0.899953 0.016181
3.103333 0.182927 0.016268 -0.000151 0.899946 0.016269
3.230000 0.182927 0.016411 -0.001079 0.899340 0.016446
3.356667 0.182927 0.016190 0.000769 0.899001 0.016209
3.483333 0.182927 0.014156 0.004360 0.899949 0.014812
3.610000 0.182927 0.006239 0.010213 0.899984 0.011968
3.736667 0.182927 0.000000 0.000000 0.000000 0.000000
0.063333 0.197561 0.000000 0.000000 0.000000 0.000000
0.190000 0.197561 -0.004265 0.007872 0.900000 0.008953
0.316667 0.197561 -0.007858 0.000529 0.899998 0.007876
0.443333 0.197561 -0.006306 -0.001561 0.899935 0.006497
0.570000 0.197561 -0.004724 -0.002361 0.899973 0.005281
0.696667 0.197561 -0.003081 -0.002043 0.899965 0.003697
0.823333 0.197561 -0.000876 -0.001527 0.899979 0.001760
0.950000 0.197561 0.001405 -0.001054 0.899994 0.001756
1.076667 0.197561 0.003473 -0.000944 0.899996 0.003599
1.203333 0.197561 0.005373 -0.000653 0.899998 0.005413
1.330000 0.197561 0.006778 -0.000370 0.900000 0.006788
1.456667 0.197561 0.007806 -0.000478 0.900000 0.007821
1.583333 0.197561 0.008710 -0.000601 0.899999 0.008731
1.710000 0.197561 0.009661 -0.000942 0.899999 0.009707
1.836667 0.197561 0.010622 -0.000755 0.899995 0.010649
1.963333 0.197561 0.011207 -0.000322 0.899997 0.011212
2.090000 0.197561 0.011435 -0.000181 0.899994 0.011437
2.216667 0.197561 0.011750 -0.000256 0.899968 0.011753
2.343333 0.197561 0.012175 -0.000323 0.899942 0.012179
2.470000 0.197561 0.012809 -0.000604 0.899904 0.012823
2.596667 0.197561 0.014191 -0.001302 0.899431 0.014251
2.723333 0.197561 0.015414 -0.000338 0.898635 0.015418
2.850000 0.197561 0.015820 -0.000100 0.897749 0.015821
2.976667 0.197561 0.016096 -0.000063 0.896338 0.016096
3.103333 0.197561 0.015385 -0.000207 0.895368 0.015386
3.230000 0.197561 0.010256 -0.000613 0.883589 0.010274
3.356667 0.197561 0.005014 0.000787 0.827247 0.005076
3.483333 0.197561 0.003666 0.004431 0.769721 0.005751
3.610000 0.197561 0.001644 0.011068 0.747921 0.011190
3.736667 0.197561 0.000000 0.000000 0.000000 0.000000
0.063333 0.212195 0.000000 0.000000 0.000000 0.000000
0.190000 0.212195 -0.005091 0.009007 0.899990 0.010346
0.316667 0.212195 -0.008931 0.000333 0.899780 0.008937
0.443333 0.212195 -0.006658 -0.001732 0.898248 0.006879
0.570000 0.212195 -0.004967 -0.002454 0.899201 0.005540
0.696667 0.212195 -0.003329 -0.002197 0.899077 0.003989
0.823333 0.212195 -0.001038 -0.001761 0.899369 0.002044
0.950000 0.212195 0.001303 -0.001215 0.899755 0.001782
1.076667 0.212195 0.003405 -0.001103 0.899798 0.003580
1.203333 0.212195 0.005345 -0.000767 0.899872 0.005400
1.330000 0.212195 0.006734 -0.000432 0.899966 0.006748
1.456667 0.212195 0.007706 -0.000550 0.899955 0.007725
1.583333 0.212195 0.008566 -0.000681 0.899931 0.008593
1.710000 0.212195 0.009485 -0.001069 0.899909 0.009545
1.836667 0.212195 0.010498 -0.000906 0.899476 0.010537
1.963333 0.212195 0.011189 -0.000406 0.899346 0.011196
2.090000 0.212195 0.011406 -0.000239 0.899119 0.011409
2.216667 0.212195 0.011685 -0.000334 0.897670 0.011689
2.343333 0.212195 0.012068 -0.000373 0.896523 0.012074
2.470000 0.212195 0.011558 -0.000545 0.895243 0.011571
2.596667 0.212195 0.008138 -0.001003 0.881125 0.008200
2.723333 0.212195 0.005798 -0.000382 0.829895 0.005811
2.850000 0.212195 0.006725 -0.000176 0.775113 0.006727
2.976667 0.212195 0.007563 -0.000160 0.718324 0.007565
3.103333 0.212195 0.006933 -0.000087 0.658817 0.006934
3.230000 0.212195 0.001281 0.000672 0.606381 0.001447
3.356667 0.212195 -0.005149 0.001007 0.601503 0.005247
3.483333 0.212195 -0.006951 0.004322 0.617594 0.008185
3.610000 0.212195 -0.003505 0.010704 0.640127 0.011263
3.736667 0.212195 0.000000 0.000000 0.000000 0.000000
0.063333 0.226829 0.000000 0.000000 0.000000 0.000000
0.190000 0.226829 -0.000912 0.009675 0.857319 0.009718
0.316667 0.226829 -0.005693 0.000681 0.892367 0.005733
0.443333 0.226829 -0.007043 -0.002079 0.870967 0.007344
0.570000 0.226829 -0.004583 -0.002434 0.883800 0.005189
0.696667 0.226829 -0.003475 -0.002337 0.883159 0.004187
0.823333 0.226829 -0.000821 -0.001977 0.886856 0.002140
0.950000 0.226829 0.001474 -0.001308 0.893351 0.001971
1.076667 0.226829 0.003400 -0.001224 0.893963 0.003613
1.203333 0.226829 0.005459 -0.000848 0.895160 0.005524
1.330000 0.226829 0.006807 -0.000449 0.897499 0.006822
1.456667 0.226829 0.007587 -0.000593 0.896894 0.007610
1.583333 0.226829 0.008391 -0.000741 0.895792 0.008423
1.710000 0.226829 0.007273 -0.000949 0.895319 0.007335
1.836667 0.226829 0.004614 -0.000850 0.874678 0.004692
1.963333 0.226829 0.003655 -0.000458 0.835412 0.003684
2.090000 0.226829 0.004333 -0.000291 0.791190 0.004342
2.216667 0.226829 0.005529 -0.000394 0.746011 0.005543
2.343333 0.226829 0.006635 -0.000384 0.699258 0.006646
2.470000 0.226829 0.006530 -0.000300 0.648546 0.006537
2.596667 0.226829 0.002770 -0.000046 0.605950 0.002770
2.723333 0.226829 -0.000817 -0.000238 0.603086 0.000851
2.850000 0.226829 -0.001298 -0.000113 0.602290 0.001302
2.976667 0.226829 -0.001712 -0.000086 0.600928 0.001714
3.103333 0.226829 -0.002642 0.000119 0.600447 0.002645
3.230000 0.226829 -0.003717 0.001386 0.600111 0.003967
3.356667 0.226829 -0.005001 0.001251 0.600014 0.005155
3.483333 0.226829 -0.005897 0.004229 0.601006 0.007257
3.610000 0.226829 -0.002978 0.009797 0.606590 0.010239
3.736667 0.226829 0.000000 0.000000 0.000000 0.000000
0.063333 0.241463 0.000000 0.000000 0.000000 0.000000
0.190000 0.241463 0.003819 0.009225 0.688290 0.009984
0.316667 0.241463 0.002955 0.001656 0.637114 0.003387
0.443333 0.241463 -0.000611 -0.002483 0.681642 0.002557
0.570000 0.241463 -0.000747 -0.002175 0.709735 0.002300
0.696667 0.241463 -0.001893 -0.002303 0.728584 0.002981
0.823333 0.241463 -0.001422 -0.001973 0.739493 0.002432
0.950000 0.241463 -0.000811 -0.001200 0.741863 0.001448
1.076667 0.241463 -0.000214 -0.001148 0.738731 0.001167
1.203333 0.241463 0.000450 -0.000757 0.727881 0.000881
1.330000 0.241463 0.001075 -0.000348 0.711137 0.001130
1.456667 0.241463 0.001630 -0.000535 0.688323 0.001715
1.583333 0.241463 0.002442 -0.000737 0.657980 0.002551
1.710000 0.241463 0.001851 -0.000579 0.620712 0.001939
1.836667 0.241463 -0.000500 -0.000532 0.602783 0.000730
1.963333 0.241463 -0.001633 -0.000426 0.600975 0.001688
2.090000 0.241463 -0.001268 -0.000262 0.602952 0.001295
2.216667 0.241463 -0.000815 -0.000336 0.603347 0.000882
2.343333 0.241463 -0.000934 -0.000259 0.602411 0.000970
2.470000 0.241463 -0.001278 -0.000040 0.601201 0.001278
2.596667 0.241463 -0.001118 0.000534 0.600179 0.001239
2.723333 0.241463 -0.001082 0.000010 0.600072 0.001083
2.850000 0.241463 -0.001417 0.000068 0.600049 0.001418
2.976667 0.241463 -0.001804 0.000106 0.600015 0.001807
3.103333 0.241463 -0.002624 0.000324 0.600007 0.002644
3.230000 0.241463 -0.003620 0.001429 0.600001 0.003892
3.356667 0.241463 -0.004703 0.001361 0.600000 0.004896
3.483333 0.241463 -0.005214 0.004109 0.600041 0.006638
3.610000 0.241463 -0.002537 0.009008 0.600727 0.009359
3.736667 0.241463 0.000000 0.000000 0.000000 0.000000
0.063333 0.256098 0.000000 0.000000 0.000000 0.000000
0.190000 0.256098 0.003572 0.008285 0.616342 0.009022
0.316667 0.256098 0.007290 0.002101 0.601164 0.007587
0.443333 0.256098 0.006024 -0.002483 0.600009 0.006515
0.570000 0.256098 0.002811 -0.001725 0.600000 0.003298
0.696667 0.256098 -0.000127 -0.001980 0.600000 0.001984
0.823333 0.256098 -0.002035 -0.001670 0.600027 0.002632
0.950000 0.256098 -0.002941 -0.000951 0.602455 0.003091
1.076667 0.256098 -0.003407 -0.000885 0.603192 0.003520
1.203333 0.256098 -0.003910 -0.000519 0.604325 0.003944
1.330000 0.256098 -0.003887 -0.000188 0.605902 0.003892
1.456667 0.256098 -0.003824 -0.000371 0.604391 0.003842
1.583333 0.256098 -0.003842 -0.000640 0.602221 0.003895
1.710000 0.256098 -0.003043 -0.000415 0.600610 0.003071
1.836667 0.256098 -0.002154 -0.000352 0.600021 0.002182
1.963333 0.256098 -0.001642 -0.000397 0.600002 0.001690
2.090000 0.256098 -0.001143 -0.000161 0.600055 0.001154
2.216667 0.256098 -0.000893 -0.000183 0.600097 0.000911
2.343333 0.256098 -0.001071 -0.000036 0.600080 0.001072
2.470000 0.256098 -0.001355 0.000179 0.600042 0.001367
2.596667 0.256098 -0.001178 0.000619 0.600005 0.001331
2.723333 0.256098 -0.001124 0.000194 0.600002 0.001140
2.850000 0.256098 -0.001433 0.000222 0.600001 0.001450
2.976667 0.256098 -0.001812 0.000266 0.600000 0.001832
3.103333 0.256098 -0.002547 0.000492 0.600000 0.002594
3.230000 0.256098 -0.003478 0.001466 0.600000 0.003774
3.356667 0.256098 -0.004424 0.001428 0.600000 0.004649
3.483333 0.256098 -0.004704 0.003955 0.600001 0.006146
3.610000 0.256098 -0.002238 0.008305 0.600058 0.008602
3.736667 0.256098 0.000000 0.000000 0.000000 0.000000
0.063333 0.270732 0.000000 0.000000 0.000000 0.000000
0.190000 0.270732 0.002942 0.007467 0.601894 0.008026
0.316667 0.270732 0.006238 0.001977 0.600032 0.006544
0.443333 0.270732 0.005484 -0.002222 0.600000 0.005917
0.570000 0.270732 0.002648 -0.001233 0.600000 0.002920
0.696667 0.270732 -0.000127 -0.001558 0.600000 0.001564
0.823333 0.270732 -0.001815 -0.001303 0.600000 0.002234
0.950000 0.270732 -0.002702 -0.000702 0.600070 0.002792
1.076667 0.270732 -0.003274 -0.000610 0.600111 0.003330
1.203333 0.270732 -0.003758 -0.000292 0.600182 0.003769
1.330000 0.270732 -0.003899 -0.000038 0.600300 0.003900
1.456667 0.270732 -0.004023 -0.000190 0.600204 0.004028
1.583333 0.270732 -0.004056 -0.000512 0.600083 0.004088
1.710000 0.270732 -0.003250 -0.000477 0.600016 0.003285
1.836667 0.270732 -0.002256 -0.000367 0.600000 0.002286
1.963333 0.270732 -0.001584 -0.000428 0.600000 0.001641
2.090000 0.270732 -0.001072 -0.000071 0.600001 0.001075
2.216667 0.270732 -0.000903 -0.000054 0.600002 0.000904
2.343333 0.270732 -0.001069 0.000142 0.600002 0.001079
2.470000 0.270732 -0.001310 0.000351 0.600001 0.001357
2.596667 0.270732 -0.001178 0.000680 0.600000 0.001361
2.723333 0.270732 -0.001156 0.000336 0.600000 0.001204
2.850000 0.270732 -0.001449 0.000343 0.600000 0.001489
2.976667 0.270732 -0.001820 0.000389 0.600000 0.001861
3.103333 0.270732 -0.002476 0.000615 0.600000 0.002552
3.230000 0.270732 -0.003338 0.001492 0.600000 0.003657
3.356667 0.270732 -0.004154 0.001460 0.600000 0.004403
3.483333 0.270732 -0.004252 0.003782 0.600000 0.005691
3.610000 0.270732 -0.001985 0.007664 0.600003 0.007917
3.736667 0.270732 0.000000 0.000000 0.000000 0.000000
0.063333 0.285366 0.000000 0.000000 0.000000 0.000000
0.190000 0.285366 0.002587 0.006769 0.600151 0.007246
0.316667 0.285366 0.005564 0.001829 0.600001 0.005857
0.443333 0.285366 0.005107 -0.002028 0.600000 0.005495
0.570000 0.285366 0.002575 -0.000769 0.600000 0.002687
0.696667 0.285366 -0.000100 -0.001187 0.600000 0.001191
0.823333 0.285366 -0.001717 -0.000994 0.600000 0.001984
0.950000 0.285366 -0.002624 -0.000477 0.600002 0.002667
1.076667 0.285366 -0.003221 -0.000378 0.600003 0.003243
1.203333 0.285366 -0.003697 -0.000110 0.600006 0.003698
1.330000 0.285366 -0.003870 0.000093 0.600013 0.003871
1.456667 0.285366 -0.004005 -0.000051 0.600008 0.004006
1.583333 0.285366 -0.004054 -0.000421 0.600003 0.004076
1.710000 0.285366 -0.003345 -0.000563 0.600000 0.003392
1.836667 0.285366 -0.002340 -0.000405 0.600000 0.002375
1.963333 0.285366 -0.001516 -0.000482 0.600000 0.001591
2.090000 0.285366 -0.000989 0.000008 0.600000 0.000989
2.216667 0.285366 -0.000905 0.000040 0.600000 0.000906
2.343333 0.285366 -0.001065 0.000268 0.600000 0.001098
2.470000 0.285366 -0.001272 0.000471 0.600000 0.001356
2.596667 0.285366 -0.001179 0.000713 0.600000 0.001378
2.723333 0.285366 -0.001186 0.000432 0.600000 0.001263
2.850000 0.285366 -0.001467 0.000425 0.600000 0.001527
2.976667 0.285366 -0.001829 0.000472 0.600000 0.001889
3.103333 0.285366 -0.002414 0.000692 0.600000 0.002511
3.230000 0.285366 -0.003203 0.001502 0.600000 0.003537
3.356667 0.285366 -0.003890 0.001462 0.600000 0.004156
3.483333 0.285366 -0.003839 0.003599 0.600000 0.005262
3.610000 0.285366 -0.001760 0.007076 0.600000 0.007291
3.736667 0.285366 0.000000 0.000000 0.000000 0.000000
0.063333 0.300000 0.000000 0.000000 0.000000 0.000000
0.190000 0.300000 0.002300 0.006146 0.600009 0.006563
0.316667 0.300000 0.004976 0.001683 0.600000 0.005253
0.443333 0.300000 0.004750 -0.001893 0.600000 0.005113
0.570000 0.300000 0.002505 -0.000333 0.600000 0.002527
0.696667 0.300000 -0.000069 -0.000858 0.600000 0.000861
0.823333 0.300000 -0.001620 -0.000722 0.600000 0.001774
0.950000 0.300000 -0.002549 -0.000281 0.600000 0.002565
1.076667 0.300000 -0.003169 -0.000186 0.600000 0.003174
1.203333 0.300000 -0.003642 0.000033 0.600000 0.003642
1.330000 0.300000 -0.003835 0.000185 0.600000 0.003840
1.456667 0.300000 -0.003975 0.000039 0.600000 0.003975
1.583333 0.300000 -0.004050 -0.000367 0.600000 0.004066
1.710000 0.300000 -0.003458 -0.000665 0.600000 0.003522
1.836667 0.300000 -0.002442 -0.000464 0.600000 0.002486
1.963333 0.300000 -0.001433 -0.000564 0.600000 0.001540
2.090000 0.300000 -0.000887 0.000070 0.600000 0.000890
2.216667 0.300000 -0.000902 0.000091 0.600000 0.000907
2.343333 0.300000 -0.001061 0.000336 0.600000 0.001113
2.470000 0.300000 -0.001242 0.000532 0.600000 0.001351
2.596667 0.300000 -0.001181 0.000707 0.600000 0.001377
2.723333 0.300000 -0.001214 0.000478 0.600000 0.001304
2.850000 0.300000 -0.001486 0.000463 0.600000 0.001557
2.976667 0.300000 -0.001840 0.000510 0.600000 0.001909
3.103333 0.300000 -0.002358 0.000720 0.600000 0.002465
3.230000 0.300000 -0.003072 0.001488 0.600000 0.003413
3.356667 0.300000 -0.003635 0.001438 0.600000 0.003909
3.483333 0.300000 -0.003460 0.003408 0.600000 0.004856
3.610000 0.300000 -0.001561 0.006535 0.600000 0.006719
3.736667 0.300000 0.000000 0.000000 0.000000 0.000000
0.063333 0.314634 0.000000 0.000000 0.000000 0.000000
0.190000 0.314634 0.002045 0.005588 0.600000 0.005951
0.316667 0.314634 0.004437 0.001545 0.600000 0.004698
0.443333 0.314634 0.004411 -0.001814 0.600000 0.004770
0.570000 0.314634 0.002444 0.000073 0.600000 0.002445
0.696667 0.314634 -0.000026 -0.000575 0.600000 0.000576
0.823333 0.314634 -0.001518 -0.000489 0.600000 0.001595
0.950000 0.314634 -0.002472 -0.000120 0.600000 0.002475
1.076667 0.314634 -0.003116 -0.000040 0.600000 0.003116
1.203333 0.314634 -0.003589 0.000128 0.600000 0.003591
1.330000 0.314634 -0.003799 0.000230 0.600000 0.003806
1.456667 0.314634 -0.003943 0.000074 0.600000 0.003944
1.583333 0.314634 -0.004050 -0.000356 0.600000 0.004066
1.710000 0.314634 -0.003602 -0.000784 0.600000 0.003687
1.836667 0.314634 -0.002573 -0.000549 0.600000 0.002631
1.963333 0.314634 -0.001338 -0.000675 0.600000 0.001498
2.090000 0.314634 -0.000770 0.000110 0.600000 0.000778
2.216667 0.314634 -0.000898 0.000089 0.600000 0.000902
2.343333 0.314634 -0.001062 0.000338 0.600000 0.001114
2.470000 0.314634 -0.001221 0.000528 0.600000 0.001331
2.596667 0.314634 -0.001187 0.000653 0.600000 0.001354
2.723333 0.314634 -0.001241 0.000467 0.600000 0.001326
2.850000 0.314634 -0.001509 0.000451 0.600000 0.001575
2.976667 0.314634 -0.001855 0.000498 0.600000 0.001921
3.103333 0.314634 -0.002312 0.000695 0.600000 0.002414
3.230000 0.314634 -0.002948 0.001446 0.600000 0.003283
3.356667 0.314634 -0.003390 0.001390 0.600000 0.003663
3.483333 0.314634 -0.003111 0.003214 0.600000 0.004473
3.610000 0.314634 -0.001384 0.006037 0.600000 0.006193
3.736667 0.314634 0.000000 0.000000 0.000000 0.000000
0.063333 0.329268 0.000000 0.000000 0.000000 0.000000
0.190000 0.329268 0.001819 0.005087 0.600000 0.005403
0.316667 0.329268 0.003941 0.001418 0.600000 0.004188
0.443333 0.329268 0.004085 -0.001788 0.600000 0.004459
0.570000 0.329268 0.002392 0.000444 0.600000 0.002432
0.696667 0.329268 0.000035 -0.000339 0.600000 0.000341
0.823333 0.329268 -0.001409 -0.000297 0.600000 0.001439
0.950000 0.329268 -0.002392 0.000001 0.600000 0.002392
1.076667 0.329268 -0.003062 0.000056 0.600000 0.003062
1.203333 0.329268 -0.003537 0.000170 0.600000 0.003541
1.330000 0.329268 -0.003761 0.000220 0.600000 0.003767
1.456667 0.329268 -0.003907 0.000046 0.600000 0.003907
1.583333 0.329268 -0.004049 -0.000396 0.600000 0.004068
1.710000 0.329268 -0.003780 -0.000920 0.600000 0.003891
1.836667 0.329268 -0.002739 -0.000664 0.600000 0.002818
1.963333 0.329268 -0.001223 -0.000821 0.600000 0.001473
2.090000 0.329268 -0.000630 0.000121 0.600000 0.000642
2.216667 0.329268 -0.000889 0.000024 0.600000 0.000889
2.343333 0.329268 -0.001063 0.000264 0.600000 0.001096
2.470000 0.329268 -0.001207 0.000450 0.600000 0.001288
2.596667 0.329268 -0.001193 0.000540 0.600000 0.001310
2.723333 0.329268 -0.001266 0.000393 0.600000 0.001326
2.850000 0.329268 -0.001533 0.000381 0.600000 0.001580
2.976667 0.329268 -0.001875 0.000432 0.600000 0.001924
3.103333 0.329268 -0.002275 0.000614 0.600000 0.002357
3.230000 0.329268 -0.002835 0.001369 0.600000 0.003148
3.356667 0.329268 -0.003155 0.001321 0.600000 0.003420
3.483333 0.329268 -0.002790 0.003019 0.600000 0.004111
3.610000 0.329268 -0.001226 0.005577 0.600000 0.005710
3.736667 0.329268 0.000000 0.000000 0.000000 0.000000
0.063333 0.343902 0.000000 0.000000 0.000000 0.000000
0.190000 0.343902 0.001619 0.004637 0.600000 0.004912
0.316667 0.343902 0.003485 0.001306 0.600000 0.003721
0.443333 0.343902 0.003768 -0.001811 0.600000 0.004180
0.570000 0.343902 0.002356 0.000771 0.600000 0.002479
0.696667 0.343902 0.000127 -0.000150 0.600000 0.000197
0.823333 0.343902 -0.001286 -0.000144 0.600000 0.001294
0.950000 0.343902 -0.002308 0.000080 0.600000 0.002309
1.076667 0.343902 -0.003006 0.000098 0.600000 0.003007
1.203333 0.343902 -0.003487 0.000153 0.600000 0.003490
1.330000 0.343902 -0.003722 0.000145 0.600000 0.003725
1.456667 0.343902 -0.003867 -0.000052 0.600000 0.003867
1.583333 0.343902 -0.004041 -0.000493 0.600000 0.004071
1.710000 0.343902 -0.004005 -0.001070 0.600000 0.004145
1.836667 0.343902 -0.002956 -0.000817 0.600000 0.003067
1.963333 0.343902 -0.001088 -0.001005 0.600000 0.001481
2.090000 0.343902 -0.000466 0.000096 0.600000 0.000476
2.216667 0.343902 -0.000878 -0.000117 0.600000 0.000886
2.343333 0.343902 -0.001069 0.000105 0.600000 0.001074
2.470000 0.343902 -0.001199 0.000289 0.600000 0.001234
2.596667 0.343902 -0.001202 0.000358 0.600000 0.001254
2.723333 0.343902 -0.001292 0.000249 0.600000 0.001316
2.850000 0.343902 -0.001561 0.000248 0.600000 0.001581
2.976667 0.343902 -0.001901 0.000306 0.600000 0.001926
3.103333 0.343902 -0.002253 0.000474 0.600000 0.002303
3.230000 0.343902 -0.002739 0.001252 0.600000 0.003011
3.356667 0.343902 -0.002934 0.001233 0.600000 0.003183
3.483333 0.343902 -0.002495 0.002828 0.600000 0.003771
3.610000 0.343902 -0.001088 0.005150 0.600000 0.005264
3.736667 0.343902 0.000000 0.000000 0.000000 0.000000
0.063333 0.358537 0.000000 0.000000 0.000000 0.000000
0.190000 0.358537 0.001445 0.004232 0.600000 0.004472
0.316667 0.358537 0.003068 0.001211 0.600000 0.003298
0.443333 0.358537 0.003456 -0.001875 0.600000 0.003932
0.570000 0.358537 0.002343 0.001045 0.600000 0.002566
0.696667 0.358537 0.000265 -0.000005 0.600000 0.000265
0.823333 0.358537 -0.001146 -0.000029 0.600000 0.001147
0.950000 0.358537 -0.002218 0.000115 0.600000 0.002221
1.076667 0.358537 -0.002948 0.000084 0.600000 0.002949
1.203333 0.358537 -0.003437 0.000071 0.600000 0.003438
1.330000 0.358537 -0.003682 0.000001 0.600000 0.003682
1.456667 0.358537 -0.003820 -0.000229 0.600000 0.003827
1.583333 0.358537 -0.004018 -0.000656 0.600000 0.004071
1.710000 0.358537 -0.004289 -0.001224 0.600000 0.004460
1.836667 0.358537 -0.003243 -0.001018 0.600000 0.003399
1.963333 0.358537 -0.000921 -0.001231 0.600000 0.001537
2.090000 0.358537 -0.000266 0.000023 0.600000 0.000267
2.216667 0.358537 -0.000862 -0.000346 0.600000 0.000929
2.343333 0.358537 -0.001076 -0.000151 0.600000 0.001087
2.470000 0.358537 -0.001196 0.000035 0.600000 0.001197
2.596667 0.358537 -0.001212 0.000097 0.600000 0.001216
2.723333 0.358537 -0.001318 0.000027 0.600000 0.001319
2.850000 0.358537 -0.001592 0.000047 0.600000 0.001593
2.976667 0.358537 -0.001936 0.000118 0.600000 0.001940
3.103333 0.358537 -0.002251 0.000274 0.600000 0.002268
3.230000 0.358537 -0.002671 0.001091 0.600000 0.002885
3.356667 0.358537 -0.002734 0.001125 0.600000 0.002956
3.483333 0.358537 -0.002221 0.002641 0.600000 0.003451
3.610000 0.358537 -0.000966 0.004754 0.600000 0.004851
3.736667 0.358537 0.000000 0.000000 0.000000 0.000000
0.063333 0.373171 0.000000 0.000000 0.000000 0.000000
0.190000 0.373171 0.001295 0.003865 0.600000 0.004076
0.316667 0.373171 0.002693 0.001136 0.600000 0.002923
0.443333 0.373171 0.003149 -0.001971 0.600000 0.003715
0.570000 0.373171 0.002368 0.001252 0.600000 0.002678
0.696667 0.373171 0.000473 0.000105 0.600000 0.000484
0.823333 0.373171 -0.000981 0.000057 0.600000 0.000983
0.950000 0.373171 -0.002121 0.000111 0.600000 0.002124
1.076667 0.373171 -0.002888 0.000014 0.600000 0.002888
1.203333 0.373171 -0.003389 -0.000075 0.600000 0.003390
1.330000 0.373171 -0.003642 -0.000216 0.600000 0.003648
1.456667 0.373171 -0.003768 -0.000489 0.600000 0.003800
1.583333 0.373171 -0.003970 -0.000893 0.600000 0.004069
1.710000 0.373171 -0.004658 -0.001364 0.600000 0.004853
1.836667 0.373171 -0.003630 -0.001286 0.600000 0.003851
1.963333 0.373171 -0.000707 -0.001504 0.600000 0.001661
2.090000 0.373171 -0.000016 -0.000108 0.600000 0.000109
2.216667 0.373171 -0.000838 -0.000675 0.600000 0.001076
2.343333 0.373171 -0.001086 -0.000514 0.600000 0.001201
2.470000 0.373171 -0.001197 -0.000320 0.600000 0.001239
2.596667 0.373171 -0.001224 -0.000251 0.600000 0.001249
2.723333 0.373171 -0.001345 -0.000277 0.600000 0.001373
2.850000 0.373171 -0.001629 -0.000227 0.600000 0.001645
2.976667 0.373171 -0.001985 -0.000133 0.600000 0.001989
3.103333 0.373171 -0.002279 0.000013 0.600000 0.002279
3.230000 0.373171 -0.002647 0.000884 0.600000 0.002791
3.356667 0.373171 -0.002562 0.000995 0.600000 0.002749
3.483333 0.373171 -0.001969 0.002463 0.600000 0.003153
3.610000 0.373171 -0.000860 0.004384 0.600000 0.004467
3.736667 0.373171 0.000000 0.000000 0.000000 0.000000
0.063333 0.387805 0.000000 0.000000 0.000000 0.000000
0.190000 0.387805 0.001170 0.003532 0.600000 0.003720
0.316667 0.387805 0.002367 0.001083 0.600000 0.002603
0.443333 0.387805 0.002848 -0.002086 0.599996 0.003530
0.570000 0.387805 0.002451 0.001373 0.600000 0.002809
0.696667 0.387805 0.000783 0.000199 0.600000 0.000808
0.823333 0.387805 -0.000783 0.000127 0.600000 0.000793
0.950000 0.387805 -0.002011 0.000076 0.599999 0.002013
1.076667 0.387805 -0.002824 -0.000105 0.599997 0.002826
1.203333 0.387805 -0.003341 -0.000284 0.599995 0.003353
1.330000 0.387805 -0.003603 -0.000506 0.599994 0.003638
1.456667 0.387805 -0.003711 -0.000835 0.599992 0.003804
1.583333 0.387805 -0.003887 -0.001210 0.599992 0.004071
1.710000 0.387805 -0.005148 -0.001457 0.599996 0.005350
1.836667 0.387805 -0.004161 -0.001648 0.599998 0.004476
1.963333 0.387805 -0.000421 -0.001829 0.599998 0.001877
2.090000 0.387805 0.000310 -0.000309 0.599995 0.000438
2.216667 0.387805 -0.000801 -0.001113 0.599993 0.001371
2.343333 0.387805 -0.001096 -0.000992 0.599993 0.001478
2.470000 0.387805 -0.001202 -0.000783 0.599993 0.001434
2.596667 0.387805 -0.001238 -0.000691 0.599992 0.001418
2.723333 0.387805 -0.001375 -0.000666 0.599991 0.001528
2.850000 0.387805 -0.001674 -0.000574 0.599991 0.001770
2.976667 0.387805 -0.002053 -0.000446 0.599991 0.002101
3.103333 0.387805 -0.002350 -0.000301 0.599992 0.002369
3.230000 0.387805 -0.002697 0.000633 0.599998 0.002770
3.356667 0.387805 -0.002436 0.000837 0.600000 0.002576
3.483333 0.387805 -0.001735 0.002295 0.600000 0.002877
3.610000 0.387805 -0.000770 0.004036 0.600000 0.004109
3.736667 0.387805 0.000000 0.000000 0.000000 0.000000
0.063333 0.402439 0.000000 0.000000 0.000000 0.000000
0.190000 0.402439 0.001068 0.003226 0.600000 0.003399
0.316667 0.402439 0.002096 0.001050 0.600000 0.002344
0.443333 0.402439 0.002556 -0.002198 0.599880 0.003371
0.570000 0.402439 0.002656 0.001371 0.599775 0.002989
0.696667 0.402439 0.001280 0.000304 0.599745 0.001316
0.823333 0.402439 -0.000527 0.000199 0.599729 0.000564
0.950000 0.402439 -0.001882 0.000023 0.599698 0.001882
1.076667 0.402439 -0.002757 -0.000262 0.599660 0.002769
1.203333 0.402439 -0.003303 -0.000548 0.599646 0.003348
1.330000 0.402439 -0.003581 -0.000865 0.599657 0.003684
1.456667 0.402439 -0.003675 -0.001266 0.599684 0.003887
1.583333 0.402439 -0.003791 -0.001614 0.599737 0.004120
1.710000 0.402439 -0.005821 -0.001457 0.599847 0.006000
1.836667 0.402439 -0.004874 -0.002148 0.599851 0.005326
1.963333 0.402439 0.000007 -0.002220 0.599905 0.002220
2.090000 0.402439 0.000813 -0.000596 0.599839 0.001008
2.216667 0.402439 -0.000696 -0.001664 0.599797 0.001804
2.343333 0.402439 -0.001092 -0.001591 0.599773 0.001930
2.470000 0.402439 -0.001204 -0.001358 0.599749 0.001815
2.596667 0.402439 -0.001255 -0.001228 0.599719 0.001756
2.723333 0.402439 -0.001417 -0.001140 0.599683 0.001818
2.850000 0.402439 -0.001746 -0.000990 0.599648 0.002007
2.976667 0.402439 -0.002167 -0.000815 0.599626 0.002315
3.103333 0.402439 -0.002514 -0.000660 0.599634 0.002599
3.230000 0.402439 -0.002954 0.000347 0.599774 0.002974
3.356667 0.402439 -0.002458 0.000627 0.600000 0.002537
3.483333 0.402439 -0.001519 0.002140 0.600000 0.002625
3.610000 0.402439 -0.000694 0.003707 0.600000 0.003772
3.736667 0.402439 0.000000 0.000000 0.000000 0.000000
0.063333 0.417073 0.000000 0.000000 0.000000 0.000000
0.190000 0.417073 0.000990 0.002943 0.600000 0.003105
0.316667 0.417073 0.001818 0.001045 0.600000 0.002096
0.443333 0.417073 -0.002497 -0.001750 0.597633 0.003050
0.570000 0.417073 -0.002990 0.001068 0.553267 0.003175
0.696667 0.417073 0.000070 0.000730 0.549942 0.000734
0.823333 0.417073 -0.001085 0.000658 0.550051 0.001269
0.950000 0.417073 -0.001909 0.000395 0.550841 0.001949
1.076667 0.417073 -0.002269 0.000030 0.551634 0.002270
1.203333 0.417073 -0.002294 -0.000346 0.552457 0.002320
1.330000 0.417073 -0.002031 -0.000754 0.553379 0.002166
1.456667 0.417073 -0.001487 -0.001246 0.554354 0.001940
1.583333 0.417073 -0.000413 -0.001664 0.555259 0.001714
1.710000 0.417073 0.003756 -0.001605 0.557398 0.004085
1.836667 0.417073 0.002729 -0.001868 0.596967 0.003307
1.963333 0.417073 -0.007208 -0.001772 0.597671 0.007423
2.090000 0.417073 -0.007745 -0.001279 0.559487 0.007850
2.216667 0.417073 -0.002419 -0.001870 0.556098 0.003057
2.343333 0.417073 -0.001835 -0.001767 0.555654 0.002547
2.470000 0.417073 -0.001508 -0.001497 0.555150 0.002125
2.596667 0.417073 -0.001284 -0.001327 0.554707 0.001846
2.723333 0.417073 -0.001194 -0.001188 0.554217 0.001684
2.850000 0.417073 -0.001246 -0.001000 0.553694 0.001597
2.976667 0.417073 -0.001335 -0.000808 0.553227 0.001561
3.103333 0.417073 -0.001131 -0.000703 0.553183 0.001332
3.230000 0.417073 0.002391 -0.000074 0.555141 0.002392
3.356667 0.417073 0.002300 0.000867 0.597045 0.002458
3.483333 0.417073 -0.001170 0.002018 0.599995 0.002333
3.610000 0.417073 -0.000633 0.003394 0.600000 0.003453
3.736667 0.417073 0.000000 0.000000 0.000000 0.000000
0.063333 0.431707 0.000000 0.000000 0.000000 0.000000
0.190000 0.431707 0.000936 0.002676 0.600000 0.002836
0.316667 0.431707 0.001750 0.001053 0.600000 0.002043
0.443333 0.431707 0.001054 -0.001148 0.600000 0.001558
0.570000 0.431707 0.000491 0.000808 0.299741 0.000946
0.696667 0.431707 -0.000053 0.001293 0.299600 0.001294
0.823333 0.431707 -0.001123 0.001316 0.299615 0.001730
0.950000 0.431707 -0.001890 0.000986 0.299737 0.002132
1.076667 0.431707 -0.002225 0.000501 0.299873 0.002281
1.203333 0.431707 -0.002233 -0.000018 0.299981 0.002233
1.330000 0.431707 -0.001960 -0.000596 0.299999 0.002048
1.456667 0.431707 -0.001409 -0.001309 0.299997 0.001924
1.583333 0.431707 -0.000335 -0.001992 0.299994 0.002020
1.710000 0.431707 0.000490 -0.002011 0.299993 0.002070
1.836667 0.431707 -0.000405 -0.001130 0.599992 0.001200
1.963333 0.431707 -0.002167 -0.000989 0.600000 0.002382
2.090000 0.431707 -0.002934 -0.002470 0.299992 0.003836
2.216667 0.431707 -0.002509 -0.002349 0.299992 0.003437
2.343333 0.431707 -0.001876 -0.002108 0.299993 0.002822
2.470000 0.431707 -0.001529 -0.001716 0.299996 0.002298
2.596667 0.431707 -0.001297 -0.001474 0.299998 0.001963
2.723333 0.431707 -0.001200 -0.001281 0.299999 0.001755
2.850000 0.431707 -0.001239 -0.001046 0.300000 0.001621
2.976667 0.431707 -0.001313 -0.000833 0.299999 0.001555
3.103333 0.431707 -0.001113 -0.000803 0.299997 0.001372
3.230000 0.431707 -0.000536 -0.000096 0.299993 0.000545
3.356667 0.431707 -0.000483 0.001226 0.599858 0.001318
3.483333 0.431707 -0.000979 0.001933 0.600000 0.002166
3.610000 0.431707 -0.000589 0.003094 0.600000 0.003149
3.736667 0.431707 0.000000 0.000000 0.000000 0.000000
0.063333 0.446341 0.000000 0.000000 0.000000 0.000000
0.190000 0.446341 0.000904 0.002421 0.600000 0.002584
0.316667 0.446341 0.001874 0.001041 0.600000 0.002143
0.443333 0.446341 0.001618 -0.000961 0.600000 0.001882
0.570000 0.446341 0.000895 0.000553 0.299996 0.001051
0.696667 0.446341 -0.000200 0.001212 0.299990 0.001229
0.823333 0.446341 -0.001450 0.001318 0.299990 0.001959
0.950000 0.446341 -0.002312 0.001007 0.299995 0.002522
1.076667 0.446341 -0.002750 0.000503 0.299999 0.002795
1.203333 0.446341 -0.002886 -0.000050 0.300000 0.002886
1.330000 0.446341 -0.002827 -0.000681 0.300000 0.002908
1.456667 0.446341 -0.002610 -0.001483 0.300000 0.003002
1.583333 0.446341 -0.002127 -0.002290 0.300000 0.003125
1.710000 0.446341 -0.000853 -0.002122 0.300000 0.002287
1.836667 0.446341 -0.000608 -0.000838 0.600000 0.001035
1.963333 0.446341 -0.001882 -0.000767 0.600000 0.002032
2.090000 0.446341 -0.002625 -0.002924 0.300000 0.003930
2.216667 0.446341 -0.002415 -0.002666 0.300000 0.003597
2.343333 0.446341 -0.001868 -0.002347 0.300000 0.003000
2.470000 0.446341 -0.001555 -0.001896 0.300000 0.002452
2.596667 0.446341 -0.001317 -0.001627 0.300000 0.002093
2.723333 0.446341 -0.001224 -0.001429 0.300000 0.001881
2.850000 0.446341 -0.001306 -0.001197 0.300000 0.001771
2.976667 0.446341 -0.001527 -0.001000 0.300000 0.001826
3.103333 0.446341 -0.001790 -0.001016 0.300000 0.002058
3.230000 0.446341 -0.001356 0.000066 0.300000 0.001357
3.356667 0.446341 -0.000893 0.001191 0.599996 0.001489
3.483333 0.446341 -0.001057 0.001842 0.600000 0.002124
3.610000 0.446341 -0.000563 0.002801 0.600000 0.002857
3.736667 0.446341 0.000000 0.000000 0.000000 0.000000
0.063333 0.460976 0.000000 0.000000 0.000000 0.000000
0.190000 0.460976 0.000887 0.002172 0.600000 0.002346
0.316667 0.460976 0.001983 0.000994 0.600000 0.002218
0.443333 0.460976 0.002055 -0.000803 0.600000 0.002206
0.570000 0.460976 0.001407 0.000127 0.300000 0.001413
0.696667 0.460976 0.000090 0.000730 0.300000 0.000736
0.823333 0.460976 -0.001319 0.000897 0.300000 0.001595
0.950000 0.460976 -0.002245 0.000709 0.300000 0.002355
1.076667 0.460976 -0.002699 0.000343 0.300000 0.002721
1.203333 0.460976 -0.002831 -0.000073 0.300000 0.002832
1.330000 0.460976 -0.002769 -0.000564 0.300000 0.002826
1.456667 0.460976 -0.002555 -0.001215 0.300000 0.002829
1.583333 0.460976 -0.002122 -0.001913 0.300000 0.002857
1.710000 0.460976 -0.001041 -0.001874 0.300000 0.002143
1.836667 0.460976 -0.000740 -0.000617 0.600000 0.000964
1.963333 0.460976 -0.001687 -0.000589 0.600000 0.001787
2.090000 0.460976 -0.002434 -0.002490 0.300000 0.003482
2.216667 0.460976 -0.002394 -0.002190 0.300000 0.003245
2.343333 0.460976 -0.001883 -0.001879 0.300000 0.002660
2.470000 0.460976 -0.001566 -0.001501 0.300000 0.002169
2.596667 0.460976 -0.001329 -0.001286 0.300000 0.001849
2.723333 0.460976 -0.001233 -0.001146 0.300000 0.001683
2.850000 0.460976 -0.001323 -0.000993 0.300000 0.001654
2.976667 0.460976 -0.001591 -0.000879 0.300000 0.001818
3.103333 0.460976 -0.001959 -0.000948 0.300000 0.002176
3.230000 0.460976 -0.001698 -0.000063 0.300000 0.001699
3.356667 0.460976 -0.001218 0.001110 0.600000 0.001648
3.483333 0.460976 -0.001146 0.001721 0.600000 0.002068
3.610000 0.460976 -0.000550 0.002513 0.600000 0.002573
3.736667 0.460976 0.000000 0.000000 0.000000 0.000000
0.063333 0.475610 0.000000 0.000000 0.000000 0.000000
0.190000 0.475610 0.000882 0.001927 0.600000 0.002119
0.316667 0.475610 0.002081 0.000922 0.600000 0.002276
0.443333 0.475610 0.002394 -0.000668 0.600000 0.002485
0.570000 0.475610 0.001849 -0.000133 0.300000 0.001854
0.696667 0.475610 0.000391 0.000376 0.300000 0.000542
0.823333 0.475610 -0.001177 0.000576 0.300000 0.001310
0.950000 0.475610 -0.002168 0.000479 0.300000 0.002220
1.076667 0.475610 -0.002642 0.000219 0.300000 0.002651
1.203333 0.475610 -0.002774 -0.000088 0.300000 0.002775
1.330000 0.475610 -0.002714 -0.000467 0.300000 0.002754
1.456667 0.475610 -0.002515 -0.000992 0.300000 0.002703
1.583333 0.475610 -0.002149 -0.001592 0.300000 0.002674
1.710000 0.475610 -0.001198 -0.001613 0.300000 0.002009
1.836667 0.475610 -0.000834 -0.000451 0.600000 0.000948
1.963333 0.475610 -0.001555 -0.000445 0.600000 0.001617
2.090000 0.475610 -0.002278 -0.002085 0.300000 0.003088
2.216667 0.475610 -0.002355 -0.001792 0.300000 0.002959
2.343333 0.475610 -0.001895 -0.001496 0.300000 0.002414
2.470000 0.475610 -0.001582 -0.001178 0.300000 0.001972
2.596667 0.475610 -0.001349 -0.001008 0.300000 0.001684
2.723333 0.475610 -0.001251 -0.000912 0.300000 0.001548
2.850000 0.475610 -0.001351 -0.000819 0.300000 0.001580
2.976667 0.475610 -0.001666 -0.000767 0.300000 0.001834
3.103333 0.475610 -0.002144 -0.000872 0.300000 0.002314
3.230000 0.475610 -0.001990 -0.000125 0.300000 0.001993
3.356667 0.475610 -0.001472 0.001001 0.600000 0.001780
3.483333 0.475610 -0.001234 0.001575 0.600000 0.002001
3.610000 0.475610 -0.000547 0.002227 0.600000 0.002293
3.736667 0.475610 0.000000 0.000000 0.000000 0.000000
0.063333 0.490244 0.000000 0.000000 0.000000 0.000000
0.190000 0.490244 0.000886 0.001683 0.600000 0.001902
0.316667 0.490244 0.002172 0.000831 0.600000 0.002325
0.443333 0.490244 0.002663 -0.000550 0.600000 0.002719
0.570000 0.490244 0.002232 -0.000275 0.300000 0.002248
0.696667 0.490244 0.000688 0.000126 0.300000 0.000699
0.823333 0.490244 -0.001028 0.000338 0.300000 0.001082
0.950000 0.490244 -0.002084 0.000305 0.300000 0.002107
1.076667 0.490244 -0.002580 0.000125 0.300000 0.002583
1.203333 0.490244 -0.002715 -0.000098 0.300000 0.002717
1.330000 0.490244 -0.002662 -0.000385 0.300000 0.002690
1.456667 0.490244 -0.002486 -0.000805 0.300000 0.002613
1.583333 0.490244 -0.002195 -0.001314 0.300000 0.002558
1.710000 0.490244 -0.001332 -0.001355 0.300000 0.001901
1.836667 0.490244 -0.000903 -0.000324 0.600000 0.000960
1.963333 0.490244 -0.001465 -0.000329 0.600000 0.001502
2.090000 0.490244 -0.002152 -0.001714 0.300000 0.002751
2.216667 0.490244 -0.002305 -0.001453 0.300000 0.002725
2.343333 0.490244 -0.001903 -0.001180 0.300000 0.002239
2.470000 0.490244 -0.001602 -0.000913 0.300000 0.001844
2.596667 0.490244 -0.001373 -0.000780 0.300000 0.001579
2.723333 0.490244 -0.001275 -0.000718 0.300000 0.001463
2.850000 0.490244 -0.001387 -0.000668 0.300000 0.001539
2.976667 0.490244 -0.001749 -0.000661 0.300000 0.001870
3.103333 0.490244 -0.002332 -0.000787 0.300000 0.002461
3.230000 0.490244 -0.002240 -0.000146 0.300000 0.002245
3.356667 0.490244 -0.001674 0.000876 0.600000 0.001889
3.483333 0.490244 -0.001321 0.001407 0.600000 0.001930
3.610000 0.490244 -0.000553 0.001941 0.600000 0.002018
3.736667 0.490244 0.000000 0.000000 0.000000 0.000000
0.063333 0.504878 0.000000 0.000000 0.000000 0.000000
0.190000 0.504878 0.000897 0.001438 0.600000 0.001695
0.316667 0.504878 0.002257 0.000726 0.600000 0.002371
0.443333 0.504878 0.002882 -0.000445 0.600000 0.002917
0.570000 0.504878 0.002565 -0.000334 0.300000 0.002587
0.696667 0.504878 0.000973 -0.000036 0.300000 0.000974
0.823333 0.504878 -0.000879 0.000168 0.300000 0.000895
0.950000 0.504878 -0.001998 0.000177 0.300000 0.002006
1.076667 0.504878 -0.002516 0.000057 0.300000 0.002517
1.203333 0.504878 -0.002657 -0.000101 0.300000 0.002659
1.330000 0.504878 -0.002613 -0.000314 0.300000 0.002632
1.456667 0.504878 -0.002467 -0.000645 0.300000 0.002550
1.583333 0.504878 -0.002253 -0.001068 0.300000 0.002494
1.710000 0.504878 -0.001449 -0.001110 0.300000 0.001825
1.836667 0.504878 -0.000957 -0.000227 0.600000 0.000983
1.963333 0.504878 -0.001407 -0.000235 0.600000 0.001426
2.090000 0.504878 -0.002049 -0.001377 0.300000 0.002469
2.216667 0.504878 -0.002254 -0.001161 0.300000 0.002535
2.343333 0.504878 -0.001911 -0.000917 0.300000 0.002120
2.470000 0.504878 -0.001625 -0.000696 0.300000 0.001768
2.596667 0.504878 -0.001401 -0.000592 0.300000 0.001521
2.723333 0.504878 -0.001303 -0.000555 0.300000 0.001416
2.850000 0.504878 -0.001426 -0.000536 0.300000 0.001523
2.976667 0.504878 -0.001834 -0.000558 0.300000 0.001918
3.103333 0.504878 -0.002517 -0.000692 0.300000 0.002610
3.230000 0.504878 -0.002459 -0.000145 0.300000 0.002463
3.356667 0.504878 -0.001841 0.000742 0.600000 0.001985
3.483333 0.504878 -0.001405 0.001223 0.600000 0.001863
3.610000 0.504878 -0.000564 0.001653 0.600000 0.001747
3.736667 0.504878 0.000000 0.000000 0.000000 0.000000
0.063333 0.519512 0.000000 0.000000 0.000000 0.000000
0.190000 0.519512 0.000915 0.001190 0.600000 0.001501
0.316667 0.519512 0.002342 0.000611 0.600000 0.002420
0.443333 0.519512 0.003069 -0.000351 0.600000 0.003089
0.570000 0.519512 0.002862 -0.000334 0.300000 0.002881
0.696667 0.519512 0.001245 -0.000129 0.300000 0.001251
0.823333 0.519512 -0.000731 0.000054 0.300000 0.000733
0.950000 0.519512 -0.001910 0.000087 0.300000 0.001912
1.076667 0.519512 -0.002451 0.000009 0.300000 0.002451
1.203333 0.519512 -0.002599 -0.000098 0.300000 0.002601
1.330000 0.519512 -0.002568 -0.000251 0.300000 0.002580
1.456667 0.519512 -0.002456 -0.000505 0.300000 0.002508
1.583333 0.519512 -0.002320 -0.000847 0.300000 0.002470
1.710000 0.519512 -0.001555 -0.000881 0.300000 0.001787
1.836667 0.519512 -0.001005 -0.000153 0.600000 0.001017
1.963333 0.519512 -0.001373 -0.000161 0.600000 0.001382
2.090000 0.519512 -0.001968 -0.001074 0.300000 0.002242
2.216667 0.519512 -0.002209 -0.000905 0.300000 0.002387
2.343333 0.519512 -0.001924 -0.000696 0.300000 0.002046
2.470000 0.519512 -0.001656 -0.000517 0.300000 0.001735
2.596667 0.519512 -0.001435 -0.000438 0.300000 0.001501
2.723333 0.519512 -0.001336 -0.000418 0.300000 0.001400
2.850000 0.519512 -0.001470 -0.000418 0.300000 0.001528
2.976667 0.519512 -0.001921 -0.000457 0.300000 0.001975
3.103333 0.519512 -0.002695 -0.000587 0.300000 0.002759
3.230000 0.519512 -0.002653 -0.000131 0.300000 0.002657
3.356667 0.519512 -0.001984 0.000605 0.600000 0.002075
3.483333 0.519512 -0.001489 0.001024 0.600000 0.001807
3.610000 0.519512 -0.000580 0.001362 0.600000 0.001481
3.736667 0.519512 0.000000 0.000000 0.000000 0.000000
0.063333 0.534146 0.000000 0.000000 0.000000 0.000000
0.190000 0.534146 0.000938 0.000937 0.600000 0.001326
0.316667 0.534146 0.002426 0.000487 0.600000 0.002475
0.443333 0.534146 0.003233 -0.000265 0.600000 0.003244
0.570000 0.534146 0.003125 -0.000294 0.300000 0.003139
0.696667 0.534146 0.001496 -0.000165 0.300000 0.001505
0.823333 0.534146 -0.000591 -0.000013 0.300000 0.000591
0.950000 0.534146 -0.001826 0.000029 0.300000 0.001826
1.076667 0.534146 -0.002388 -0.000019 0.300000 0.002388
1.203333 0.534146 -0.002543 -0.000089 0.300000 0.002544
1.330000 0.534146 -0.002524 -0.000193 0.300000 0.002532
1.456667 0.534146 -0.002448 -0.000380 0.300000 0.002478
1.583333 0.534146 -0.002388 -0.000643 0.300000 0.002473
1.710000 0.534146 -0.001653 -0.000667 0.300000 0.001783
1.836667 0.534146 -0.001050 -0.000096 0.600000 0.001054
1.963333 0.534146 -0.001351 -0.000102 0.600000 0.001355
2.090000 0.534146 -0.001899 -0.000800 0.300000 0.002060
2.216667 0.534146 -0.002166 -0.000677 0.300000 0.002269
2.343333 0.534146 -0.001937 -0.000507 0.300000 0.002003
2.470000 0.534146 -0.001688 -0.000367 0.300000 0.001728
2.596667 0.534146 -0.001470 -0.000310 0.300000 0.001502
2.723333 0.534146 -0.001369 -0.000301 0.300000 0.001402
2.850000 0.534146 -0.001511 -0.000312 0.300000 0.001543
2.976667 0.534146 -0.002003 -0.000357 0.300000 0.002035
3.103333 0.534146 -0.002863 -0.000473 0.300000 0.002902
3.230000 0.534146 -0.002829 -0.000111 0.300000 0.002831
3.356667 0.534146 -0.002112 0.000468 0.600000 0.002164
3.483333 0.534146 -0.001572 0.000814 0.600000 0.001770
3.610000 0.534146 -0.000599 0.001068 0.600000 0.001225
3.736667 0.534146 0.000000 0.000000 0.000000 0.000000
0.063333 0.548780 0.000000 0.000000 0.000000 0.000000
0.190000 0.548780 0.000966 0.000679 0.600000 0.001181
0.316667 0.548780 0.002517 0.000357 0.600000 0.002542
0.443333 0.548780 0.003387 -0.000184 0.600000 0.003392
0.570000 0.548780 0.003367 -0.000227 0.300000 0.003375
0.696667 0.548780 0.001733 -0.000157 0.300000 0.001741
0.823333 0.548780 -0.000455 -0.000042 0.300000 0.000457
0.950000 0.548780 -0.001742 -0.000003 0.300000 0.001742
1.076667 0.548780 -0.002324 -0.000031 0.300000 0.002325
1.203333 0.548780 -0.002487 -0.000073 0.300000 0.002488
1.330000 0.548780 -0.002484 -0.000139 0.300000 0.002488
1.456667 0.548780 -0.002447 -0.000265 0.300000 0.002461
1.583333 0.548780 -0.002462 -0.000453 0.300000 0.002503
1.710000 0.548780 -0.001754 -0.000468 0.300000 0.001815
1.836667 0.548780 -0.001103 -0.000053 0.600000 0.001104
1.963333 0.548780 -0.001345 -0.000057 0.600000 0.001346
2.090000 0.548780 -0.001846 -0.000552 0.300000 0.001927
2.216667 0.548780 -0.002140 -0.000469 0.300000 0.002191
2.343333 0.548780 -0.001965 -0.000343 0.300000 0.001995
2.470000 0.548780 -0.001733 -0.000242 0.300000 0.001750
2.596667 0.548780 -0.001514 -0.000203 0.300000 0.001527
2.723333 0.548780 -0.001408 -0.000200 0.300000 0.001422
2.850000 0.548780 -0.001555 -0.000215 0.300000 0.001570
2.976667 0.548780 -0.002082 -0.000256 0.300000 0.002098
3.103333 0.548780 -0.003020 -0.000349 0.300000 0.003040
3.230000 0.548780 -0.002992 -0.000086 0.300000 0.002993
3.356667 0.548780 -0.002233 0.000333 0.600000 0.002258
3.483333 0.548780 -0.001655 0.000593 0.600000 0.001758
3.610000 0.548780 -0.000621 0.000769 0.600000 0.000989
3.736667 0.548780 0.000000 0.000000 0.000000 0.000000
0.063333 0.563415 0.000000 0.000000 0.000000 0.000000
0.190000 0.563415 0.000998 0.000414 0.600000 0.001081
0.316667 0.563415 0.002614 0.000220 0.600000 0.002623
0.443333 0.563415 0.003534 -0.000109 0.600000 0.003536
0.570000 0.563415 0.003588 -0.000144 0.300000 0.003591
0.696667 0.563415 0.001949 -0.000113 0.300000 0.001952
0.823333 0.563415 -0.000333 -0.000042 0.300000 0.000336
0.950000 0.563415 -0.001666 -0.000014 0.300000 0.001666
1.076667 0.563415 -0.002265 -0.000028 0.300000 0.002265
1.203333 0.563415 -0.002434 -0.000049 0.300000 0.002434
1.330000 0.563415 -0.002443 -0.000084 0.300000 0.002445
1.456667 0.563415 -0.002443 -0.000157 0.300000 0.002448
1.583333 0.563415 -0.002533 -0.000270 0.300000 0.002547
1.710000 0.563415 -0.001853 -0.000278 0.300000 0.001874
1.836667 0.563415 -0.001159 -0.000022 0.600000 0.001159
1.963333 0.563415 -0.001340 -0.000024 0.600000 0.001340
2.090000 0.563415 -0.001796 -0.000323 0.300000 0.001825
2.216667 0.563415 -0.002119 -0.000276 0.300000 0.002136
2.343333 0.563415 -0.001995 -0.000197 0.300000 0.002004
2.470000 0.563415 -0.001779 -0.000135 0.300000 0.001784
2.596667 0.563415 -0.001557 -0.000113 0.300000 0.001561
2.723333 0.563415 -0.001443 -0.000113 0.300000 0.001448
2.850000 0.563415 -0.001594 -0.000125 0.300000 0.001598
2.976667 0.563415 -0.002151 -0.000155 0.300000 0.002157
3.103333 0.563415 -0.003163 -0.000217 0.300000 0.003171
3.230000 0.563415 -0.003146 -0.000056 0.300000 0.003147
3.356667 0.563415 -0.002352 0.000199 0.600000 0.002361
3.483333 0.563415 -0.001741 0.000363 0.600000 0.001778
3.610000 0.563415 -0.000646 0.000466 0.600000 0.000796
3.736667 0.563415 0.000000 0.000000 0.000000 0.000000
0.063333 0.578049 0.000000 0.000000 0.000000 0.000000
0.190000 0.578049 0.001042 0.000140 0.600000 0.001051
0.316667 0.578049 0.002744 0.000075 0.600000 0.002745
0.443333 0.578049 0.003719 -0.000036 0.600000 0.003719
0.570000 0.578049 0.003838 -0.000049 0.300000 0.003839
0.696667 0.578049 0.002181 -0.000042 0.300000 0.002181
0.823333 0.578049 -0.000208 -0.000018 0.300000 0.000209
0.950000 0.578049 -0.001586 -0.000007 0.300000 0.001586
1.076667 0.578049 -0.002197 -0.000012 0.300000 0.002197
1.203333 0.578049 -0.002369 -0.000018 0.300000 0.002369
1.330000 0.578049 -0.002389 -0.000028 0.300000 0.002389
1.456667 0.578049 -0.002429 -0.000052 0.300000 0.002429
1.583333 0.578049 -0.002606 -0.000090 0.300000 0.002608
1.710000 0.578049 -0.001975 -0.000093 0.300000 0.001978
1.836667 0.578049 -0.001235 -0.000005 0.600000 0.001235
1.963333 0.578049 -0.001325 -0.000006 0.600000 0.001325
2.090000 0.578049 -0.001725 -0.000106 0.300000 0.001728
2.216667 0.578049 -0.002090 -0.000091 0.300000 0.002092
2.343333 0.578049 -0.002029 -0.000064 0.300000 0.002030
2.470000 0.578049 -0.001831 -0.000043 0.300000 0.001831
2.596667 0.578049 -0.001602 -0.000036 0.300000 0.001602
2.723333 0.578049 -0.001477 -0.000036 0.300000 0.001477
2.850000 0.578049 -0.001627 -0.000041 0.300000 0.001627
2.976667 0.578049 -0.002217 -0.000052 0.300000 0.002217
3.103333 0.578049 -0.003317 -0.000074 0.300000 0.003318
3.230000 0.578049 -0.003331 -0.000020 0.300000 0.003331
3.356667 0.578049 -0.002506 0.000066 0.600000 0.002507
3.483333 0.578049 -0.001849 0.000123 0.600000 0.001853
3.610000 0.578049 -0.000678 0.000156 0.600000 0.000695
3.736667 0.578049 0.000000 0.000000 0.000000 0.000000
0.063333 0.592683 0.000000 0.000000 0.000000 0.000000
0.190000 0.592683 0.000000 0.000000 0.000000 0.000000
0.316667 0.592683 0.000000 0.000000 0.000000 0.000000
0.443333 0.592683 0.000000 0.000000 0.000000 0.000000
0.570000 0.592683 0.000000 0.000000 0.000000 0.000000
0.696667 0.592683 0.000000 0.000000 0.000000 0.000000
0.823333 0.592683 0.000000 0.000000 0.000000 0.000000
0.950000 0.592683 0.000000 0.000000 0.000000 0.000000
1.076667 0.592683 0.000000 0.000000 0.000000 0.000000
1.203333 0.592683 0.000000 0.000000 0.000000 0.000000
1.330000 0.592683 0.000000 0.000000 0.000000 0.000000
1.456667 0.592683 0.000000 0.000000 0.000000 0.000000
1.583333 0.592683 0.000000 0.000000 0.000000 0.000000
1.710000 0.592683 0.000000 0.000000 0.000000 0.000000
1.836667 0.592683 0.000000 0.000000 0.000000 0.000000
1.963333 0.592683 0.000000 0.000000 0.000000 0.000000
2.090000 0.592683 0.000000 0.000000 0.000000 0.000000
2.216667 0.592683 0.000000 0.000000 0.000000 0.000000
2.343333 0.592683 0.000000 0.000000 0.000000 0.000000
2.470000 0.592683 0.000000 0.000000 0.000000 0.000000
2.596667 0.592683 0.000000 0.000000 0.000000 0.000000
2.723333 0.592683 0.000000 0.000000 0.000000 0.000000
2.850000 0.592683 0.000000 0.000000 0.000000 0.000000
2.976667 0.592683 0.000000 0.000000 0.000000 0.000000
3.103333 0.592683 0.000000 0.000000 0.000000 0.000000
3.230000 0.592683 0.000000 0.000000 0.000000 0.000000
3.356667 0.592683 0.000000 0.000000 0.000000 0.000000
3.483333 0.592683 0.000000 0.000000 0.000000 0.000000
3.610000 0.592683 0.000000 0.000000 0.000000 0.000000
3.736667 0.592683 0.000000 0.000000 0.000000 0.000000
