TITLE="(Vx,Vy)"
VARIABLES=X,Y,Vx,Vy,Vm,V
ZONE T="T-Dummy" I=30, J=41, F=POINT
0.063333 0.007317 0.000000 0.000000 0.000000 0.000000
0.190000 0.007317 0.000000 0.000000 0.000000 0.000000
0.316667 0.007317 0.000000 0.000000 0.000000 0.000000
0.443333 0.007317 0.000000 0.000000 0.000000 0.000000
0.570000 0.007317 0.000000 0.000000 0.000000 0.000000
0.696667 0.007317 0.000000 0.000000 0.000000 0.000000
0.823333 0.007317 0.000000 0.000000 0.000000 0.000000
0.950000 0.007317 0.000000 0.000000 0.000000 0.000000
1.076667 0.007317 0.000000 0.000000 0.000000 0.000000
1.203333 0.007317 0.000000 0.000000 0.000000 0.000000
1.330000 0.007317 0.000000 0.000000 0.000000 0.000000
1.456667 0.007317 0.000000 0.000000 0.000000 0.000000
1.583333 0.007317 0.000000 0.000000 0.000000 0.000000
1.710000 0.007317 0.000000 0.000000 0.000000 0.000000
1.836667 0.007317 0.000000 0.000000 0.000000 0.000000
1.963333 0.007317 0.000000 0.000000 0.000000 0.000000
2.090000 0.007317 0.000000 0.000000 0.000000 0.000000
2.216667 0.007317 0.000000 0.000000 0.000000 0.000000
2.343333 0.007317 0.000000 0.000000 0.000000 0.000000
2.470000 0.007317 0.000000 0.000000 0.000000 0.000000
2.596667 0.007317 0.000000 0.000000 0.000000 0.000000
2.723333 0.007317 0.000000 0.000000 0.000000 0.000000
2.850000 0.007317 0.000000 0.000000 0.000000 0.000000
2.976667 0.007317 0.000000 0.000000 0.000000 0.000000
3.103333 0.007317 0.000000 0.000000 0.000000 0.000000
3.230000 0.007317 0.000000 0.000000 0.000000 0.000000
3.356667 0.007317 0.000000 0.000000 0.000000 0.000000
3.483333 0.007317 0.000000 0.000000 0.000000 0.000000
3.610000 0.007317 0.000000 0.000000 0.000000 0.000000
3.736667 0.007317 0.000000 0.000000 0.000000 0.000000
0.063333 0.021951 0.000000 0.000000 0.000000 0.000000
0.190000 0.021951 -0.001659 0.000109 0.900000 0.001662
0.316667 0.021951 -0.003843 -0.000016 0.900000 0.003843
0.443333 0.021951 -0.003979 -0.000100 0.900000 0.003981
0.570000 0.021951 -0.003118 -0.000061 0.900000 0.003119
0.696667 0.021951 -0.001956 -0.000042 0.900000 0.001956
0.823333 0.021951 -0.000145 -0.000037 0.900000 0.000149
0.950000 0.021951 0.002234 -0.000009 0.900000 0.002234
1.076667 0.021951 0.004972 0.000004 0.900000 0.004972
1.203333 0.021951 0.007971 0.000015 0.900000 0.007971
1.330000 0.021951 0.010859 0.000025 0.900000 0.010859
1.456667 0.021951 0.013476 0.000025 0.900000 0.013476
1.583333 0.021951 0.015773 0.000017 0.900000 0.015773
1.710000 0.021951 0.017496 0.000013 0.900000 0.017496
1.836667 0.021951 0.018410 0.000018 0.900000 0.018410
1.963333 0.021951 0.018780 0.000019 0.900000 0.018780
2.090000 0.021951 0.019273 0.000012 0.900000 0.019273
2.216667 0.021951 0.020330 -0.000003 0.900000 0.020330
2.343333 0.021951 0.021880 -0.000011 0.900000 0.021880
2.470000 0.021951 0.023400 0.000017 0.900000 0.023400
2.596667 0.021951 0.024665 0.000027 0.900000 0.024665
2.723333 0.021951 0.025799 0.000020 0.900000 0.025799
2.850000 0.021951 0.026673 0.000009 0.900000 0.026673
2.976667 0.021951 0.026881 0.000033 0.900000 0.026881
3.103333 0.021951 0.026014 0.000062 0.900000 0.026014
3.230000 0.021951 0.024380 0.000055 0.900000 0.024380
3.356667 0.021951 0.021908 0.000105 0.900000 0.021908
3.483333 0.021951 0.016525 0.000354 0.900000 0.016529
3.610000 0.021951 0.006359 0.000644 0.900000 0.006391
3.736667 0.021951 0.000000 0.000000 0.000000 0.000000
0.063333 0.036585 0.000000 0.000000 0.000000 0.000000
0.190000 0.036585 -0.001666 0.000327 0.900000 0.001697
0.316667 0.036585 -0.003829 -0.000052 0.900000 0.003829
0.443333 0.036585 -0.003822 -0.000313 0.900000 0.003835
0.570000 0.036585 -0.001653 -0.000327 0.900000 0.001685
0.696667 0.036585 0.000287 -0.000175 0.900000 0.000336
0.823333 0.036585 0.000962 -0.000109 0.900000 0.000968
0.950000 0.036585 0.002277 -0.000062 0.900000 0.002278
1.076667 0.036585 0.004424 -0.000031 0.900000 0.004424
1.203333 0.036585 0.006955 0.000002 0.900000 0.006955
1.330000 0.036585 0.009429 0.000033 0.900000 0.009429
1.456667 0.036585 0.011739 0.000030 0.900000 0.011739
1.583333 0.036585 0.013961 -0.000002 0.900000 0.013961
1.710000 0.036585 0.015921 -0.000018 0.900000 0.015921
1.836667 0.036585 0.017364 -0.000005 0.900000 0.017364
1.963333 0.036585 0.018376 0.000000 0.900000 0.018376
2.090000 0.036585 0.019332 -0.000011 0.900000 0.019332
2.216667 0.036585 0.020555 -0.000053 0.900000 0.020555
2.343333 0.036585 0.022061 -0.000077 0.900000 0.022061
2.470000 0.036585 0.023421 0.000007 0.900000 0.023421
2.596667 0.036585 0.024458 0.000039 0.900000 0.024458
2.723333 0.036585 0.025341 0.000018 0.900000 0.025341
2.850000 0.036585 0.025955 -0.000017 0.900000 0.025955
2.976667 0.036585 0.025598 0.000086 0.900000 0.025598
3.103333 0.036585 0.024076 0.000129 0.900000 0.024076
3.230000 0.036585 0.023172 0.000046 0.900000 0.023172
3.356667 0.036585 0.021779 0.000298 0.900000 0.021781
3.483333 0.036585 0.016551 0.001058 0.900000 0.016585
3.610000 0.036585 0.006385 0.001934 0.900000 0.006672
3.736667 0.036585 0.000000 0.000000 0.000000 0.000000
0.063333 0.051220 0.000000 0.000000 0.000000 0.000000
0.190000 0.051220 -0.001693 0.000550 0.900000 0.001780
0.316667 0.051220 -0.003864 -0.000093 0.900000 0.003865
0.443333 0.051220 -0.003784 -0.000548 0.900000 0.003824
0.570000 0.051220 -0.001870 -0.000709 0.900000 0.002000
0.696667 0.051220 -0.000131 -0.000360 0.900000 0.000383
0.823333 0.051220 0.000765 -0.000191 0.900000 0.000788
0.950000 0.051220 0.002210 -0.000151 0.900000 0.002215
1.076667 0.051220 0.004378 -0.000109 0.900000 0.004380
1.203333 0.051220 0.006912 -0.000052 0.900000 0.006912
1.330000 0.051220 0.009381 -0.000000 0.900000 0.009381
1.456667 0.051220 0.011688 -0.000010 0.900000 0.011688
1.583333 0.051220 0.013912 -0.000073 0.900000 0.013912
1.710000 0.051220 0.015878 -0.000106 0.900000 0.015878
1.836667 0.051220 0.017323 -0.000087 0.900000 0.017323
1.963333 0.051220 0.018330 -0.000075 0.900000 0.018331
2.090000 0.051220 0.019282 -0.000082 0.900000 0.019282
2.216667 0.051220 0.020505 -0.000148 0.900000 0.020506
2.343333 0.051220 0.022024 -0.000188 0.900000 0.022025
2.470000 0.051220 0.023391 -0.000045 0.900000 0.023391
2.596667 0.051220 0.024425 0.000009 0.900000 0.024425
2.723333 0.051220 0.025315 -0.000026 0.900000 0.025315
2.850000 0.051220 0.025969 -0.000089 0.900000 0.025969
2.976667 0.051220 0.025750 0.000115 0.900000 0.025750
3.103333 0.051220 0.024427 0.000139 0.900000 0.024427
3.230000 0.051220 0.023384 -0.000057 0.900000 0.023384
3.356667 0.051220 0.021815 0.000470 0.900000 0.021820
3.483333 0.051220 0.016663 0.001757 0.900000 0.016756
3.610000 0.051220 0.006452 0.003235 0.900000 0.007218
3.736667 0.051220 0.000000 0.000000 0.000000 0.000000
0.063333 0.065854 0.000000 0.000000 0.000000 0.000000
0.190000 0.065854 -0.001741 0.000782 0.900000 0.001909
0.316667 0.065854 -0.003938 -0.000139 0.900000 0.003941
0.443333 0.065854 -0.003804 -0.000794 0.900000 0.003886
0.570000 0.065854 -0.002081 -0.001036 0.900000 0.002325
0.696667 0.065854 -0.000489 -0.000548 0.900000 0.000734
0.823333 0.065854 0.000581 -0.000293 0.900000 0.000650
0.950000 0.065854 0.002142 -0.000243 0.900000 0.002155
1.076667 0.065854 0.004336 -0.000186 0.900000 0.004340
1.203333 0.065854 0.006875 -0.000106 0.900000 0.006876
1.330000 0.065854 0.009340 -0.000031 0.900000 0.009340
1.456667 0.065854 0.011639 -0.000047 0.900000 0.011639
1.583333 0.065854 0.013864 -0.000144 0.900000 0.013865
1.710000 0.065854 0.015837 -0.000195 0.900000 0.015838
1.836667 0.065854 0.017284 -0.000170 0.900000 0.017285
1.963333 0.065854 0.018289 -0.000149 0.900000 0.018289
2.090000 0.065854 0.019233 -0.000152 0.900000 0.019233
2.216667 0.065854 0.020454 -0.000242 0.900000 0.020456
2.343333 0.065854 0.021989 -0.000303 0.900000 0.021991
2.470000 0.065854 0.023367 -0.000096 0.900000 0.023367
2.596667 0.065854 0.024394 -0.000020 0.900000 0.024394
2.723333 0.065854 0.025289 -0.000073 0.900000 0.025289
2.850000 0.065854 0.025992 -0.000170 0.900000 0.025992
2.976667 0.065854 0.025905 0.000124 0.900000 0.025906
3.103333 0.065854 0.024741 0.000148 0.900000 0.024741
3.230000 0.065854 0.023603 -0.000119 0.900000 0.023604
3.356667 0.065854 0.021929 0.000629 0.900000 0.021938
3.483333 0.065854 0.016856 0.002453 0.900000 0.017034
3.610000 0.065854 0.006559 0.004556 0.900000 0.007986
3.736667 0.065854 0.000000 0.000000 0.000000 0.000000
0.063333 0.080488 0.000000 0.000000 0.000000 0.000000
0.190000 0.080488 -0.001809 0.001028 0.900000 0.002081
0.316667 0.080488 -0.004053 -0.000190 0.900000 0.004058
0.443333 0.080488 -0.003872 -0.001048 0.900000 0.004011
0.570000 0.080488 -0.002286 -0.001323 0.900000 0.002642
0.696667 0.080488 -0.000798 -0.000740 0.900000 0.001088
0.823333 0.080488 0.000412 -0.000414 0.900000 0.000584
0.950000 0.080488 0.002074 -0.000340 0.900000 0.002102
1.076667 0.080488 0.004297 -0.000266 0.900000 0.004305
1.203333 0.080488 0.006842 -0.000159 0.900000 0.006844
1.330000 0.080488 0.009300 -0.000061 0.900000 0.009300
1.456667 0.080488 0.011586 -0.000084 0.900000 0.011586
1.583333 0.080488 0.013809 -0.000215 0.900000 0.013811
1.710000 0.080488 0.015790 -0.000284 0.900000 0.015793
1.836667 0.080488 0.017243 -0.000254 0.900000 0.017245
1.963333 0.080488 0.018245 -0.000223 0.900000 0.018246
2.090000 0.080488 0.019180 -0.000221 0.900000 0.019181
2.216667 0.080488 0.020396 -0.000337 0.900000 0.020398
2.343333 0.080488 0.021951 -0.000423 0.900000 0.021955
2.470000 0.080488 0.023340 -0.000147 0.900000 0.023341
2.596667 0.080488 0.024356 -0.000051 0.900000 0.024356
2.723333 0.080488 0.025252 -0.000121 0.900000 0.025252
2.850000 0.080488 0.026013 -0.000263 0.900000 0.026014
2.976667 0.080488 0.026054 0.000116 0.900000 0.026054
3.103333 0.080488 0.025015 0.000156 0.900000 0.025016
3.230000 0.080488 0.023824 -0.000153 0.900000 0.023825
3.356667 0.080488 0.022112 0.000774 0.900000 0.022126
3.483333 0.080488 0.017129 0.003146 0.900000 0.017416
3.610000 0.080488 0.006707 0.005904 0.900000 0.008935
3.736667 0.080488 0.000000 0.000000 0.000000 0.000000
0.063333 0.095122 0.000000 0.000000 0.000000 0.000000
0.190000 0.095122 -0.001899 0.001293 0.900000 0.002297
0.316667 0.095122 -0.004210 -0.000245 0.900000 0.004218
0.443333 0.095122 -0.003981 -0.001309 0.900000 0.004191
0.570000 0.095122 -0.002487 -0.001584 0.900000 0.002948
0.696667 0.095122 -0.001068 -0.000937 0.900000 0.001421
0.823333 0.095122 0.000257 -0.000552 0.900000 0.000609
0.950000 0.095122 0.002009 -0.000443 0.900000 0.002057
1.076667 0.095122 0.004261 -0.000348 0.900000 0.004275
1.203333 0.095122 0.006814 -0.000214 0.900000 0.006817
1.330000 0.095122 0.009261 -0.000090 0.900000 0.009261
1.456667 0.095122 0.011530 -0.000119 0.900000 0.011530
1.583333 0.095122 0.013750 -0.000288 0.900000 0.013753
1.710000 0.095122 0.015742 -0.000376 0.900000 0.015747
1.836667 0.095122 0.017203 -0.000338 0.900000 0.017206
1.963333 0.095122 0.018204 -0.000298 0.900000 0.018206
2.090000 0.095122 0.019127 -0.000289 0.900000 0.019129
2.216667 0.095122 0.020334 -0.000434 0.900000 0.020339
2.343333 0.095122 0.021915 -0.000552 0.900000 0.021922
2.470000 0.095122 0.023319 -0.000199 0.900000 0.023320
2.596667 0.095122 0.024318 -0.000083 0.900000 0.024319
2.723333 0.095122 0.025210 -0.000173 0.900000 0.025211
2.850000 0.095122 0.026036 -0.000374 0.900000 0.026039
2.976667 0.095122 0.026201 0.000094 0.900000 0.026201
3.103333 0.095122 0.025261 0.000165 0.900000 0.025262
3.230000 0.095122 0.024050 -0.000171 0.900000 0.024051
3.356667 0.095122 0.022363 0.000903 0.900000 0.022381
3.483333 0.095122 0.017486 0.003836 0.900000 0.017902
3.610000 0.095122 0.006898 0.007290 0.900000 0.010036
3.736667 0.095122 0.000000 0.000000 0.000000 0.000000
0.063333 0.109756 0.000000 0.000000 0.000000 0.000000
0.190000 0.109756 -0.002011 0.001582 0.900000 0.002558
0.316667 0.109756 -0.004410 -0.000305 0.900000 0.004420
0.443333 0.109756 -0.004126 -0.001578 0.900000 0.004417
0.570000 0.109756 -0.002682 -0.001826 0.900000 0.003245
0.696667 0.109756 -0.001304 -0.001139 0.900000 0.001732
0.823333 0.109756 0.000117 -0.000707 0.900000 0.000716
0.950000 0.109756 0.001948 -0.000554 0.900000 0.002026
1.076667 0.109756 0.004229 -0.000436 0.900000 0.004251
1.203333 0.109756 0.006789 -0.000272 0.900000 0.006794
1.330000 0.109756 0.009223 -0.000119 0.900000 0.009224
1.456667 0.109756 0.011469 -0.000155 0.900000 0.011470
1.583333 0.109756 0.013683 -0.000365 0.900000 0.013688
1.710000 0.109756 0.015690 -0.000471 0.900000 0.015697
1.836667 0.109756 0.017160 -0.000424 0.900000 0.017165
1.963333 0.109756 0.018161 -0.000373 0.900000 0.018165
2.090000 0.109756 0.019069 -0.000356 0.900000 0.019072
2.216667 0.109756 0.020263 -0.000533 0.900000 0.020270
2.343333 0.109756 0.021874 -0.000693 0.900000 0.021885
2.470000 0.109756 0.023297 -0.000253 0.900000 0.023298
2.596667 0.109756 0.024273 -0.000118 0.900000 0.024274
2.723333 0.109756 0.025156 -0.000230 0.900000 0.025157
2.850000 0.109756 0.026055 -0.000506 0.900000 0.026060
2.976667 0.109756 0.026341 0.000058 0.900000 0.026341
3.103333 0.109756 0.025479 0.000173 0.900000 0.025479
3.230000 0.109756 0.024277 -0.000183 0.900000 0.024278
3.356667 0.109756 0.022673 0.001014 0.900000 0.022696
3.483333 0.109756 0.017930 0.004522 0.900000 0.018491
3.610000 0.109756 0.007136 0.008722 0.900000 0.011269
3.736667 0.109756 0.000000 0.000000 0.000000 0.000000
0.063333 0.124390 0.000000 0.000000 0.000000 0.000000
0.190000 0.124390 -0.002148 0.001901 0.900000 0.002868
0.316667 0.124390 -0.004653 -0.000372 0.900000 0.004668
0.443333 0.124390 -0.004302 -0.001854 0.900000 0.004684
0.570000 0.124390 -0.002873 -0.002059 0.900000 0.003534
0.696667 0.124390 -0.001514 -0.001350 0.900000 0.002028
0.823333 0.124390 -0.000008 -0.000879 0.900000 0.000879
0.950000 0.124390 0.001893 -0.000676 0.900000 0.002010
1.076667 0.124390 0.004201 -0.000532 0.900000 0.004235
1.203333 0.124390 0.006769 -0.000335 0.900000 0.006777
1.330000 0.124390 0.009188 -0.000149 0.900000 0.009189
1.456667 0.124390 0.011404 -0.000192 0.900000 0.011405
1.583333 0.124390 0.013612 -0.000446 0.900000 0.013619
1.710000 0.124390 0.015636 -0.000571 0.900000 0.015647
1.836667 0.124390 0.017118 -0.000512 0.900000 0.017125
1.963333 0.124390 0.018118 -0.000448 0.900000 0.018123
2.090000 0.124390 0.019007 -0.000422 0.900000 0.019012
2.216667 0.124390 0.020183 -0.000637 0.900000 0.020193
2.343333 0.124390 0.021833 -0.000850 0.900000 0.021849
2.470000 0.124390 0.023277 -0.000311 0.900000 0.023279
2.596667 0.124390 0.024224 -0.000159 0.900000 0.024225
2.723333 0.124390 0.025092 -0.000291 0.900000 0.025093
2.850000 0.124390 0.026070 -0.000665 0.900000 0.026079
2.976667 0.124390 0.026480 0.000011 0.900000 0.026480
3.103333 0.124390 0.025674 0.000180 0.900000 0.025675
3.230000 0.124390 0.024507 -0.000196 0.900000 0.024508
3.356667 0.124390 0.023043 0.001102 0.900000 0.023070
3.483333 0.124390 0.018463 0.005204 0.900000 0.019183
3.610000 0.124390 0.007422 0.010211 0.900000 0.012623
3.736667 0.124390 0.000000 0.000000 0.000000 0.000000
0.063333 0.139024 0.000000 0.000000 0.000000 0.000000
0.190000 0.139024 -0.002311 0.002255 0.900000 0.003229
0.316667 0.139024 -0.004941 -0.000445 0.900000 0.004961
0.443333 0.139024 -0.004505 -0.002141 0.900000 0.004988
0.570000 0.139024 -0.003060 -0.002288 0.900000 0.003821
0.696667 0.139024 -0.001700 -0.001570 0.900000 0.002314
0.823333 0.139024 -0.000118 -0.001069 0.900000 0.001076
0.950000 0.139024 0.001845 -0.000810 0.900000 0.002015
1.076667 0.139024 0.004179 -0.000637 0.900000 0.004228
1.203333 0.139024 0.006755 -0.000406 0.900000 0.006767
1.330000 0.139024 0.009155 -0.000182 0.900000 0.009157
1.456667 0.139024 0.011335 -0.000231 0.900000 0.011337
1.583333 0.139024 0.013535 -0.000534 0.900000 0.013546
1.710000 0.139024 0.015580 -0.000676 0.900000 0.015595
1.836667 0.139024 0.017075 -0.000603 0.900000 0.017086
1.963333 0.139024 0.018074 -0.000525 0.900000 0.018082
2.090000 0.139024 0.018940 -0.000487 0.900000 0.018946
2.216667 0.139024 0.020093 -0.000746 0.900000 0.020107
2.343333 0.139024 0.021788 -0.001029 0.900000 0.021812
2.470000 0.139024 0.023259 -0.000373 0.900000 0.023262
2.596667 0.139024 0.024170 -0.000206 0.900000 0.024170
2.723333 0.139024 0.025013 -0.000360 0.900000 0.025015
2.850000 0.139024 0.026079 -0.000858 0.900000 0.026094
2.976667 0.139024 0.026615 -0.000046 0.900000 0.026615
3.103333 0.139024 0.025849 0.000188 0.900000 0.025850
3.230000 0.139024 0.024739 -0.000219 0.900000 0.024739
3.356667 0.139024 0.023471 0.001162 0.900000 0.023500
3.483333 0.139024 0.019094 0.005881 0.900000 0.019979
3.610000 0.139024 0.007763 0.011770 0.900000 0.014100
3.736667 0.139024 0.000000 0.000000 0.000000 0.000000
0.063333 0.153659 0.000000 0.000000 0.000000 0.000000
0.190000 0.153659 -0.002503 0.002652 0.900000 0.003646
0.316667 0.153659 -0.005277 -0.000528 0.900000 0.005303
0.443333 0.153659 -0.004734 -0.002441 0.900000 0.005326
0.570000 0.153659 -0.003243 -0.002519 0.900000 0.004106
0.696667 0.153659 -0.001866 -0.001803 0.900000 0.002595
0.823333 0.153659 -0.000213 -0.001280 0.900000 0.001297
0.950000 0.153659 0.001805 -0.000959 0.900000 0.002044
1.076667 0.153659 0.004163 -0.000756 0.900000 0.004231
1.203333 0.153659 0.006746 -0.000486 0.900000 0.006764
1.330000 0.153659 0.009124 -0.000220 0.900000 0.009127
1.456667 0.153659 0.011261 -0.000275 0.900000 0.011264
1.583333 0.153659 0.013452 -0.000633 0.900000 0.013466
1.710000 0.153659 0.015522 -0.000788 0.900000 0.015542
1.836667 0.153659 0.017031 -0.000695 0.900000 0.017045
1.963333 0.153659 0.018026 -0.000602 0.900000 0.018036
2.090000 0.153659 0.018863 -0.000553 0.900000 0.018871
2.216667 0.153659 0.019986 -0.000862 0.900000 0.020005
2.343333 0.153659 0.021736 -0.001235 0.900000 0.021771
2.470000 0.153659 0.023239 -0.000442 0.900000 0.023243
2.596667 0.153659 0.024105 -0.000264 0.900000 0.024107
2.723333 0.153659 0.024914 -0.000435 0.900000 0.024918
2.850000 0.153659 0.026079 -0.001090 0.900000 0.026102
2.976667 0.153659 0.026747 -0.000113 0.900000 0.026747
3.103333 0.153659 0.026003 0.000195 0.900000 0.026003
3.230000 0.153659 0.024967 -0.000259 0.899999 0.024969
3.356667 0.153659 0.023947 0.001189 0.899992 0.023977
3.483333 0.153659 0.019757 0.006557 0.899999 0.020816
3.610000 0.153659 0.008099 0.013372 0.900000 0.015634
3.736667 0.153659 0.000000 0.000000 0.000000 0.000000
0.063333 0.168293 0.000000 0.000000 0.000000 0.000000
0.190000 0.168293 -0.002726 0.003098 0.900000 0.004127
0.316667 0.168293 -0.005663 -0.000623 0.900000 0.005697
0.443333 0.168293 -0.004987 -0.002757 0.900000 0.005698
0.570000 0.168293 -0.003425 -0.002757 0.900000 0.004397
0.696667 0.168293 -0.002018 -0.002053 0.900000 0.002878
0.823333 0.168293 -0.000295 -0.001513 0.900000 0.001541
0.950000 0.168293 0.001773 -0.001126 0.900000 0.002100
1.076667 0.168293 0.004153 -0.000892 0.900000 0.004248
1.203333 0.168293 0.006745 -0.000581 0.900000 0.006770
1.330000 0.168293 0.009098 -0.000266 0.900000 0.009102
1.456667 0.168293 0.011184 -0.000325 0.900000 0.011189
1.583333 0.168293 0.013366 -0.000744 0.900000 0.013386
1.710000 0.168293 0.015468 -0.000911 0.900000 0.015495
1.836667 0.168293 0.016991 -0.000789 0.900000 0.017009
1.963333 0.168293 0.017980 -0.000678 0.900000 0.017992
2.090000 0.168293 0.018781 -0.000619 0.900000 0.018791
2.216667 0.168293 0.019867 -0.000987 0.900000 0.019892
2.343333 0.168293 0.021683 -0.001476 0.900000 0.021734
2.470000 0.168293 0.023226 -0.000519 0.900000 0.023232
2.596667 0.168293 0.024038 -0.000335 0.900000 0.024041
2.723333 0.168293 0.024801 -0.000519 0.900000 0.024807
2.850000 0.168293 0.026073 -0.001373 0.899990 0.026109
2.976667 0.168293 0.026883 -0.000187 0.899995 0.026883
3.103333 0.168293 0.026142 0.000203 0.899996 0.026142
3.230000 0.168293 0.025105 -0.000309 0.899959 0.025107
3.356667 0.168293 0.024751 0.001122 0.899005 0.024777
3.483333 0.168293 0.021854 0.007166 0.899894 0.022999
3.610000 0.168293 0.009462 0.015288 0.897819 0.017979
3.736667 0.168293 0.000000 0.000000 0.000000 0.000000
0.063333 0.182927 0.000000 0.000000 0.000000 0.000000
0.190000 0.182927 -0.002985 0.003602 0.900000 0.004678
0.316667 0.182927 -0.006101 -0.000732 0.900000 0.006144
0.443333 0.182927 -0.005260 -0.003091 0.899996 0.006101
0.570000 0.182927 -0.003603 -0.003009 0.899999 0.004694
0.696667 0.182927 -0.002153 -0.002323 0.900000 0.003168
0.823333 0.182927 -0.000361 -0.001772 0.900000 0.001809
0.950000 0.182927 0.001752 -0.001316 0.900000 0.002191
1.076667 0.182927 0.004150 -0.001050 0.900000 0.004281
1.203333 0.182927 0.006751 -0.000694 0.900000 0.006787
1.330000 0.182927 0.009074 -0.000322 0.900000 0.009080
1.456667 0.182927 0.011099 -0.000387 0.900000 0.011106
1.583333 0.182927 0.013271 -0.000873 0.900000 0.013300
1.710000 0.182927 0.015410 -0.001045 0.900000 0.015446
1.836667 0.182927 0.016947 -0.000885 0.900000 0.016970
1.963333 0.182927 0.017923 -0.000754 0.900000 0.017938
2.090000 0.182927 0.018680 -0.000688 0.900000 0.018693
2.216667 0.182927 0.019719 -0.001123 0.899999 0.019751
2.343333 0.182927 0.021616 -0.001761 0.899984 0.021687
2.470000 0.182927 0.023206 -0.000607 0.899997 0.023214
2.596667 0.182927 0.023954 -0.000425 0.899994 0.023958
2.723333 0.182927 0.024632 -0.000609 0.899978 0.024639
2.850000 0.182927 0.025912 -0.001696 0.899517 0.025968
2.976667 0.182927 0.026855 -0.000252 0.899207 0.026856
3.103333 0.182927 0.026323 0.000234 0.899062 0.026324
3.230000 0.182927 0.021305 0.000177 0.898619 0.021306
3.356667 0.182927 0.012133 0.001515 0.856164 0.012227
3.483333 0.182927 0.006977 0.007380 0.778121 0.010156
3.610000 0.182927 0.003236 0.016861 0.758991 0.017168
3.736667 0.182927 0.000000 0.000000 0.000000 0.000000
0.063333 0.197561 0.000000 0.000000 0.000000 0.000000
0.190000 0.197561 -0.003283 0.004172 0.900000 0.005309
0.316667 0.197561 -0.006599 -0.000861 0.899987 0.006655
0.443333 0.197561 -0.005556 -0.003448 0.899901 0.006539
0.570000 0.197561 -0.003781 -0.003279 0.899976 0.005005
0.696667 0.197561 -0.002278 -0.002621 0.899983 0.003472
0.823333 0.197561 -0.000413 -0.002063 0.899992 0.002104
0.950000 0.197561 0.001742 -0.001532 0.899999 0.002319
1.076667 0.197561 0.004155 -0.001235 0.900000 0.004335
1.203333 0.197561 0.006767 -0.000832 0.900000 0.006818
1.330000 0.197561 0.009058 -0.000394 0.900000 0.009066
1.456667 0.197561 0.011014 -0.000465 0.900000 0.011024
1.583333 0.197561 0.013177 -0.001025 0.900000 0.013217
1.710000 0.197561 0.015362 -0.001196 0.899996 0.015409
1.836667 0.197561 0.016911 -0.000981 0.899983 0.016939
1.963333 0.197561 0.017867 -0.000827 0.899976 0.017886
2.090000 0.197561 0.018572 -0.000760 0.899991 0.018588
2.216667 0.197561 0.019518 -0.001269 0.899945 0.019559
2.343333 0.197561 0.021438 -0.002088 0.899226 0.021540
2.470000 0.197561 0.023081 -0.000702 0.899303 0.023091
2.596667 0.197561 0.023801 -0.000525 0.898719 0.023807
2.723333 0.197561 0.023649 -0.000594 0.897816 0.023657
2.850000 0.197561 0.017916 -0.001058 0.889464 0.017947
2.976667 0.197561 0.011859 -0.000119 0.818948 0.011860
3.103333 0.197561 0.010352 0.000380 0.737474 0.010359
3.230000 0.197561 0.004928 0.001261 0.651497 0.005087
3.356667 0.197561 -0.005044 0.002551 0.607386 0.005652
3.483333 0.197561 -0.009582 0.007171 0.630425 0.011968
3.610000 0.197561 -0.004455 0.016760 0.653693 0.017342
3.736667 0.197561 0.000000 0.000000 0.000000 0.000000
0.063333 0.212195 0.000000 0.000000 0.000000 0.000000
0.190000 0.212195 -0.003629 0.004817 0.899992 0.006031
0.316667 0.212195 -0.007186 -0.001013 0.899460 0.007257
0.443333 0.212195 -0.005855 -0.003840 0.898206 0.007002
0.570000 0.212195 -0.003913 -0.003569 0.899362 0.005296
0.696667 0.212195 -0.002384 -0.002950 0.899487 0.003792
0.823333 0.212195 -0.000435 -0.002389 0.899666 0.002428
0.950000 0.212195 0.001752 -0.001777 0.899927 0.002496
1.076667 0.212195 0.004169 -0.001453 0.899955 0.004415
1.203333 0.212195 0.006791 -0.001000 0.899986 0.006864
1.330000 0.212195 0.009044 -0.000486 0.899999 0.009057
1.456667 0.212195 0.010920 -0.000566 0.899998 0.010934
1.583333 0.212195 0.013057 -0.001203 0.899987 0.013112
1.710000 0.212195 0.015228 -0.001360 0.899571 0.015289
1.836667 0.212195 0.016728 -0.001074 0.898399 0.016763
1.963333 0.212195 0.017717 -0.000904 0.897445 0.017740
2.090000 0.212195 0.018381 -0.000810 0.898194 0.018399
2.216667 0.212195 0.017989 -0.001228 0.895615 0.018031
2.343333 0.212195 0.013593 -0.001635 0.881187 0.013691
2.470000 0.212195 0.009868 -0.000673 0.819704 0.009890
2.596667 0.212195 0.009954 -0.000500 0.750907 0.009966
2.723333 0.212195 0.009053 -0.000335 0.677628 0.009059
2.850000 0.212195 0.002735 0.000674 0.607174 0.002817
2.976667 0.212195 -0.003726 0.000280 0.601397 0.003737
3.103333 0.212195 -0.005700 0.000649 0.602084 0.005737
3.230000 0.212195 -0.007367 0.001915 0.602084 0.007612
3.356667 0.212195 -0.008665 0.003126 0.600218 0.009212
3.483333 0.212195 -0.009285 0.006951 0.602926 0.011599
3.610000 0.212195 -0.004690 0.015552 0.611982 0.016243
3.736667 0.212195 0.000000 0.000000 0.000000 0.000000
0.063333 0.226829 0.000000 0.000000 0.000000 0.000000
0.190000 0.226829 -0.004743 0.005647 0.899584 0.007375
0.316667 0.226829 -0.008564 -0.001275 0.886636 0.008659
0.443333 0.226829 -0.005768 -0.004324 0.879572 0.007209
0.570000 0.226829 -0.003614 -0.003818 0.889234 0.005257
0.696667 0.226829 -0.002443 -0.003286 0.890471 0.004095
0.823333 0.226829 -0.000301 -0.002732 0.892057 0.002749
0.950000 0.226829 0.001893 -0.001997 0.896115 0.002751
1.076667 0.226829 0.004188 -0.001660 0.896693 0.004505
1.203333 0.226829 0.006868 -0.001158 0.898028 0.006965
1.330000 0.226829 0.009122 -0.000577 0.899480 0.009140
1.456667 0.226829 0.010926 -0.000662 0.899153 0.010946
1.583333 0.226829 0.010702 -0.001088 0.898118 0.010758
1.710000 0.226829 0.007632 -0.001150 0.874852 0.007718
1.836667 0.226829 0.005892 -0.001107 0.821494 0.005995
1.963333 0.226829 0.006592 -0.000961 0.767523 0.006662
2.090000 0.226829 0.007194 -0.000750 0.713346 0.007233
2.216667 0.226829 0.006266 -0.000853 0.655371 0.006324
2.343333 0.226829 0.001024 -0.000221 0.604192 0.001048
2.470000 0.226829 -0.003365 -0.000364 0.602754 0.003385
2.596667 0.226829 -0.003808 -0.000197 0.601234 0.003813
2.723333 0.226829 -0.004399 0.000087 0.600635 0.004400
2.850000 0.226829 -0.004253 0.001658 0.600342 0.004565
2.976667 0.226829 -0.004326 0.000686 0.600016 0.004380
3.103333 0.226829 -0.005791 0.000946 0.600025 0.005868
3.230000 0.226829 -0.007439 0.002078 0.600051 0.007724
3.356667 0.226829 -0.008389 0.003096 0.600006 0.008942
3.483333 0.226829 -0.008413 0.006786 0.600199 0.010809
3.610000 0.226829 -0.004123 0.014311 0.601875 0.014893
3.736667 0.226829 0.000000 0.000000 0.000000 0.000000
0.063333 0.241463 0.000000 0.000000 0.000000 0.000000
0.190000 0.241463 -0.000573 0.006083 0.741440 0.006110
0.316667 0.241463 -0.001364 -0.001518 0.755802 0.002041
0.443333 0.241463 -0.001295 -0.004684 0.776435 0.004859
0.570000 0.241463 -0.001965 -0.003804 0.801324 0.004282
0.696667 0.241463 -0.003113 -0.003365 0.808306 0.004584
0.823333 0.241463 -0.003063 -0.002816 0.807819 0.004161
0.950000 0.241463 -0.002717 -0.001941 0.800642 0.003339
1.076667 0.241463 -0.002216 -0.001622 0.781832 0.002747
1.203333 0.241463 -0.001388 -0.001112 0.755569 0.001779
1.330000 0.241463 -0.000426 -0.000548 0.723304 0.000694
1.456667 0.241463 0.000351 -0.000597 0.684666 0.000693
1.583333 0.241463 -0.000990 -0.000514 0.637577 0.001116
1.710000 0.241463 -0.004613 -0.000476 0.607857 0.004638
1.836667 0.241463 -0.005964 -0.001127 0.602223 0.006070
1.963333 0.241463 -0.004542 -0.001016 0.600980 0.004654
2.090000 0.241463 -0.003741 -0.000538 0.601541 0.003780
2.216667 0.241463 -0.003931 -0.000362 0.600691 0.003948
2.343333 0.241463 -0.003824 0.000717 0.600116 0.003891
2.470000 0.241463 -0.003652 0.000097 0.600037 0.003653
2.596667 0.241463 -0.004012 0.000239 0.600015 0.004019
2.723333 0.241463 -0.004500 0.000512 0.600009 0.004529
2.850000 0.241463 -0.004348 0.001766 0.600010 0.004693
2.976667 0.241463 -0.004373 0.000994 0.600000 0.004485
3.103333 0.241463 -0.005686 0.001221 0.600000 0.005815
3.230000 0.241463 -0.007240 0.002232 0.600001 0.007576
3.356667 0.241463 -0.008029 0.003009 0.600000 0.008574
3.483333 0.241463 -0.007720 0.006567 0.600011 0.010136
3.610000 0.241463 -0.003679 0.013180 0.600216 0.013684
3.736667 0.241463 0.000000 0.000000 0.000000 0.000000
0.063333 0.256098 0.000000 0.000000 0.000000 0.000000
0.190000 0.256098 0.003523 0.005570 0.629618 0.006591
0.316667 0.256098 0.005317 -0.001402 0.600474 0.005498
0.443333 0.256098 0.001812 -0.004560 0.600002 0.004907
0.570000 0.256098 -0.001941 -0.003395 0.600000 0.003911
0.696667 0.256098 -0.005302 -0.002964 0.600000 0.006074
0.823333 0.256098 -0.007519 -0.002417 0.600002 0.007898
0.950000 0.256098 -0.008676 -0.001512 0.600077 0.008807
1.076667 0.256098 -0.009233 -0.001215 0.601676 0.009312
1.203333 0.256098 -0.009484 -0.000749 0.603854 0.009514
1.330000 0.256098 -0.009127 -0.000289 0.606608 0.009132
1.456667 0.256098 -0.008770 -0.000262 0.604235 0.008774
1.583333 0.256098 -0.008477 0.000053 0.601700 0.008477
1.710000 0.256098 -0.007795 0.000038 0.600230 0.007795
1.836667 0.256098 -0.006420 -0.001223 0.600011 0.006536
1.963333 0.256098 -0.004587 -0.001104 0.600003 0.004717
2.090000 0.256098 -0.003810 -0.000246 0.600017 0.003818
2.216667 0.256098 -0.004072 0.000078 0.600011 0.004072
2.343333 0.256098 -0.003919 0.000998 0.600003 0.004044
2.470000 0.256098 -0.003700 0.000521 0.600001 0.003737
2.596667 0.256098 -0.004002 0.000628 0.600000 0.004050
2.723333 0.256098 -0.004413 0.000881 0.600000 0.004500
2.850000 0.256098 -0.004312 0.001862 0.600000 0.004696
2.976667 0.256098 -0.004393 0.001249 0.600000 0.004568
3.103333 0.256098 -0.005583 0.001454 0.600000 0.005769
3.230000 0.256098 -0.007046 0.002362 0.600000 0.007431
3.356667 0.256098 -0.007682 0.002889 0.600000 0.008208
3.483333 0.256098 -0.007112 0.006309 0.600000 0.009507
3.610000 0.256098 -0.003308 0.012149 0.600019 0.012591
3.736667 0.256098 0.000000 0.000000 0.000000 0.000000
0.063333 0.270732 0.000000 0.000000 0.000000 0.000000
0.190000 0.270732 0.002357 0.004795 0.603294 0.005343
0.316667 0.270732 0.003777 -0.001142 0.600028 0.003946
0.443333 0.270732 0.001406 -0.004194 0.600000 0.004424
0.570000 0.270732 -0.001951 -0.002837 0.600000 0.003443
0.696667 0.270732 -0.005185 -0.002379 0.600000 0.005705
0.823333 0.270732 -0.007315 -0.001837 0.600000 0.007542
0.950000 0.270732 -0.008424 -0.000987 0.600001 0.008482
1.076667 0.270732 -0.008952 -0.000674 0.600017 0.008977
1.203333 0.270732 -0.009256 -0.000246 0.600080 0.009259
1.330000 0.270732 -0.009225 0.000138 0.600233 0.009226
1.456667 0.270732 -0.009139 0.000197 0.600153 0.009141
1.583333 0.270732 -0.008761 0.000439 0.600059 0.008772
1.710000 0.270732 -0.007945 0.000284 0.600006 0.007950
1.836667 0.270732 -0.006461 -0.001357 0.600000 0.006602
1.963333 0.270732 -0.004574 -0.001201 0.600000 0.004729
2.090000 0.270732 -0.003815 0.000044 0.600000 0.003815
2.216667 0.270732 -0.004055 0.000467 0.600000 0.004082
2.343333 0.270732 -0.003926 0.001241 0.600000 0.004118
2.470000 0.270732 -0.003739 0.000880 0.600000 0.003841
2.596667 0.270732 -0.003992 0.000958 0.600000 0.004105
2.723333 0.270732 -0.004340 0.001183 0.600000 0.004498
2.850000 0.270732 -0.004280 0.001943 0.600000 0.004701
2.976667 0.270732 -0.004404 0.001450 0.600000 0.004637
3.103333 0.270732 -0.005482 0.001638 0.600000 0.005721
3.230000 0.270732 -0.006859 0.002464 0.600000 0.007288
3.356667 0.270732 -0.007349 0.002739 0.600000 0.007842
3.483333 0.270732 -0.006558 0.006025 0.600000 0.008906
3.610000 0.270732 -0.002983 0.011204 0.600001 0.011595
3.736667 0.270732 0.000000 0.000000 0.000000 0.000000
0.063333 0.285366 0.000000 0.000000 0.000000 0.000000
0.190000 0.285366 0.001944 0.004216 0.600228 0.004643
0.316667 0.285366 0.003145 -0.000999 0.600001 0.003300
0.443333 0.285366 0.001144 -0.003896 0.600000 0.004060
0.570000 0.285366 -0.002015 -0.002342 0.600000 0.003090
0.696667 0.285366 -0.005183 -0.001887 0.600000 0.005516
0.823333 0.285366 -0.007247 -0.001347 0.600000 0.007372
0.950000 0.285366 -0.008355 -0.000549 0.600000 0.008373
1.076667 0.285366 -0.008896 -0.000201 0.600000 0.008898
1.203333 0.285366 -0.009185 0.000214 0.600002 0.009188
1.330000 0.285366 -0.009167 0.000568 0.600007 0.009185
1.456667 0.285366 -0.009074 0.000615 0.600005 0.009095
1.583333 0.285366 -0.008700 0.000771 0.600002 0.008734
1.710000 0.285366 -0.007971 0.000494 0.600000 0.007987
1.836667 0.285366 -0.006496 -0.001504 0.600000 0.006668
1.963333 0.285366 -0.004555 -0.001306 0.600000 0.004738
2.090000 0.285366 -0.003818 0.000302 0.600000 0.003830
2.216667 0.285366 -0.004053 0.000790 0.600000 0.004129
2.343333 0.285366 -0.003943 0.001443 0.600000 0.004199
2.470000 0.285366 -0.003777 0.001168 0.600000 0.003954
2.596667 0.285366 -0.003988 0.001220 0.600000 0.004171
2.723333 0.285366 -0.004284 0.001411 0.600000 0.004510
2.850000 0.285366 -0.004256 0.001993 0.600000 0.004700
2.976667 0.285366 -0.004408 0.001588 0.600000 0.004686
3.103333 0.285366 -0.005382 0.001763 0.600000 0.005664
3.230000 0.285366 -0.006676 0.002530 0.600000 0.007139
3.356667 0.285366 -0.007026 0.002560 0.600000 0.007478
3.483333 0.285366 -0.006050 0.005723 0.600000 0.008328
3.610000 0.285366 -0.002696 0.010336 0.600000 0.010681
3.736667 0.285366 0.000000 0.000000 0.000000 0.000000
0.063333 0.300000 0.000000 0.000000 0.000000 0.000000
0.190000 0.300000 0.001649 0.003722 0.600011 0.004071
0.316667 0.300000 0.002642 -0.000888 0.600000 0.002787
0.443333 0.300000 0.000886 -0.003640 0.600000 0.003746
0.570000 0.300000 -0.002087 -0.001919 0.600000 0.002835
0.696667 0.300000 -0.005186 -0.001494 0.600000 0.005397
0.823333 0.300000 -0.007182 -0.000960 0.600000 0.007246
0.950000 0.300000 -0.008286 -0.000203 0.600000 0.008288
1.076667 0.300000 -0.008839 0.000174 0.600000 0.008841
1.203333 0.300000 -0.009118 0.000579 0.600000 0.009137
1.330000 0.300000 -0.009102 0.000908 0.600000 0.009147
1.456667 0.300000 -0.008990 0.000945 0.600000 0.009040
1.583333 0.300000 -0.008621 0.001035 0.600000 0.008683
1.710000 0.300000 -0.007986 0.000672 0.600000 0.008014
1.836667 0.300000 -0.006524 -0.001666 0.600000 0.006733
1.963333 0.300000 -0.004528 -0.001419 0.600000 0.004745
2.090000 0.300000 -0.003823 0.000520 0.600000 0.003858
2.216667 0.300000 -0.004065 0.001037 0.600000 0.004196
2.343333 0.300000 -0.003966 0.001586 0.600000 0.004271
2.470000 0.300000 -0.003815 0.001373 0.600000 0.004054
2.596667 0.300000 -0.003987 0.001401 0.600000 0.004227
2.723333 0.300000 -0.004239 0.001554 0.600000 0.004515
2.850000 0.300000 -0.004236 0.001992 0.600000 0.004681
2.976667 0.300000 -0.004406 0.001651 0.600000 0.004705
3.103333 0.300000 -0.005281 0.001816 0.600000 0.005585
3.230000 0.300000 -0.006494 0.002549 0.600000 0.006976
3.356667 0.300000 -0.006712 0.002354 0.600000 0.007113
3.483333 0.300000 -0.005581 0.005410 0.600000 0.007773
3.610000 0.300000 -0.002441 0.009534 0.600000 0.009842
3.736667 0.300000 0.000000 0.000000 0.000000 0.000000
0.063333 0.314634 0.000000 0.000000 0.000000 0.000000
0.190000 0.314634 0.001395 0.003293 0.600000 0.003576
0.316667 0.314634 0.002190 -0.000791 0.600000 0.002329
0.443333 0.314634 0.000631 -0.003424 0.600000 0.003482
0.570000 0.314634 -0.002174 -0.001588 0.600000 0.002692
0.696667 0.314634 -0.005197 -0.001224 0.600000 0.005339
0.823333 0.314634 -0.007122 -0.000698 0.600000 0.007156
0.950000 0.314634 -0.008218 0.000028 0.600000 0.008218
1.076667 0.314634 -0.008781 0.000430 0.600000 0.008791
1.203333 0.314634 -0.009051 0.000827 0.600000 0.009088
1.330000 0.314634 -0.009033 0.001134 0.600000 0.009104
1.456667 0.314634 -0.008905 0.001166 0.600000 0.008981
1.583333 0.314634 -0.008537 0.001211 0.600000 0.008623
1.710000 0.314634 -0.007991 0.000805 0.600000 0.008032
1.836667 0.314634 -0.006546 -0.001843 0.600000 0.006800
1.963333 0.314634 -0.004508 -0.001540 0.600000 0.004764
2.090000 0.314634 -0.003848 0.000684 0.600000 0.003909
2.216667 0.314634 -0.004101 0.001191 0.600000 0.004271
2.343333 0.314634 -0.004002 0.001647 0.600000 0.004328
2.470000 0.314634 -0.003857 0.001477 0.600000 0.004130
2.596667 0.314634 -0.003995 0.001483 0.600000 0.004261
2.723333 0.314634 -0.004208 0.001597 0.600000 0.004501
2.850000 0.314634 -0.004222 0.001915 0.600000 0.004637
2.976667 0.314634 -0.004400 0.001621 0.600000 0.004689
3.103333 0.314634 -0.005179 0.001777 0.600000 0.005476
3.230000 0.314634 -0.006308 0.002505 0.600000 0.006787
3.356667 0.314634 -0.006403 0.002124 0.600000 0.006746
3.483333 0.314634 -0.005149 0.005092 0.600000 0.007242
3.610000 0.314634 -0.002214 0.008793 0.600000 0.009068
3.736667 0.314634 0.000000 0.000000 0.000000 0.000000
0.063333 0.329268 0.000000 0.000000 0.000000 0.000000
0.190000 0.329268 0.001174 0.002919 0.600000 0.003146
0.316667 0.329268 0.001782 -0.000705 0.600000 0.001916
0.443333 0.329268 0.000373 -0.003244 0.600000 0.003266
0.570000 0.329268 -0.002283 -0.001379 0.600000 0.002667
0.696667 0.329268 -0.005218 -0.001107 0.600000 0.005334
0.823333 0.329268 -0.007066 -0.000591 0.600000 0.007091
0.950000 0.329268 -0.008150 0.000112 0.600000 0.008151
1.076667 0.329268 -0.008717 0.000537 0.600000 0.008734
1.203333 0.329268 -0.008978 0.000929 0.600000 0.009026
1.330000 0.329268 -0.008957 0.001218 0.600000 0.009039
1.456667 0.329268 -0.008810 0.001250 0.600000 0.008898
1.583333 0.329268 -0.008437 0.001270 0.600000 0.008532
1.710000 0.329268 -0.007968 0.000870 0.600000 0.008015
1.836667 0.329268 -0.006547 -0.002029 0.600000 0.006854
1.963333 0.329268 -0.004496 -0.001664 0.600000 0.004794
2.090000 0.329268 -0.003896 0.000772 0.600000 0.003972
2.216667 0.329268 -0.004156 0.001227 0.600000 0.004333
2.343333 0.329268 -0.004047 0.001597 0.600000 0.004351
2.470000 0.329268 -0.003900 0.001454 0.600000 0.004163
2.596667 0.329268 -0.004005 0.001439 0.600000 0.004256
2.723333 0.329268 -0.004185 0.001514 0.600000 0.004450
2.850000 0.329268 -0.004211 0.001735 0.600000 0.004555
2.976667 0.329268 -0.004389 0.001473 0.600000 0.004630
3.103333 0.329268 -0.005074 0.001622 0.600000 0.005327
3.230000 0.329268 -0.006111 0.002375 0.600000 0.006557
3.356667 0.329268 -0.006093 0.001875 0.600000 0.006375
3.483333 0.329268 -0.004751 0.004774 0.600000 0.006735
3.610000 0.329268 -0.002013 0.008105 0.600000 0.008351
3.736667 0.329268 0.000000 0.000000 0.000000 0.000000
0.063333 0.343902 0.000000 0.000000 0.000000 0.000000
0.190000 0.343902 0.000981 0.002595 0.600000 0.002774
0.316667 0.343902 0.001415 -0.000623 0.600000 0.001546
0.443333 0.343902 0.000103 -0.003093 0.600000 0.003095
0.570000 0.343902 -0.002423 -0.001334 0.600000 0.002766
0.696667 0.343902 -0.005247 -0.001186 0.600000 0.005379
0.823333 0.343902 -0.007013 -0.000679 0.600000 0.007046
0.950000 0.343902 -0.008082 0.000008 0.600000 0.008082
1.076667 0.343902 -0.008651 0.000454 0.600000 0.008663
1.203333 0.343902 -0.008901 0.000845 0.600000 0.008941
1.330000 0.343902 -0.008874 0.001121 0.600000 0.008945
1.456667 0.343902 -0.008708 0.001159 0.600000 0.008785
1.583333 0.343902 -0.008322 0.001175 0.600000 0.008404
1.710000 0.343902 -0.007908 0.000832 0.600000 0.007952
1.836667 0.343902 -0.006522 -0.002217 0.600000 0.006888
1.963333 0.343902 -0.004509 -0.001784 0.600000 0.004849
2.090000 0.343902 -0.003988 0.000752 0.600000 0.004058
2.216667 0.343902 -0.004238 0.001109 0.600000 0.004381
2.343333 0.343902 -0.004105 0.001400 0.600000 0.004337
2.470000 0.343902 -0.003950 0.001272 0.600000 0.004150
2.596667 0.343902 -0.004022 0.001236 0.600000 0.004208
2.723333 0.343902 -0.004171 0.001274 0.600000 0.004361
2.850000 0.343902 -0.004205 0.001414 0.600000 0.004436
2.976667 0.343902 -0.004377 0.001173 0.600000 0.004532
3.103333 0.343902 -0.004967 0.001316 0.600000 0.005138
3.230000 0.343902 -0.005899 0.002126 0.600000 0.006270
3.356667 0.343902 -0.005778 0.001613 0.600000 0.005999
3.483333 0.343902 -0.004383 0.004461 0.600000 0.006254
3.610000 0.343902 -0.001835 0.007464 0.600000 0.007686
3.736667 0.343902 0.000000 0.000000 0.000000 0.000000
0.063333 0.358537 0.000000 0.000000 0.000000 0.000000
0.190000 0.358537 0.000814 0.002313 0.600000 0.002452
0.316667 0.358537 0.001086 -0.000543 0.600000 0.001215
0.443333 0.358537 -0.000188 -0.002962 0.600000 0.002968
0.570000 0.358537 -0.002603 -0.001516 0.600000 0.003012
0.696667 0.358537 -0.005283 -0.001518 0.600000 0.005496
0.823333 0.358537 -0.006962 -0.001018 0.600000 0.007036
0.950000 0.358537 -0.008013 -0.000339 0.600000 0.008020
1.076667 0.358537 -0.008580 0.000129 0.600000 0.008581
1.203333 0.358537 -0.008819 0.000522 0.600000 0.008834
1.330000 0.358537 -0.008782 0.000790 0.600000 0.008818
1.456667 0.358537 -0.008593 0.000843 0.600000 0.008635
1.583333 0.358537 -0.008182 0.000874 0.600000 0.008229
1.710000 0.358537 -0.007792 0.000644 0.600000 0.007819
1.836667 0.358537 -0.006452 -0.002391 0.600000 0.006881
1.963333 0.358537 -0.004556 -0.001884 0.600000 0.004931
2.090000 0.358537 -0.004133 0.000577 0.600000 0.004174
2.216667 0.358537 -0.004344 0.000792 0.600000 0.004415
2.343333 0.358537 -0.004173 0.001008 0.600000 0.004293
2.470000 0.358537 -0.004003 0.000886 0.600000 0.004100
2.596667 0.358537 -0.004044 0.000829 0.600000 0.004128
2.723333 0.358537 -0.004164 0.000831 0.600000 0.004246
2.850000 0.358537 -0.004200 0.000906 0.600000 0.004297
2.976667 0.358537 -0.004363 0.000679 0.600000 0.004416
3.103333 0.358537 -0.004858 0.000816 0.600000 0.004926
3.230000 0.358537 -0.005661 0.001711 0.600000 0.005914
3.356667 0.358537 -0.005449 0.001347 0.600000 0.005613
3.483333 0.358537 -0.004046 0.004155 0.600000 0.005799
3.610000 0.358537 -0.001678 0.006865 0.600000 0.007067
3.736667 0.358537 0.000000 0.000000 0.000000 0.000000
0.063333 0.373171 0.000000 0.000000 0.000000 0.000000
0.190000 0.373171 0.000672 0.002068 0.600000 0.002174
0.316667 0.373171 0.000798 -0.000461 0.600000 0.000921
0.443333 0.373171 -0.000513 -0.002836 0.600000 0.002882
0.570000 0.373171 -0.002834 -0.002010 0.600000 0.003475
0.696667 0.373171 -0.005320 -0.002174 0.600000 0.005747
0.823333 0.373171 -0.006910 -0.001678 0.600000 0.007111
0.950000 0.373171 -0.007941 -0.001002 0.600000 0.008004
1.076667 0.373171 -0.008503 -0.000510 0.600000 0.008519
1.203333 0.373171 -0.008729 -0.000109 0.600000 0.008730
1.330000 0.373171 -0.008680 0.000158 0.600000 0.008681
1.456667 0.373171 -0.008465 0.000235 0.600000 0.008468
1.583333 0.373171 -0.008017 0.000299 0.600000 0.008023
1.710000 0.373171 -0.007602 0.000232 0.600000 0.007605
1.836667 0.373171 -0.006324 -0.002527 0.600000 0.006810
1.963333 0.373171 -0.004657 -0.001947 0.600000 0.005048
2.090000 0.373171 -0.004354 0.000178 0.600000 0.004357
2.216667 0.373171 -0.004476 0.000212 0.600000 0.004481
2.343333 0.373171 -0.004253 0.000359 0.600000 0.004268
2.470000 0.373171 -0.004061 0.000235 0.600000 0.004068
2.596667 0.373171 -0.004071 0.000158 0.600000 0.004074
2.723333 0.373171 -0.004164 0.000129 0.600000 0.004166
2.850000 0.373171 -0.004199 0.000150 0.600000 0.004201
2.976667 0.373171 -0.004349 -0.000068 0.600000 0.004350
3.103333 0.373171 -0.004752 0.000063 0.600000 0.004752
3.230000 0.373171 -0.005390 0.001062 0.600000 0.005494
3.356667 0.373171 -0.005095 0.001090 0.600000 0.005211
3.483333 0.373171 -0.003738 0.003860 0.600000 0.005373
3.610000 0.373171 -0.001540 0.006303 0.600000 0.006488
3.736667 0.373171 0.000000 0.000000 0.000000 0.000000
0.063333 0.387805 0.000000 0.000000 0.000000 0.000000
0.190000 0.387805 0.000552 0.001854 0.600000 0.001934
0.316667 0.387805 0.000549 -0.000376 0.600000 0.000666
0.443333 0.387805 -0.000887 -0.002699 0.600000 0.002841
0.570000 0.387805 -0.003128 -0.002939 0.599992 0.004292
0.696667 0.387805 -0.005350 -0.003250 0.599979 0.006260
0.823333 0.387805 -0.006853 -0.002754 0.599973 0.007386
0.950000 0.387805 -0.007864 -0.002073 0.599979 0.008132
1.076667 0.387805 -0.008418 -0.001555 0.599987 0.008561
1.203333 0.387805 -0.008630 -0.001139 0.599990 0.008705
1.330000 0.387805 -0.008564 -0.000864 0.599992 0.008608
1.456667 0.387805 -0.008321 -0.000752 0.599994 0.008355
1.583333 0.387805 -0.007829 -0.000635 0.599996 0.007854
1.710000 0.387805 -0.007316 -0.000504 0.599997 0.007334
1.836667 0.387805 -0.006114 -0.002589 0.600000 0.006640
1.963333 0.387805 -0.004835 -0.001941 0.600000 0.005210
2.090000 0.387805 -0.004669 -0.000542 0.599997 0.004700
2.216667 0.387805 -0.004632 -0.000711 0.599996 0.004686
2.343333 0.387805 -0.004343 -0.000624 0.599996 0.004388
2.470000 0.387805 -0.004126 -0.000756 0.599994 0.004195
2.596667 0.387805 -0.004105 -0.000854 0.599993 0.004193
2.723333 0.387805 -0.004171 -0.000911 0.599992 0.004269
2.850000 0.387805 -0.004202 -0.000930 0.599990 0.004303
2.976667 0.387805 -0.004340 -0.001141 0.599990 0.004487
3.103333 0.387805 -0.004656 -0.001018 0.599994 0.004766
3.230000 0.387805 -0.005076 0.000083 0.599998 0.005077
3.356667 0.387805 -0.004706 0.000861 0.600000 0.004784
3.483333 0.387805 -0.003461 0.003579 0.600000 0.004978
3.610000 0.387805 -0.001420 0.005773 0.600000 0.005945
3.736667 0.387805 0.000000 0.000000 0.000000 0.000000
0.063333 0.402439 0.000000 0.000000 0.000000 0.000000
0.190000 0.402439 0.000453 0.001666 0.600000 0.001726
0.316667 0.402439 0.000343 -0.000288 0.600000 0.000447
0.443333 0.402439 -0.001340 -0.002525 0.599989 0.002858
0.570000 0.402439 -0.003509 -0.004431 0.599645 0.005652
0.696667 0.402439 -0.005365 -0.004797 0.599406 0.007197
0.823333 0.402439 -0.006790 -0.004309 0.599264 0.008042
0.950000 0.402439 -0.007769 -0.003636 0.599273 0.008578
1.076667 0.402439 -0.008307 -0.003098 0.599494 0.008866
1.203333 0.402439 -0.008506 -0.002671 0.599744 0.008916
1.330000 0.402439 -0.008425 -0.002388 0.599818 0.008757
1.456667 0.402439 -0.008152 -0.002228 0.599869 0.008451
1.583333 0.402439 -0.007615 -0.002042 0.599908 0.007884
1.710000 0.402439 -0.006922 -0.001727 0.599948 0.007134
1.836667 0.402439 -0.005805 -0.002529 0.599992 0.006332
1.963333 0.402439 -0.005099 -0.001830 0.599996 0.005418
2.090000 0.402439 -0.005079 -0.001738 0.599939 0.005368
2.216667 0.402439 -0.004796 -0.002076 0.599917 0.005226
2.343333 0.402439 -0.004437 -0.002039 0.599895 0.004883
2.470000 0.402439 -0.004195 -0.002180 0.599856 0.004728
2.596667 0.402439 -0.004146 -0.002295 0.599812 0.004738
2.723333 0.402439 -0.004189 -0.002372 0.599651 0.004814
2.850000 0.402439 -0.004212 -0.002417 0.599518 0.004856
2.976667 0.402439 -0.004335 -0.002616 0.599511 0.005063
3.103333 0.402439 -0.004575 -0.002503 0.599636 0.005215
3.230000 0.402439 -0.004710 -0.001375 0.599926 0.004906
3.356667 0.402439 -0.004268 0.000682 0.600000 0.004322
3.483333 0.402439 -0.003218 0.003311 0.600000 0.004617
3.610000 0.402439 -0.001317 0.005272 0.600000 0.005434
3.736667 0.402439 0.000000 0.000000 0.000000 0.000000
0.063333 0.417073 0.000000 0.000000 0.000000 0.000000
0.190000 0.417073 0.000374 0.001499 0.600000 0.001544
0.316667 0.417073 0.000179 -0.000195 0.600000 0.000265
0.443333 0.417073 -0.002169 -0.002180 0.599797 0.003075
0.570000 0.417073 -0.004259 -0.004055 0.592536 0.005881
0.696667 0.417073 -0.005341 -0.004096 0.591344 0.006731
0.823333 0.417073 -0.006731 -0.003531 0.590848 0.007600
0.950000 0.417073 -0.007707 -0.002837 0.590316 0.008212
1.076667 0.417073 -0.008231 -0.002261 0.589846 0.008536
1.203333 0.417073 -0.008408 -0.001817 0.589561 0.008602
1.330000 0.417073 -0.008303 -0.001535 0.589541 0.008444
1.456667 0.417073 -0.007992 -0.001365 0.589548 0.008108
1.583333 0.417073 -0.007394 -0.001215 0.589747 0.007493
1.710000 0.417073 -0.005919 -0.001082 0.590673 0.006017
1.836667 0.417073 -0.004905 -0.002211 0.599869 0.005381
1.963333 0.417073 -0.005948 -0.001475 0.599798 0.006128
2.090000 0.417073 -0.006079 -0.001066 0.590828 0.006172
2.216667 0.417073 -0.004971 -0.001271 0.590211 0.005131
2.343333 0.417073 -0.004523 -0.001233 0.590302 0.004688
2.470000 0.417073 -0.004252 -0.001378 0.590494 0.004470
2.596667 0.417073 -0.004172 -0.001514 0.590686 0.004439
2.723333 0.417073 -0.004193 -0.001636 0.591039 0.004500
2.850000 0.417073 -0.004228 -0.001742 0.591377 0.004573
2.976667 0.417073 -0.004371 -0.001971 0.591613 0.004795
3.103333 0.417073 -0.004572 -0.001947 0.591828 0.004969
3.230000 0.417073 -0.003979 -0.001122 0.592600 0.004134
3.356667 0.417073 -0.003437 0.000660 0.599880 0.003500
3.483333 0.417073 -0.003009 0.003058 0.600000 0.004290
3.610000 0.417073 -0.001230 0.004794 0.600000 0.004950
3.736667 0.417073 0.000000 0.000000 0.000000 0.000000
0.063333 0.431707 0.000000 0.000000 0.000000 0.000000
0.190000 0.431707 0.000313 0.001348 0.600000 0.001384
0.316667 0.431707 0.000078 -0.000103 0.600000 0.000129
0.443333 0.431707 -0.002098 -0.001639 0.599998 0.002663
0.570000 0.431707 -0.004163 -0.002727 0.599828 0.004977
0.696667 0.431707 -0.005365 -0.002416 0.599891 0.005884
0.823333 0.431707 -0.006749 -0.001782 0.599989 0.006980
0.950000 0.431707 -0.007728 -0.001084 0.599991 0.007803
1.076667 0.431707 -0.008249 -0.000499 0.599681 0.008264
1.203333 0.431707 -0.008402 -0.000058 0.599277 0.008402
1.330000 0.431707 -0.008276 0.000207 0.598942 0.008278
1.456667 0.431707 -0.007932 0.000349 0.598628 0.007939
1.583333 0.431707 -0.007267 0.000399 0.598445 0.007277
1.710000 0.431707 -0.005574 0.000178 0.598567 0.005576
1.836667 0.431707 -0.004612 -0.001662 0.600000 0.004903
1.963333 0.431707 -0.006181 -0.000925 0.599990 0.006250
2.090000 0.431707 -0.006370 0.000221 0.598747 0.006374
2.216667 0.431707 -0.004983 0.000307 0.598712 0.004992
2.343333 0.431707 -0.004478 0.000377 0.598881 0.004493
2.470000 0.431707 -0.004187 0.000246 0.599157 0.004194
2.596667 0.431707 -0.004087 0.000102 0.599423 0.004089
2.723333 0.431707 -0.004100 -0.000050 0.599707 0.004101
2.850000 0.431707 -0.004167 -0.000208 0.599942 0.004172
2.976667 0.431707 -0.004341 -0.000465 0.599978 0.004366
3.103333 0.431707 -0.004550 -0.000530 0.599827 0.004581
3.230000 0.431707 -0.003971 -0.000072 0.599577 0.003972
3.356667 0.431707 -0.003351 0.000832 0.599992 0.003452
3.483333 0.431707 -0.002850 0.002817 0.600000 0.004007
3.610000 0.431707 -0.001158 0.004337 0.600000 0.004489
3.736667 0.431707 0.000000 0.000000 0.000000 0.000000
0.063333 0.446341 0.000000 0.000000 0.000000 0.000000
0.190000 0.446341 0.000269 0.001210 0.600000 0.001240
0.316667 0.446341 0.000048 -0.000020 0.600000 0.000052
0.443333 0.446341 -0.001607 -0.001146 0.600000 0.001974
0.570000 0.446341 -0.003565 -0.002585 0.599999 0.004404
0.696667 0.446341 -0.005155 -0.002235 0.599999 0.005619
0.823333 0.446341 -0.006584 -0.001637 0.600000 0.006785
0.950000 0.446341 -0.007604 -0.000997 0.600000 0.007669
1.076667 0.446341 -0.008159 -0.000461 0.599991 0.008172
1.203333 0.446341 -0.008323 -0.000060 0.599960 0.008323
1.330000 0.446341 -0.008197 0.000179 0.599922 0.008199
1.456667 0.446341 -0.007847 0.000297 0.599880 0.007853
1.583333 0.446341 -0.007208 0.000301 0.599852 0.007214
1.710000 0.446341 -0.006024 -0.000056 0.599877 0.006024
1.836667 0.446341 -0.005051 -0.001152 0.600000 0.005181
1.963333 0.446341 -0.005753 -0.000456 0.600000 0.005771
2.090000 0.446341 -0.005981 0.000017 0.599903 0.005981
2.216667 0.446341 -0.005023 0.000239 0.599896 0.005029
2.343333 0.446341 -0.004535 0.000329 0.599917 0.004547
2.470000 0.446341 -0.004241 0.000226 0.599949 0.004247
2.596667 0.446341 -0.004130 0.000098 0.599974 0.004131
2.723333 0.446341 -0.004139 -0.000043 0.599993 0.004139
2.850000 0.446341 -0.004227 -0.000196 0.600000 0.004232
2.976667 0.446341 -0.004431 -0.000433 0.600000 0.004453
3.103333 0.446341 -0.004672 -0.000510 0.599997 0.004700
3.230000 0.446341 -0.004422 -0.000187 0.599985 0.004426
3.356667 0.446341 -0.003690 0.001001 0.600000 0.003824
3.483333 0.446341 -0.002753 0.002579 0.600000 0.003772
3.610000 0.446341 -0.001101 0.003895 0.600000 0.004048
3.736667 0.446341 0.000000 0.000000 0.000000 0.000000
0.063333 0.460976 0.000000 0.000000 0.000000 0.000000
0.190000 0.460976 0.000239 0.001081 0.600000 0.001107
0.316667 0.460976 0.000056 0.000046 0.600000 0.000073
0.443333 0.460976 -0.001225 -0.000818 0.600000 0.001473
0.570000 0.460976 -0.003089 -0.002377 0.600000 0.003898
0.696667 0.460976 -0.004937 -0.002046 0.600000 0.005344
0.823333 0.460976 -0.006431 -0.001489 0.600000 0.006601
0.950000 0.460976 -0.007482 -0.000906 0.600000 0.007536
1.076667 0.460976 -0.008058 -0.000421 0.600000 0.008069
1.203333 0.460976 -0.008235 -0.000060 0.599999 0.008235
1.330000 0.460976 -0.008117 0.000151 0.599996 0.008118
1.456667 0.460976 -0.007781 0.000245 0.599993 0.007785
1.583333 0.460976 -0.007211 0.000212 0.599991 0.007214
1.710000 0.460976 -0.006436 -0.000194 0.599994 0.006439
1.836667 0.460976 -0.005411 -0.000796 0.600000 0.005469
1.963333 0.460976 -0.005418 -0.000157 0.600000 0.005420
2.090000 0.460976 -0.005663 -0.000103 0.599996 0.005663
2.216667 0.460976 -0.005049 0.000178 0.599995 0.005052
2.343333 0.460976 -0.004606 0.000283 0.599996 0.004615
2.470000 0.460976 -0.004316 0.000205 0.599998 0.004321
2.596667 0.460976 -0.004196 0.000092 0.599999 0.004197
2.723333 0.460976 -0.004199 -0.000036 0.600000 0.004200
2.850000 0.460976 -0.004297 -0.000182 0.600000 0.004301
2.976667 0.460976 -0.004519 -0.000398 0.600000 0.004537
3.103333 0.460976 -0.004796 -0.000485 0.600000 0.004821
3.230000 0.460976 -0.004790 -0.000242 0.600000 0.004796
3.356667 0.460976 -0.003970 0.001049 0.600000 0.004107
3.483333 0.460976 -0.002697 0.002338 0.600000 0.003569
3.610000 0.460976 -0.001057 0.003467 0.600000 0.003625
3.736667 0.460976 0.000000 0.000000 0.000000 0.000000
0.063333 0.475610 0.000000 0.000000 0.000000 0.000000
0.190000 0.475610 0.000222 0.000957 0.600000 0.000982
0.316667 0.475610 0.000092 0.000094 0.600000 0.000131
0.443333 0.475610 -0.000917 -0.000597 0.600000 0.001094
0.570000 0.475610 -0.002699 -0.002131 0.600000 0.003439
0.696667 0.475610 -0.004718 -0.001846 0.600000 0.005066
0.823333 0.475610 -0.006285 -0.001336 0.600000 0.006425
0.950000 0.475610 -0.007372 -0.000813 0.600000 0.007417
1.076667 0.475610 -0.007971 -0.000379 0.600000 0.007980
1.203333 0.475610 -0.008163 -0.000059 0.600000 0.008163
1.330000 0.475610 -0.008057 0.000124 0.600000 0.008058
1.456667 0.475610 -0.007744 0.000197 0.600000 0.007746
1.583333 0.475610 -0.007254 0.000138 0.600000 0.007256
1.710000 0.475610 -0.006784 -0.000263 0.600000 0.006789
1.836667 0.475610 -0.005695 -0.000550 0.600000 0.005722
1.963333 0.475610 -0.005193 0.000024 0.600000 0.005193
2.090000 0.475610 -0.005435 -0.000164 0.600000 0.005438
2.216667 0.475610 -0.005068 0.000126 0.600000 0.005070
2.343333 0.475610 -0.004679 0.000239 0.600000 0.004685
2.470000 0.475610 -0.004398 0.000182 0.600000 0.004402
2.596667 0.475610 -0.004270 0.000086 0.600000 0.004271
2.723333 0.475610 -0.004267 -0.000029 0.600000 0.004267
2.850000 0.475610 -0.004372 -0.000165 0.600000 0.004375
2.976667 0.475610 -0.004613 -0.000361 0.600000 0.004627
3.103333 0.475610 -0.004932 -0.000453 0.600000 0.004953
3.230000 0.475610 -0.005091 -0.000256 0.600000 0.005097
3.356667 0.475610 -0.004193 0.001018 0.600000 0.004315
3.483333 0.475610 -0.002670 0.002090 0.600000 0.003390
3.610000 0.475610 -0.001024 0.003048 0.600000 0.003216
3.736667 0.475610 0.000000 0.000000 0.000000 0.000000
0.063333 0.490244 0.000000 0.000000 0.000000 0.000000
0.190000 0.490244 0.000216 0.000836 0.600000 0.000863
0.316667 0.490244 0.000144 0.000124 0.600000 0.000190
0.443333 0.490244 -0.000665 -0.000443 0.600000 0.000800
0.570000 0.490244 -0.002376 -0.001864 0.600000 0.003020
0.696667 0.490244 -0.004508 -0.001634 0.600000 0.004794
0.823333 0.490244 -0.006149 -0.001177 0.600000 0.006260
0.950000 0.490244 -0.007276 -0.000715 0.600000 0.007311
1.076667 0.490244 -0.007899 -0.000336 0.600000 0.007906
1.203333 0.490244 -0.008106 -0.000057 0.600000 0.008106
1.330000 0.490244 -0.008015 0.000099 0.600000 0.008016
1.456667 0.490244 -0.007730 0.000153 0.600000 0.007732
1.583333 0.490244 -0.007325 0.000079 0.600000 0.007325
1.710000 0.490244 -0.007079 -0.000287 0.600000 0.007085
1.836667 0.490244 -0.005923 -0.000378 0.600000 0.005935
1.963333 0.490244 -0.005049 0.000126 0.600000 0.005050
2.090000 0.490244 -0.005279 -0.000187 0.600000 0.005282
2.216667 0.490244 -0.005085 0.000083 0.600000 0.005086
2.343333 0.490244 -0.004752 0.000198 0.600000 0.004756
2.470000 0.490244 -0.004481 0.000160 0.600000 0.004484
2.596667 0.490244 -0.004346 0.000078 0.600000 0.004347
2.723333 0.490244 -0.004338 -0.000023 0.600000 0.004338
2.850000 0.490244 -0.004449 -0.000146 0.600000 0.004451
2.976667 0.490244 -0.004710 -0.000322 0.600000 0.004721
3.103333 0.490244 -0.005073 -0.000414 0.600000 0.005089
3.230000 0.490244 -0.005342 -0.000246 0.600000 0.005348
3.356667 0.490244 -0.004374 0.000936 0.600000 0.004473
3.483333 0.490244 -0.002663 0.001835 0.600000 0.003233
3.610000 0.490244 -0.001001 0.002637 0.600000 0.002821
3.736667 0.490244 0.000000 0.000000 0.000000 0.000000
0.063333 0.504878 0.000000 0.000000 0.000000 0.000000
0.190000 0.504878 0.000217 0.000715 0.600000 0.000748
0.316667 0.504878 0.000206 0.000138 0.600000 0.000248
0.443333 0.504878 -0.000452 -0.000333 0.600000 0.000561
0.570000 0.504878 -0.002101 -0.001586 0.600000 0.002632
0.696667 0.504878 -0.004309 -0.001410 0.600000 0.004534
0.823333 0.504878 -0.006023 -0.001013 0.600000 0.006108
0.950000 0.504878 -0.007191 -0.000614 0.600000 0.007218
1.076667 0.504878 -0.007839 -0.000290 0.600000 0.007844
1.203333 0.504878 -0.008063 -0.000053 0.600000 0.008063
1.330000 0.504878 -0.007990 0.000076 0.600000 0.007990
1.456667 0.504878 -0.007737 0.000114 0.600000 0.007738
1.583333 0.504878 -0.007414 0.000034 0.600000 0.007415
1.710000 0.504878 -0.007335 -0.000280 0.600000 0.007341
1.836667 0.504878 -0.006115 -0.000256 0.600000 0.006120
1.963333 0.504878 -0.004967 0.000174 0.600000 0.004970
2.090000 0.504878 -0.005177 -0.000184 0.600000 0.005180
2.216667 0.504878 -0.005106 0.000050 0.600000 0.005106
2.343333 0.504878 -0.004825 0.000160 0.600000 0.004828
2.470000 0.504878 -0.004566 0.000136 0.600000 0.004569
2.596667 0.504878 -0.004426 0.000070 0.600000 0.004426
2.723333 0.504878 -0.004411 -0.000017 0.600000 0.004411
2.850000 0.504878 -0.004527 -0.000126 0.600000 0.004529
2.976667 0.504878 -0.004807 -0.000279 0.600000 0.004815
3.103333 0.504878 -0.005213 -0.000368 0.600000 0.005226
3.230000 0.504878 -0.005557 -0.000222 0.600000 0.005562
3.356667 0.504878 -0.004527 0.000823 0.600000 0.004601
3.483333 0.504878 -0.002671 0.001572 0.600000 0.003099
3.610000 0.504878 -0.000987 0.002230 0.600000 0.002439
3.736667 0.504878 0.000000 0.000000 0.000000 0.000000
0.063333 0.519512 0.000000 0.000000 0.000000 0.000000
0.190000 0.519512 0.000226 0.000594 0.600000 0.000636
0.316667 0.519512 0.000278 0.000138 0.600000 0.000310
0.443333 0.519512 -0.000264 -0.000248 0.600000 0.000362
0.570000 0.519512 -0.001860 -0.001303 0.600000 0.002271
0.696667 0.519512 -0.004125 -0.001176 0.600000 0.004290
0.823333 0.519512 -0.005911 -0.000842 0.600000 0.005971
0.950000 0.519512 -0.007122 -0.000510 0.600000 0.007140
1.076667 0.519512 -0.007794 -0.000241 0.600000 0.007798
1.203333 0.519512 -0.008036 -0.000048 0.600000 0.008036
1.330000 0.519512 -0.007983 0.000056 0.600000 0.007983
1.456667 0.519512 -0.007767 0.000080 0.600000 0.007767
1.583333 0.519512 -0.007524 0.000003 0.600000 0.007524
1.710000 0.519512 -0.007571 -0.000252 0.600000 0.007576
1.836667 0.519512 -0.006292 -0.000169 0.600000 0.006294
1.963333 0.519512 -0.004939 0.000187 0.600000 0.004943
2.090000 0.519512 -0.005126 -0.000166 0.600000 0.005129
2.216667 0.519512 -0.005141 0.000026 0.600000 0.005141
2.343333 0.519512 -0.004908 0.000126 0.600000 0.004910
2.470000 0.519512 -0.004661 0.000113 0.600000 0.004662
2.596667 0.519512 -0.004514 0.000060 0.600000 0.004514
2.723333 0.519512 -0.004492 -0.000012 0.600000 0.004492
2.850000 0.519512 -0.004610 -0.000105 0.600000 0.004611
2.976667 0.519512 -0.004907 -0.000234 0.600000 0.004912
3.103333 0.519512 -0.005352 -0.000314 0.600000 0.005361
3.230000 0.519512 -0.005749 -0.000189 0.600000 0.005752
3.356667 0.519512 -0.004662 0.000691 0.600000 0.004713
3.483333 0.519512 -0.002691 0.001302 0.600000 0.002990
3.610000 0.519512 -0.000980 0.001827 0.600000 0.002073
3.736667 0.519512 0.000000 0.000000 0.000000 0.000000
0.063333 0.534146 0.000000 0.000000 0.000000 0.000000
0.190000 0.534146 0.000241 0.000470 0.600000 0.000528
0.316667 0.534146 0.000354 0.000124 0.600000 0.000375
0.443333 0.534146 -0.000092 -0.000179 0.600000 0.000201
0.570000 0.534146 -0.001646 -0.001018 0.600000 0.001935
0.696667 0.534146 -0.003958 -0.000932 0.600000 0.004066
0.823333 0.534146 -0.005813 -0.000666 0.600000 0.005851
0.950000 0.534146 -0.007065 -0.000402 0.600000 0.007076
1.076667 0.534146 -0.007761 -0.000191 0.600000 0.007763
1.203333 0.534146 -0.008019 -0.000040 0.600000 0.008019
1.330000 0.534146 -0.007986 0.000038 0.600000 0.007986
1.456667 0.534146 -0.007807 0.000052 0.600000 0.007807
1.583333 0.534146 -0.007638 -0.000017 0.600000 0.007639
1.710000 0.534146 -0.007784 -0.000210 0.600000 0.007786
1.836667 0.534146 -0.006451 -0.000104 0.600000 0.006452
1.963333 0.534146 -0.004941 0.000175 0.600000 0.004944
2.090000 0.534146 -0.005101 -0.000138 0.600000 0.005103
2.216667 0.534146 -0.005180 0.000009 0.600000 0.005180
2.343333 0.534146 -0.004990 0.000094 0.600000 0.004991
2.470000 0.534146 -0.004754 0.000089 0.600000 0.004755
2.596667 0.534146 -0.004600 0.000049 0.600000 0.004601
2.723333 0.534146 -0.004570 -0.000007 0.600000 0.004570
2.850000 0.534146 -0.004689 -0.000082 0.600000 0.004690
2.976667 0.534146 -0.005002 -0.000187 0.600000 0.005005
3.103333 0.534146 -0.005485 -0.000255 0.600000 0.005491
3.230000 0.534146 -0.005922 -0.000152 0.600000 0.005924
3.356667 0.534146 -0.004788 0.000549 0.600000 0.004819
3.483333 0.534146 -0.002722 0.001024 0.600000 0.002909
3.610000 0.534146 -0.000979 0.001424 0.600000 0.001728
3.736667 0.534146 0.000000 0.000000 0.000000 0.000000
0.063333 0.548780 0.000000 0.000000 0.000000 0.000000
0.190000 0.548780 0.000262 0.000343 0.600000 0.000431
0.316667 0.548780 0.000437 0.000101 0.600000 0.000449
0.443333 0.548780 0.000074 -0.000119 0.600000 0.000140
0.570000 0.548780 -0.001445 -0.000732 0.600000 0.001620
0.696667 0.548780 -0.003806 -0.000678 0.600000 0.003866
0.823333 0.548780 -0.005730 -0.000483 0.600000 0.005751
0.950000 0.548780 -0.007024 -0.000291 0.600000 0.007030
1.076667 0.548780 -0.007744 -0.000139 0.600000 0.007745
1.203333 0.548780 -0.008020 -0.000031 0.600000 0.008020
1.330000 0.548780 -0.008008 0.000024 0.600000 0.008008
1.456667 0.548780 -0.007869 0.000030 0.600000 0.007869
1.583333 0.548780 -0.007775 -0.000025 0.600000 0.007775
1.710000 0.548780 -0.008002 -0.000159 0.600000 0.008003
1.836667 0.548780 -0.006626 -0.000056 0.600000 0.006626
1.963333 0.548780 -0.004987 0.000144 0.600000 0.004989
2.090000 0.548780 -0.005119 -0.000105 0.600000 0.005120
2.216667 0.548780 -0.005246 -0.000001 0.600000 0.005246
2.343333 0.548780 -0.005094 0.000064 0.600000 0.005094
2.470000 0.548780 -0.004865 0.000064 0.600000 0.004865
2.596667 0.548780 -0.004702 0.000037 0.600000 0.004702
2.723333 0.548780 -0.004660 -0.000003 0.600000 0.004660
2.850000 0.548780 -0.004775 -0.000059 0.600000 0.004776
2.976667 0.548780 -0.005100 -0.000136 0.600000 0.005102
3.103333 0.548780 -0.005618 -0.000189 0.600000 0.005621
3.230000 0.548780 -0.006089 -0.000113 0.600000 0.006090
3.356667 0.548780 -0.004912 0.000399 0.600000 0.004928
3.483333 0.548780 -0.002763 0.000740 0.600000 0.002861
3.610000 0.548780 -0.000984 0.001021 0.600000 0.001418
3.736667 0.548780 0.000000 0.000000 0.000000 0.000000
0.063333 0.563415 0.000000 0.000000 0.000000 0.000000
0.190000 0.563415 0.000286 0.000210 0.600000 0.000355
0.316667 0.563415 0.000524 0.000067 0.600000 0.000529
0.443333 0.563415 0.000238 -0.000066 0.600000 0.000247
0.570000 0.563415 -0.001256 -0.000444 0.600000 0.001332
0.696667 0.563415 -0.003673 -0.000415 0.600000 0.003696
0.823333 0.563415 -0.005664 -0.000294 0.600000 0.005672
0.950000 0.563415 -0.006996 -0.000177 0.600000 0.006998
1.076667 0.563415 -0.007737 -0.000084 0.600000 0.007738
1.203333 0.563415 -0.008029 -0.000019 0.600000 0.008029
1.330000 0.563415 -0.008037 0.000012 0.600000 0.008037
1.456667 0.563415 -0.007936 0.000013 0.600000 0.007936
1.583333 0.563415 -0.007910 -0.000023 0.600000 0.007910
1.710000 0.563415 -0.008209 -0.000101 0.600000 0.008209
1.836667 0.563415 -0.006797 -0.000022 0.600000 0.006797
1.963333 0.563415 -0.005045 0.000099 0.600000 0.005046
2.090000 0.563415 -0.005146 -0.000066 0.600000 0.005147
2.216667 0.563415 -0.005315 -0.000005 0.600000 0.005315
2.343333 0.563415 -0.005197 0.000037 0.600000 0.005197
2.470000 0.563415 -0.004974 0.000039 0.600000 0.004974
2.596667 0.563415 -0.004801 0.000024 0.600000 0.004801
2.723333 0.563415 -0.004746 -0.000001 0.600000 0.004746
2.850000 0.563415 -0.004856 -0.000035 0.600000 0.004856
2.976667 0.563415 -0.005190 -0.000084 0.600000 0.005191
3.103333 0.563415 -0.005743 -0.000118 0.600000 0.005744
3.230000 0.563415 -0.006250 -0.000071 0.600000 0.006250
3.356667 0.563415 -0.005038 0.000244 0.600000 0.005044
3.483333 0.563415 -0.002814 0.000450 0.600000 0.002849
3.610000 0.563415 -0.000994 0.000615 0.600000 0.001169
3.736667 0.563415 0.000000 0.000000 0.000000 0.000000
0.063333 0.578049 0.000000 0.000000 0.000000 0.000000
0.190000 0.578049 0.000320 0.000071 0.600000 0.000328
0.316667 0.578049 0.000635 0.000024 0.600000 0.000636
0.443333 0.578049 0.000447 -0.000021 0.600000 0.000448
0.570000 0.578049 -0.001028 -0.000149 0.600000 0.001038
0.696667 0.578049 -0.003534 -0.000140 0.600000 0.003537
0.823333 0.578049 -0.005607 -0.000099 0.600000 0.005608
0.950000 0.578049 -0.006979 -0.000059 0.600000 0.006979
1.076667 0.578049 -0.007738 -0.000028 0.600000 0.007738
1.203333 0.578049 -0.008041 -0.000007 0.600000 0.008041
1.330000 0.578049 -0.008068 0.000004 0.600000 0.008068
1.456667 0.578049 -0.008008 0.000003 0.600000 0.008008
1.583333 0.578049 -0.008060 -0.000009 0.600000 0.008060
1.710000 0.578049 -0.008444 -0.000035 0.600000 0.008444
1.836667 0.578049 -0.006997 -0.000004 0.600000 0.006997
1.963333 0.578049 -0.005107 0.000036 0.600000 0.005107
2.090000 0.578049 -0.005166 -0.000023 0.600000 0.005166
2.216667 0.578049 -0.005392 -0.000003 0.600000 0.005392
2.343333 0.578049 -0.005313 0.000012 0.600000 0.005313
2.470000 0.578049 -0.005094 0.000013 0.600000 0.005094
2.596667 0.578049 -0.004908 0.000008 0.600000 0.004908
2.723333 0.578049 -0.004837 0.000000 0.600000 0.004837
2.850000 0.578049 -0.004937 -0.000012 0.600000 0.004937
2.976667 0.578049 -0.005283 -0.000028 0.600000 0.005283
3.103333 0.578049 -0.005881 -0.000041 0.600000 0.005882
3.230000 0.578049 -0.006447 -0.000025 0.600000 0.006447
3.356667 0.578049 -0.005206 0.000083 0.600000 0.005206
3.483333 0.578049 -0.002889 0.000151 0.600000 0.002893
3.610000 0.578049 -0.001013 0.000206 0.600000 0.001034
3.736667 0.578049 0.000000 0.000000 0.000000 0.000000
0.063333 0.592683 0.000000 0.000000 0.000000 0.000000
0.190000 0.592683 0.000000 0.000000 0.000000 0.000000
0.316667 0.592683 0.000000 0.000000 0.000000 0.000000
0.443333 0.592683 0.000000 0.000000 0.000000 0.000000
0.570000 0.592683 0.000000 0.000000 0.000000 0.000000
0.696667 0.592683 0.000000 0.000000 0.000000 0.000000
0.823333 0.592683 0.000000 0.000000 0.000000 0.000000
0.950000 0.592683 0.000000 0.000000 0.000000 0.000000
1.076667 0.592683 0.000000 0.000000 0.000000 0.000000
1.203333 0.592683 0.000000 0.000000 0.000000 0.000000
1.330000 0.592683 0.000000 0.000000 0.000000 0.000000
1.456667 0.592683 0.000000 0.000000 0.000000 0.000000
1.583333 0.592683 0.000000 0.000000 0.000000 0.000000
1.710000 0.592683 0.000000 0.000000 0.000000 0.000000
1.836667 0.592683 0.000000 0.000000 0.000000 0.000000
1.963333 0.592683 0.000000 0.000000 0.000000 0.000000
2.090000 0.592683 0.000000 0.000000 0.000000 0.000000
2.216667 0.592683 0.000000 0.000000 0.000000 0.000000
2.343333 0.592683 0.000000 0.000000 0.000000 0.000000
2.470000 0.592683 0.000000 0.000000 0.000000 0.000000
2.596667 0.592683 0.000000 0.000000 0.000000 0.000000
2.723333 0.592683 0.000000 0.000000 0.000000 0.000000
2.850000 0.592683 0.000000 0.000000 0.000000 0.000000
2.976667 0.592683 0.000000 0.000000 0.000000 0.000000
3.103333 0.592683 0.000000 0.000000 0.000000 0.000000
3.230000 0.592683 0.000000 0.000000 0.000000 0.000000
3.356667 0.592683 0.000000 0.000000 0.000000 0.000000
3.483333 0.592683 0.000000 0.000000 0.000000 0.000000
3.610000 0.592683 0.000000 0.000000 0.000000 0.000000
3.736667 0.592683 0.000000 0.000000 0.000000 0.000000
