TITLE="(Vx,Vy)"
VARIABLES=X,Y,Vx,Vy,Vm,V
ZONE T="T-Dummy" I=30, J=41, F=POINT
0.063333 0.007317 0.000000 0.000000 0.000000 0.000000
0.190000 0.007317 0.000000 0.000000 0.000000 0.000000
0.316667 0.007317 0.000000 0.000000 0.000000 0.000000
0.443333 0.007317 0.000000 0.000000 0.000000 0.000000
0.570000 0.007317 0.000000 0.000000 0.000000 0.000000
0.696667 0.007317 0.000000 0.000000 0.000000 0.000000
0.823333 0.007317 0.000000 0.000000 0.000000 0.000000
0.950000 0.007317 0.000000 0.000000 0.000000 0.000000
1.076667 0.007317 0.000000 0.000000 0.000000 0.000000
1.203333 0.007317 0.000000 0.000000 0.000000 0.000000
1.330000 0.007317 0.000000 0.000000 0.000000 0.000000
1.456667 0.007317 0.000000 0.000000 0.000000 0.000000
1.583333 0.007317 0.000000 0.000000 0.000000 0.000000
1.710000 0.007317 0.000000 0.000000 0.000000 0.000000
1.836667 0.007317 0.000000 0.000000 0.000000 0.000000
1.963333 0.007317 0.000000 0.000000 0.000000 0.000000
2.090000 0.007317 0.000000 0.000000 0.000000 0.000000
2.216667 0.007317 0.000000 0.000000 0.000000 0.000000
2.343333 0.007317 0.000000 0.000000 0.000000 0.000000
2.470000 0.007317 0.000000 0.000000 0.000000 0.000000
2.596667 0.007317 0.000000 0.000000 0.000000 0.000000
2.723333 0.007317 0.000000 0.000000 0.000000 0.000000
2.850000 0.007317 0.000000 0.000000 0.000000 0.000000
2.976667 0.007317 0.000000 0.000000 0.000000 0.000000
3.103333 0.007317 0.000000 0.000000 0.000000 0.000000
3.230000 0.007317 0.000000 0.000000 0.000000 0.000000
3.356667 0.007317 0.000000 0.000000 0.000000 0.000000
3.483333 0.007317 0.000000 0.000000 0.000000 0.000000
3.610000 0.007317 0.000000 0.000000 0.000000 0.000000
3.736667 0.007317 0.000000 0.000000 0.000000 0.000000
0.063333 0.021951 0.000000 0.000000 0.000000 0.000000
0.190000 0.021951 0.000308 -0.000010 0.900000 0.000308
0.316667 0.021951 0.001630 -0.000081 0.900000 0.001632
0.443333 0.021951 0.004167 -0.000129 0.900000 0.004169
0.570000 0.021951 0.007029 -0.000085 0.900000 0.007030
0.696667 0.021951 0.009746 -0.000069 0.900000 0.009746
0.823333 0.021951 0.012681 -0.000095 0.900000 0.012681
0.950000 0.021951 0.015623 -0.000077 0.900000 0.015623
1.076667 0.021951 0.018351 -0.000069 0.900000 0.018351
1.203333 0.021951 0.020935 -0.000067 0.900000 0.020935
1.330000 0.021951 0.023090 -0.000056 0.900000 0.023090
1.456667 0.021951 0.024565 -0.000043 0.900000 0.024565
1.583333 0.021951 0.025369 -0.000032 0.900000 0.025369
1.710000 0.021951 0.025538 -0.000022 0.900000 0.025538
1.836667 0.021951 0.025192 -0.000026 0.900000 0.025192
1.963333 0.021951 0.024641 -0.000025 0.900000 0.024641
2.090000 0.021951 0.024153 -0.000010 0.900000 0.024153
2.216667 0.021951 0.023860 -0.000006 0.900000 0.023860
2.343333 0.021951 0.023877 -0.000018 0.900000 0.023877
2.470000 0.021951 0.024200 -0.000025 0.900000 0.024200
2.596667 0.021951 0.024577 -0.000003 0.900000 0.024577
2.723333 0.021951 0.024766 0.000004 0.900000 0.024766
2.850000 0.021951 0.024751 -0.000010 0.900000 0.024751
2.976667 0.021951 0.024575 -0.000024 0.900000 0.024575
3.103333 0.021951 0.024098 -0.000019 0.900000 0.024098
3.230000 0.021951 0.022819 0.000050 0.900000 0.022819
3.356667 0.021951 0.020422 0.000116 0.900000 0.020423
3.483333 0.021951 0.015522 0.000353 0.900000 0.015526
3.610000 0.021951 0.006044 0.000660 0.900000 0.006080
3.736667 0.021951 0.000000 0.000000 0.000000 0.000000
0.063333 0.036585 0.000000 0.000000 0.000000 0.000000
0.190000 0.036585 0.000305 -0.000029 0.900000 0.000306
0.316667 0.036585 0.001638 -0.000245 0.900000 0.001656
0.443333 0.036585 0.004239 -0.000394 0.900000 0.004257
0.570000 0.036585 0.007999 -0.000359 0.900000 0.008007
0.696667 0.036585 0.011272 -0.000204 0.900000 0.011274
0.823333 0.036585 0.013377 -0.000246 0.900000 0.013379
0.950000 0.036585 0.015532 -0.000221 0.900000 0.015533
1.076667 0.036585 0.017857 -0.000207 0.900000 0.017858
1.203333 0.036585 0.020170 -0.000205 0.900000 0.020171
1.330000 0.036585 0.022106 -0.000173 0.900000 0.022106
1.456667 0.036585 0.023408 -0.000137 0.900000 0.023409
1.583333 0.036585 0.024136 -0.000109 0.900000 0.024136
1.710000 0.036585 0.024413 -0.000090 0.900000 0.024414
1.836667 0.036585 0.024417 -0.000112 0.900000 0.024417
1.963333 0.036585 0.024325 -0.000109 0.900000 0.024325
2.090000 0.036585 0.024162 -0.000052 0.900000 0.024162
2.216667 0.036585 0.023967 -0.000032 0.900000 0.023967
2.343333 0.036585 0.023934 -0.000068 0.900000 0.023934
2.470000 0.036585 0.024156 -0.000090 0.900000 0.024156
2.596667 0.036585 0.024414 -0.000022 0.900000 0.024414
2.723333 0.036585 0.024467 -0.000001 0.900000 0.024467
2.850000 0.036585 0.024295 -0.000043 0.900000 0.024295
2.976667 0.036585 0.023806 -0.000073 0.900000 0.023806
3.103333 0.036585 0.022877 -0.000060 0.900000 0.022877
3.230000 0.036585 0.021997 0.000080 0.900000 0.021997
3.356667 0.036585 0.020327 0.000337 0.900000 0.020330
3.483333 0.036585 0.015555 0.001058 0.900000 0.015591
3.610000 0.036585 0.006072 0.001984 0.900000 0.006388
3.736667 0.036585 0.000000 0.000000 0.000000 0.000000
0.063333 0.051220 0.000000 0.000000 0.000000 0.000000
0.190000 0.051220 0.000288 -0.000047 0.900000 0.000292
0.316667 0.051220 0.001615 -0.000413 0.900000 0.001666
0.443333 0.051220 0.004248 -0.000670 0.900000 0.004300
0.570000 0.051220 0.007779 -0.000712 0.900000 0.007811
0.696667 0.051220 0.010908 -0.000351 0.900000 0.010913
0.823333 0.051220 0.013193 -0.000367 0.900000 0.013198
0.950000 0.051220 0.015431 -0.000358 0.900000 0.015435
1.076667 0.051220 0.017770 -0.000346 0.900000 0.017773
1.203333 0.051220 0.020088 -0.000347 0.900000 0.020091
1.330000 0.051220 0.022028 -0.000296 0.900000 0.022030
1.456667 0.051220 0.023335 -0.000237 0.900000 0.023336
1.583333 0.051220 0.024067 -0.000198 0.900000 0.024068
1.710000 0.051220 0.024348 -0.000180 0.900000 0.024349
1.836667 0.051220 0.024357 -0.000233 0.900000 0.024358
1.963333 0.051220 0.024272 -0.000227 0.900000 0.024273
2.090000 0.051220 0.024109 -0.000119 0.900000 0.024109
2.216667 0.051220 0.023908 -0.000073 0.900000 0.023908
2.343333 0.051220 0.023875 -0.000132 0.900000 0.023876
2.470000 0.051220 0.024111 -0.000170 0.900000 0.024112
2.596667 0.051220 0.024380 -0.000055 0.900000 0.024380
2.723333 0.051220 0.024436 -0.000020 0.900000 0.024436
2.850000 0.051220 0.024287 -0.000092 0.900000 0.024288
2.976667 0.051220 0.023929 -0.000133 0.900000 0.023929
3.103333 0.051220 0.023156 -0.000102 0.900000 0.023156
3.230000 0.051220 0.022136 0.000064 0.900000 0.022136
3.356667 0.051220 0.020345 0.000541 0.900000 0.020352
3.483333 0.051220 0.015661 0.001757 0.900000 0.015760
3.610000 0.051220 0.006139 0.003320 0.900000 0.006979
3.736667 0.051220 0.000000 0.000000 0.000000 0.000000
0.063333 0.065854 0.000000 0.000000 0.000000 0.000000
0.190000 0.065854 0.000259 -0.000060 0.900000 0.000266
0.316667 0.065854 0.001565 -0.000584 0.900000 0.001671
0.443333 0.065854 0.004217 -0.000952 0.900000 0.004323
0.570000 0.065854 0.007575 -0.001025 0.900000 0.007644
0.696667 0.065854 0.010595 -0.000525 0.900000 0.010608
0.823333 0.065854 0.013015 -0.000508 0.900000 0.013025
0.950000 0.065854 0.015329 -0.000500 0.900000 0.015337
1.076667 0.065854 0.017683 -0.000486 0.900000 0.017689
1.203333 0.065854 0.020008 -0.000491 0.900000 0.020014
1.330000 0.065854 0.021955 -0.000420 0.900000 0.021959
1.456667 0.065854 0.023267 -0.000338 0.900000 0.023269
1.583333 0.065854 0.024002 -0.000287 0.900000 0.024003
1.710000 0.065854 0.024283 -0.000269 0.900000 0.024284
1.836667 0.065854 0.024299 -0.000356 0.900000 0.024301
1.963333 0.065854 0.024227 -0.000348 0.900000 0.024230
2.090000 0.065854 0.024064 -0.000185 0.900000 0.024065
2.216667 0.065854 0.023849 -0.000115 0.900000 0.023850
2.343333 0.065854 0.023814 -0.000197 0.900000 0.023815
2.470000 0.065854 0.024068 -0.000256 0.900000 0.024069
2.596667 0.065854 0.024350 -0.000088 0.900000 0.024350
2.723333 0.065854 0.024406 -0.000038 0.900000 0.024406
2.850000 0.065854 0.024281 -0.000143 0.900000 0.024282
2.976667 0.065854 0.024049 -0.000215 0.900000 0.024050
3.103333 0.065854 0.023415 -0.000139 0.900000 0.023416
3.230000 0.065854 0.022287 0.000092 0.900000 0.022287
3.356667 0.065854 0.020420 0.000731 0.900000 0.020433
3.483333 0.065854 0.015839 0.002450 0.900000 0.016027
3.610000 0.065854 0.006244 0.004676 0.900000 0.007800
3.736667 0.065854 0.000000 0.000000 0.000000 0.000000
0.063333 0.080488 0.000000 0.000000 0.000000 0.000000
0.190000 0.080488 0.000216 -0.000066 0.900000 0.000226
0.316667 0.080488 0.001489 -0.000759 0.900000 0.001671
0.443333 0.080488 0.004152 -0.001239 0.900000 0.004333
0.570000 0.080488 0.007382 -0.001309 0.900000 0.007497
0.696667 0.080488 0.010320 -0.000722 0.900000 0.010345
0.823333 0.080488 0.012844 -0.000667 0.900000 0.012862
0.950000 0.080488 0.015222 -0.000647 0.900000 0.015236
1.076667 0.080488 0.017590 -0.000629 0.900000 0.017601
1.203333 0.080488 0.019923 -0.000639 0.900000 0.019933
1.330000 0.080488 0.021879 -0.000545 0.900000 0.021886
1.456667 0.080488 0.023194 -0.000438 0.900000 0.023198
1.583333 0.080488 0.023929 -0.000375 0.900000 0.023932
1.710000 0.080488 0.024208 -0.000357 0.900000 0.024211
1.836667 0.080488 0.024233 -0.000483 0.900000 0.024238
1.963333 0.080488 0.024183 -0.000473 0.900000 0.024188
2.090000 0.080488 0.024021 -0.000252 0.900000 0.024022
2.216667 0.080488 0.023786 -0.000157 0.900000 0.023786
2.343333 0.080488 0.023744 -0.000265 0.900000 0.023745
2.470000 0.080488 0.024021 -0.000348 0.900000 0.024023
2.596667 0.080488 0.024318 -0.000122 0.900000 0.024318
2.723333 0.080488 0.024369 -0.000057 0.900000 0.024369
2.850000 0.080488 0.024269 -0.000197 0.900000 0.024270
2.976667 0.080488 0.024160 -0.000319 0.900000 0.024162
3.103333 0.080488 0.023656 -0.000172 0.900000 0.023656
3.230000 0.080488 0.022443 0.000156 0.900000 0.022444
3.356667 0.080488 0.020545 0.000905 0.900000 0.020565
3.483333 0.080488 0.016088 0.003136 0.900000 0.016391
3.610000 0.080488 0.006388 0.006061 0.900000 0.008806
3.736667 0.080488 0.000000 0.000000 0.000000 0.000000
0.063333 0.095122 0.000000 0.000000 0.000000 0.000000
0.190000 0.095122 0.000160 -0.000062 0.900000 0.000172
0.316667 0.095122 0.001385 -0.000937 0.900000 0.001672
0.443333 0.095122 0.004059 -0.001530 0.900000 0.004338
0.570000 0.095122 0.007198 -0.001575 0.900000 0.007368
0.696667 0.095122 0.010080 -0.000936 0.900000 0.010123
0.823333 0.095122 0.012685 -0.000844 0.900000 0.012713
0.950000 0.095122 0.015118 -0.000801 0.900000 0.015139
1.076667 0.095122 0.017498 -0.000775 0.900000 0.017515
1.203333 0.095122 0.019841 -0.000791 0.900000 0.019857
1.330000 0.095122 0.021807 -0.000674 0.900000 0.021817
1.456667 0.095122 0.023124 -0.000539 0.900000 0.023130
1.583333 0.095122 0.023858 -0.000463 0.900000 0.023862
1.710000 0.095122 0.024131 -0.000443 0.900000 0.024135
1.836667 0.095122 0.024167 -0.000614 0.900000 0.024175
1.963333 0.095122 0.024147 -0.000604 0.900000 0.024155
2.090000 0.095122 0.023986 -0.000319 0.900000 0.023988
2.216667 0.095122 0.023722 -0.000197 0.900000 0.023723
2.343333 0.095122 0.023669 -0.000336 0.900000 0.023671
2.470000 0.095122 0.023975 -0.000450 0.900000 0.023979
2.596667 0.095122 0.024291 -0.000155 0.900000 0.024291
2.723333 0.095122 0.024332 -0.000074 0.900000 0.024332
2.850000 0.095122 0.024253 -0.000255 0.900000 0.024254
2.976667 0.095122 0.024267 -0.000444 0.900000 0.024271
3.103333 0.095122 0.023886 -0.000202 0.900000 0.023887
3.230000 0.095122 0.022606 0.000248 0.900000 0.022608
3.356667 0.095122 0.020717 0.001060 0.900000 0.020744
3.483333 0.095122 0.016413 0.003811 0.900000 0.016850
3.610000 0.095122 0.006576 0.007486 0.900000 0.009964
3.736667 0.095122 0.000000 0.000000 0.000000 0.000000
0.063333 0.109756 0.000000 0.000000 0.000000 0.000000
0.190000 0.109756 0.000089 -0.000044 0.900000 0.000099
0.316667 0.109756 0.001254 -0.001119 0.900000 0.001681
0.443333 0.109756 0.003942 -0.001824 0.900000 0.004343
0.570000 0.109756 0.007021 -0.001829 0.900000 0.007255
0.696667 0.109756 0.009866 -0.001165 0.900000 0.009934
0.823333 0.109756 0.012534 -0.001037 0.900000 0.012577
0.950000 0.109756 0.015012 -0.000962 0.900000 0.015043
1.076667 0.109756 0.017401 -0.000925 0.900000 0.017426
1.203333 0.109756 0.019753 -0.000949 0.900000 0.019776
1.330000 0.109756 0.021730 -0.000805 0.900000 0.021745
1.456667 0.109756 0.023048 -0.000641 0.900000 0.023057
1.583333 0.109756 0.023778 -0.000552 0.900000 0.023785
1.710000 0.109756 0.024042 -0.000529 0.900000 0.024048
1.836667 0.109756 0.024092 -0.000751 0.900000 0.024104
1.963333 0.109756 0.024112 -0.000742 0.900000 0.024123
2.090000 0.109756 0.023952 -0.000385 0.900000 0.023956
2.216667 0.109756 0.023653 -0.000236 0.900000 0.023654
2.343333 0.109756 0.023583 -0.000410 0.900000 0.023587
2.470000 0.109756 0.023924 -0.000564 0.900000 0.023931
2.596667 0.109756 0.024262 -0.000188 0.900000 0.024263
2.723333 0.109756 0.024288 -0.000090 0.900000 0.024288
2.850000 0.109756 0.024226 -0.000314 0.900000 0.024228
2.976667 0.109756 0.024366 -0.000592 0.900000 0.024373
3.103333 0.109756 0.024108 -0.000227 0.900000 0.024109
3.230000 0.109756 0.022771 0.000365 0.900000 0.022774
3.356667 0.109756 0.020928 0.001189 0.900000 0.020962
3.483333 0.109756 0.016816 0.004473 0.900000 0.017400
3.610000 0.109756 0.006810 0.008960 0.900000 0.011254
3.736667 0.109756 0.000000 0.000000 0.000000 0.000000
0.063333 0.124390 0.000000 0.000000 0.000000 0.000000
0.190000 0.124390 0.000003 -0.000009 0.900000 0.000009
0.316667 0.124390 0.001093 -0.001306 0.900000 0.001704
0.443333 0.124390 0.003803 -0.002123 0.900000 0.004355
0.570000 0.124390 0.006849 -0.002077 0.900000 0.007157
0.696667 0.124390 0.009674 -0.001408 0.900000 0.009776
0.823333 0.124390 0.012396 -0.001245 0.900000 0.012458
0.950000 0.124390 0.014910 -0.001129 0.900000 0.014952
1.076667 0.124390 0.017303 -0.001078 0.900000 0.017336
1.203333 0.124390 0.019664 -0.001114 0.900000 0.019696
1.330000 0.124390 0.021655 -0.000941 0.900000 0.021675
1.456667 0.124390 0.022972 -0.000743 0.900000 0.022984
1.583333 0.124390 0.023695 -0.000641 0.900000 0.023704
1.710000 0.124390 0.023946 -0.000612 0.900000 0.023954
1.836667 0.124390 0.024012 -0.000896 0.900000 0.024029
1.963333 0.124390 0.024081 -0.000888 0.900000 0.024097
2.090000 0.124390 0.023924 -0.000450 0.900000 0.023929
2.216667 0.124390 0.023579 -0.000273 0.900000 0.023581
2.343333 0.124390 0.023489 -0.000486 0.900000 0.023494
2.470000 0.124390 0.023873 -0.000692 0.900000 0.023883
2.596667 0.124390 0.024237 -0.000219 0.900000 0.024238
2.723333 0.124390 0.024239 -0.000103 0.900000 0.024239
2.850000 0.124390 0.024189 -0.000375 0.900000 0.024192
2.976667 0.124390 0.024458 -0.000763 0.900000 0.024470
3.103333 0.124390 0.024328 -0.000248 0.900000 0.024330
3.230000 0.124390 0.022937 0.000506 0.900000 0.022942
3.356667 0.124390 0.021177 0.001287 0.900000 0.021216
3.483333 0.124390 0.017305 0.005118 0.900000 0.018046
3.610000 0.124390 0.007097 0.010494 0.900000 0.012668
3.736667 0.124390 0.000000 0.000000 0.000000 0.000000
0.063333 0.139024 0.000000 0.000000 0.000000 0.000000
0.190000 0.139024 -0.000101 0.000047 0.900000 0.000111
0.316667 0.139024 0.000904 -0.001499 0.900000 0.001750
0.443333 0.139024 0.003644 -0.002428 0.900000 0.004379
0.570000 0.139024 0.006680 -0.002326 0.900000 0.007073
0.696667 0.139024 0.009501 -0.001663 0.900000 0.009646
0.823333 0.139024 0.012269 -0.001467 0.900000 0.012356
0.950000 0.139024 0.014810 -0.001302 0.900000 0.014867
1.076667 0.139024 0.017201 -0.001234 0.900000 0.017246
1.203333 0.139024 0.019572 -0.001288 0.900000 0.019615
1.330000 0.139024 0.021578 -0.001081 0.900000 0.021605
1.456667 0.139024 0.022892 -0.000846 0.900000 0.022908
1.583333 0.139024 0.023605 -0.000730 0.900000 0.023617
1.710000 0.139024 0.023839 -0.000693 0.900000 0.023849
1.836667 0.139024 0.023925 -0.001050 0.900000 0.023948
1.963333 0.139024 0.024054 -0.001044 0.900000 0.024076
2.090000 0.139024 0.023900 -0.000512 0.900000 0.023905
2.216667 0.139024 0.023500 -0.000306 0.900000 0.023502
2.343333 0.139024 0.023382 -0.000564 0.900000 0.023389
2.470000 0.139024 0.023818 -0.000838 0.900000 0.023833
2.596667 0.139024 0.024214 -0.000247 0.900000 0.024215
2.723333 0.139024 0.024183 -0.000113 0.900000 0.024183
2.850000 0.139024 0.024138 -0.000433 0.900000 0.024141
2.976667 0.139024 0.024544 -0.000961 0.899999 0.024562
3.103333 0.139024 0.024549 -0.000263 0.900000 0.024551
3.230000 0.139024 0.023100 0.000669 0.900000 0.023110
3.356667 0.139024 0.021455 0.001346 0.899999 0.021497
3.483333 0.139024 0.017797 0.005750 0.900000 0.018703
3.610000 0.139024 0.007354 0.012094 0.900000 0.014154
3.736667 0.139024 0.000000 0.000000 0.000000 0.000000
0.063333 0.153659 0.000000 0.000000 0.000000 0.000000
0.190000 0.153659 -0.000223 0.000127 0.900000 0.000257
0.316667 0.153659 0.000683 -0.001699 0.900000 0.001831
0.443333 0.153659 0.003467 -0.002741 0.900000 0.004420
0.570000 0.153659 0.006512 -0.002577 0.900000 0.007003
0.696667 0.153659 0.009342 -0.001931 0.900000 0.009539
0.823333 0.153659 0.012152 -0.001702 0.900000 0.012271
0.950000 0.153659 0.014712 -0.001481 0.900000 0.014787
1.076667 0.153659 0.017094 -0.001393 0.900000 0.017151
1.203333 0.153659 0.019473 -0.001471 0.900000 0.019529
1.330000 0.153659 0.021495 -0.001227 0.900000 0.021530
1.456667 0.153659 0.022805 -0.000950 0.900000 0.022825
1.583333 0.153659 0.023505 -0.000821 0.900000 0.023519
1.710000 0.153659 0.023717 -0.000770 0.900000 0.023729
1.836667 0.153659 0.023825 -0.001216 0.900000 0.023856
1.963333 0.153659 0.024027 -0.001213 0.900000 0.024058
2.090000 0.153659 0.023876 -0.000572 0.900000 0.023883
2.216667 0.153659 0.023410 -0.000336 0.900000 0.023412
2.343333 0.153659 0.023259 -0.000643 0.900000 0.023268
2.470000 0.153659 0.023759 -0.001006 0.900000 0.023780
2.596667 0.153659 0.024191 -0.000271 0.900000 0.024193
2.723333 0.153659 0.024118 -0.000118 0.900000 0.024118
2.850000 0.153659 0.024066 -0.000486 0.900000 0.024071
2.976667 0.153659 0.024616 -0.001188 0.899961 0.024645
3.103333 0.153659 0.024772 -0.000271 0.899967 0.024774
3.230000 0.153659 0.023251 0.000857 0.899991 0.023267
3.356667 0.153659 0.021920 0.001341 0.899941 0.021960
3.483333 0.153659 0.019753 0.006250 0.899964 0.020718
3.610000 0.153659 0.008877 0.013887 0.899997 0.016481
3.736667 0.153659 0.000000 0.000000 0.000000 0.000000
0.063333 0.168293 0.000000 0.000000 0.000000 0.000000
0.190000 0.168293 -0.000365 0.000237 0.900000 0.000435
0.316667 0.168293 0.000430 -0.001907 0.900000 0.001955
0.443333 0.168293 0.003274 -0.003064 0.900000 0.004484
0.570000 0.168293 0.006345 -0.002836 0.900000 0.006950
0.696667 0.168293 0.009196 -0.002214 0.900000 0.009459
0.823333 0.168293 0.012050 -0.001952 0.900000 0.012207
0.950000 0.168293 0.014623 -0.001665 0.900000 0.014717
1.076667 0.168293 0.016987 -0.001552 0.900000 0.017058
1.203333 0.168293 0.019375 -0.001666 0.900000 0.019447
1.330000 0.168293 0.021417 -0.001378 0.900000 0.021461
1.456667 0.168293 0.022719 -0.001054 0.900000 0.022743
1.583333 0.168293 0.023403 -0.000913 0.900000 0.023421
1.710000 0.168293 0.023587 -0.000842 0.900000 0.023602
1.836667 0.168293 0.023720 -0.001395 0.900000 0.023761
1.963333 0.168293 0.024010 -0.001394 0.899999 0.024050
2.090000 0.168293 0.023861 -0.000628 0.900000 0.023870
2.216667 0.168293 0.023315 -0.000361 0.900000 0.023318
2.343333 0.168293 0.023122 -0.000720 0.899999 0.023134
2.470000 0.168293 0.023700 -0.001200 0.899986 0.023730
2.596667 0.168293 0.024177 -0.000287 0.899999 0.024179
2.723333 0.168293 0.024050 -0.000118 0.900000 0.024050
2.850000 0.168293 0.023889 -0.000516 0.899990 0.023894
2.976667 0.168293 0.024386 -0.001432 0.898550 0.024428
3.103333 0.168293 0.024755 -0.000290 0.897450 0.024757
3.230000 0.168293 0.023538 0.001036 0.898364 0.023561
3.356667 0.168293 0.016328 0.002048 0.897270 0.016456
3.483333 0.168293 0.007084 0.006786 0.842776 0.009809
3.610000 0.168293 0.002007 0.015092 0.803806 0.015225
3.736667 0.168293 0.000000 0.000000 0.000000 0.000000
0.063333 0.182927 0.000000 0.000000 0.000000 0.000000
0.190000 0.182927 -0.000530 0.000380 0.900000 0.000652
0.316667 0.182927 0.000141 -0.002127 0.899999 0.002132
0.443333 0.182927 0.003061 -0.003399 0.899996 0.004574
0.570000 0.182927 0.006172 -0.003106 0.899999 0.006909
0.696667 0.182927 0.009056 -0.002515 0.899999 0.009399
0.823333 0.182927 0.011955 -0.002215 0.900000 0.012158
0.950000 0.182927 0.014531 -0.001854 0.900000 0.014649
1.076667 0.182927 0.016867 -0.001712 0.900000 0.016954
1.203333 0.182927 0.019262 -0.001874 0.900000 0.019353
1.330000 0.182927 0.021326 -0.001534 0.900000 0.021381
1.456667 0.182927 0.022615 -0.001157 0.900000 0.022645
1.583333 0.182927 0.023280 -0.001007 0.900000 0.023302
1.710000 0.182927 0.023430 -0.000909 0.900000 0.023447
1.836667 0.182927 0.023591 -0.001589 0.899996 0.023644
1.963333 0.182927 0.023985 -0.001592 0.899956 0.024038
2.090000 0.182927 0.023840 -0.000677 0.899983 0.023850
2.216667 0.182927 0.023201 -0.000381 0.899981 0.023204
2.343333 0.182927 0.022900 -0.000786 0.899925 0.022913
2.470000 0.182927 0.023505 -0.001427 0.899191 0.023548
2.596667 0.182927 0.024074 -0.000293 0.899675 0.024076
2.723333 0.182927 0.023961 -0.000104 0.899915 0.023962
2.850000 0.182927 0.021288 -0.000213 0.899498 0.021289
2.976667 0.182927 0.013454 -0.000789 0.874627 0.013477
3.103333 0.182927 0.006543 -0.000079 0.800617 0.006543
3.230000 0.182927 0.003512 0.001315 0.716381 0.003750
3.356667 0.182927 -0.003633 0.003558 0.637712 0.005086
3.483333 0.182927 -0.010702 0.007351 0.644476 0.012984
3.610000 0.182927 -0.006003 0.014678 0.681062 0.015858
3.736667 0.182927 0.000000 0.000000 0.000000 0.000000
0.063333 0.197561 0.000000 0.000000 0.000000 0.000000
0.190000 0.197561 -0.000721 0.000562 0.900000 0.000914
0.316667 0.197561 -0.000186 -0.002361 0.899957 0.002368
0.443333 0.197561 0.002834 -0.003749 0.899898 0.004699
0.570000 0.197561 0.005999 -0.003390 0.899965 0.006890
0.696667 0.197561 0.008928 -0.002836 0.899970 0.009367
0.823333 0.197561 0.011878 -0.002493 0.899979 0.012137
0.950000 0.197561 0.014452 -0.002049 0.899995 0.014597
1.076667 0.197561 0.016749 -0.001870 0.899996 0.016853
1.203333 0.197561 0.019150 -0.002098 0.899989 0.019265
1.330000 0.197561 0.021241 -0.001698 0.899984 0.021309
1.456667 0.197561 0.022515 -0.001260 0.899973 0.022550
1.583333 0.197561 0.023157 -0.001104 0.899959 0.023183
1.710000 0.197561 0.023262 -0.000967 0.899967 0.023282
1.836667 0.197561 0.023335 -0.001782 0.899762 0.023403
1.963333 0.197561 0.023749 -0.001817 0.898162 0.023818
2.090000 0.197561 0.023644 -0.000726 0.898180 0.023655
2.216667 0.197561 0.022972 -0.000408 0.897808 0.022975
2.343333 0.197561 0.020536 -0.000571 0.896909 0.020544
2.470000 0.197561 0.013423 -0.000824 0.877219 0.013448
2.596667 0.197561 0.007119 -0.000209 0.806818 0.007122
2.723333 0.197561 0.004490 0.000001 0.732291 0.004490
2.850000 0.197561 -0.000215 0.000512 0.654022 0.000555
2.976667 0.197561 -0.008535 0.000707 0.600804 0.008564
3.103333 0.197561 -0.014179 0.000236 0.600358 0.014181
3.230000 0.197561 -0.014926 0.001535 0.603806 0.015004
3.356667 0.197561 -0.013858 0.004225 0.602779 0.014488
3.483333 0.197561 -0.011642 0.007477 0.604880 0.013836
3.610000 0.197561 -0.005268 0.013478 0.619791 0.014471
3.736667 0.197561 0.000000 0.000000 0.000000 0.000000
0.063333 0.212195 0.000000 0.000000 0.000000 0.000000
0.190000 0.212195 -0.000971 0.000794 0.899993 0.001254
0.316667 0.212195 -0.000601 -0.002614 0.898871 0.002682
0.443333 0.212195 0.002602 -0.004120 0.898107 0.004873
0.570000 0.212195 0.005844 -0.003686 0.899084 0.006909
0.696667 0.212195 0.008800 -0.003180 0.899104 0.009357
0.823333 0.212195 0.011825 -0.002787 0.899257 0.012149
0.950000 0.212195 0.014385 -0.002246 0.899719 0.014559
1.076667 0.212195 0.016608 -0.002019 0.899757 0.016730
1.203333 0.212195 0.018949 -0.002326 0.899562 0.019091
1.330000 0.212195 0.020984 -0.001860 0.899013 0.021067
1.456667 0.212195 0.022200 -0.001351 0.897902 0.022241
1.583333 0.212195 0.022847 -0.001195 0.896615 0.022878
1.710000 0.212195 0.022824 -0.000998 0.896467 0.022846
1.836667 0.212195 0.019626 -0.001471 0.891785 0.019681
1.963333 0.212195 0.012977 -0.001443 0.861138 0.013057
2.090000 0.212195 0.007974 -0.000650 0.796882 0.008000
2.216667 0.212195 0.005347 -0.000350 0.727118 0.005358
2.343333 0.212195 0.000986 -0.000024 0.654678 0.000987
2.470000 0.212195 -0.007088 0.000656 0.601538 0.007118
2.596667 0.212195 -0.012742 -0.000065 0.601797 0.012742
2.723333 0.212195 -0.013749 0.000111 0.602347 0.013750
2.850000 0.212195 -0.014098 0.000897 0.601767 0.014126
2.976667 0.212195 -0.013858 0.001377 0.600031 0.013926
3.103333 0.212195 -0.014246 0.000390 0.600002 0.014252
3.230000 0.212195 -0.015008 0.001578 0.600068 0.015091
3.356667 0.212195 -0.013862 0.003968 0.600117 0.014419
3.483333 0.212195 -0.010809 0.007225 0.600375 0.013002
3.610000 0.212195 -0.004542 0.012445 0.603251 0.013248
3.736667 0.212195 0.000000 0.000000 0.000000 0.000000
0.063333 0.226829 0.000000 0.000000 0.000000 0.000000
0.190000 0.226829 -0.001829 0.001160 0.899058 0.002166
0.316667 0.226829 -0.001677 -0.002948 0.881855 0.003392
0.443333 0.226829 0.002550 -0.004548 0.877890 0.005214
0.570000 0.226829 0.005809 -0.003944 0.884794 0.007021
0.696667 0.226829 0.008484 -0.003540 0.883911 0.009193
0.823333 0.226829 0.011845 -0.003099 0.884148 0.012243
0.950000 0.226829 0.014395 -0.002382 0.889699 0.014591
1.076667 0.226829 0.016221 -0.002101 0.889689 0.016357
1.203333 0.226829 0.015991 -0.002112 0.887868 0.016129
1.330000 0.226829 0.012782 -0.001601 0.866410 0.012882
1.456667 0.226829 0.010168 -0.001351 0.816903 0.010257
1.583333 0.226829 0.008826 -0.001186 0.761256 0.008905
1.710000 0.226829 0.006953 -0.000896 0.699913 0.007011
1.836667 0.226829 0.002380 -0.000589 0.635580 0.002452
1.963333 0.226829 -0.004805 -0.000443 0.601911 0.004826
2.090000 0.226829 -0.009392 -0.000467 0.601694 0.009404
2.216667 0.226829 -0.010933 -0.000202 0.601500 0.010935
2.343333 0.226829 -0.012039 0.000337 0.600980 0.012044
2.470000 0.226829 -0.012334 0.001359 0.600072 0.012409
2.596667 0.226829 -0.012854 0.000073 0.600013 0.012854
2.723333 0.226829 -0.013926 0.000169 0.600023 0.013927
2.850000 0.226829 -0.014334 0.000847 0.600030 0.014359
2.976667 0.226829 -0.014036 0.001247 0.600001 0.014092
3.103333 0.226829 -0.014237 0.000506 0.600000 0.014246
3.230000 0.226829 -0.014797 0.001614 0.600001 0.014885
3.356667 0.226829 -0.013512 0.003672 0.600003 0.014003
3.483333 0.226829 -0.010246 0.006876 0.600022 0.012340
3.610000 0.226829 -0.004183 0.011532 0.600384 0.012267
3.736667 0.226829 0.000000 0.000000 0.000000 0.000000
0.063333 0.241463 0.000000 0.000000 0.000000 0.000000
0.190000 0.241463 0.000170 0.001439 0.746580 0.001449
0.316667 0.241463 0.001161 -0.003159 0.757433 0.003366
0.443333 0.241463 0.002832 -0.004795 0.763746 0.005569
0.570000 0.241463 0.003666 -0.003986 0.767328 0.005415
0.696667 0.241463 0.004122 -0.003715 0.757260 0.005549
0.823333 0.241463 0.005143 -0.003265 0.737429 0.006092
0.950000 0.241463 0.005739 -0.002389 0.707557 0.006216
1.076667 0.241463 0.005743 -0.002080 0.670817 0.006108
1.203333 0.241463 0.003639 -0.001433 0.629173 0.003911
1.330000 0.241463 -0.000729 -0.000835 0.604551 0.001108
1.456667 0.241463 -0.003789 -0.001179 0.602820 0.003968
1.583333 0.241463 -0.005294 -0.001021 0.601974 0.005391
1.710000 0.241463 -0.006712 -0.000693 0.601395 0.006748
1.836667 0.241463 -0.007372 -0.000146 0.600457 0.007373
1.963333 0.241463 -0.007959 0.000086 0.600025 0.007960
2.090000 0.241463 -0.009442 -0.000294 0.600012 0.009447
2.216667 0.241463 -0.011049 -0.000050 0.600020 0.011049
2.343333 0.241463 -0.012187 0.000446 0.600015 0.012195
2.470000 0.241463 -0.012486 0.001255 0.600002 0.012549
2.596667 0.241463 -0.012918 0.000215 0.600000 0.012919
2.723333 0.241463 -0.013879 0.000244 0.600000 0.013881
2.850000 0.241463 -0.014276 0.000803 0.600000 0.014299
2.976667 0.241463 -0.014061 0.001116 0.600000 0.014105
3.103333 0.241463 -0.014218 0.000588 0.600000 0.014230
3.230000 0.241463 -0.014602 0.001628 0.600000 0.014693
3.356667 0.241463 -0.013177 0.003362 0.600000 0.013599
3.483333 0.241463 -0.009779 0.006498 0.600001 0.011742
3.610000 0.241463 -0.003917 0.010688 0.600034 0.011383
3.736667 0.241463 0.000000 0.000000 0.000000 0.000000
0.063333 0.256098 0.000000 0.000000 0.000000 0.000000
0.190000 0.256098 0.002224 0.001272 0.611213 0.002562
0.316667 0.256098 0.003780 -0.003033 0.600117 0.004847
0.443333 0.256098 0.002454 -0.004666 0.600001 0.005272
0.570000 0.256098 0.001134 -0.003785 0.600000 0.003951
0.696667 0.256098 -0.000133 -0.003556 0.600000 0.003558
0.823333 0.256098 -0.001232 -0.003109 0.600005 0.003344
0.950000 0.256098 -0.001883 -0.002242 0.600257 0.002928
1.076667 0.256098 -0.002381 -0.001897 0.600367 0.003045
1.203333 0.256098 -0.002888 -0.000980 0.600321 0.003050
1.330000 0.256098 -0.003162 -0.000332 0.600132 0.003180
1.456667 0.256098 -0.003960 -0.000896 0.600030 0.004060
1.583333 0.256098 -0.005387 -0.000774 0.600020 0.005443
1.710000 0.256098 -0.006844 -0.000482 0.600014 0.006861
1.836667 0.256098 -0.007496 -0.000218 0.600004 0.007499
1.963333 0.256098 -0.008000 0.000132 0.600000 0.008001
2.090000 0.256098 -0.009436 -0.000116 0.600000 0.009437
2.216667 0.256098 -0.011011 0.000106 0.600000 0.011011
2.343333 0.256098 -0.012128 0.000551 0.600000 0.012140
2.470000 0.256098 -0.012511 0.001170 0.600000 0.012565
2.596667 0.256098 -0.012973 0.000335 0.600000 0.012977
2.723333 0.256098 -0.013842 0.000311 0.600000 0.013845
2.850000 0.256098 -0.014228 0.000759 0.600000 0.014249
2.976667 0.256098 -0.014079 0.000999 0.600000 0.014115
3.103333 0.256098 -0.014193 0.000636 0.600000 0.014207
3.230000 0.256098 -0.014426 0.001618 0.600000 0.014517
3.356667 0.256098 -0.012860 0.003035 0.600000 0.013213
3.483333 0.256098 -0.009347 0.006107 0.600000 0.011165
3.610000 0.256098 -0.003683 0.009901 0.600002 0.010564
3.736667 0.256098 0.000000 0.000000 0.000000 0.000000
0.063333 0.270732 0.000000 0.000000 0.000000 0.000000
0.190000 0.270732 0.001627 0.000916 0.600360 0.001867
0.316667 0.270732 0.003033 -0.002807 0.600002 0.004133
0.443333 0.270732 0.002386 -0.004398 0.600000 0.005004
0.570000 0.270732 0.001298 -0.003510 0.600000 0.003742
0.696667 0.270732 0.000087 -0.003255 0.600000 0.003256
0.823333 0.270732 -0.000920 -0.002796 0.600000 0.002943
0.950000 0.270732 -0.001615 -0.001998 0.600001 0.002569
1.076667 0.270732 -0.002218 -0.001590 0.600002 0.002729
1.203333 0.270732 -0.002826 -0.000762 0.600003 0.002927
1.330000 0.270732 -0.003206 -0.000173 0.600003 0.003210
1.456667 0.270732 -0.003997 -0.000597 0.600000 0.004041
1.583333 0.270732 -0.005381 -0.000507 0.600000 0.005405
1.710000 0.270732 -0.006854 -0.000250 0.600000 0.006858
1.836667 0.270732 -0.007493 -0.000290 0.600000 0.007499
1.963333 0.270732 -0.007977 0.000177 0.600000 0.007979
2.090000 0.270732 -0.009422 0.000058 0.600000 0.009422
2.216667 0.270732 -0.010980 0.000259 0.600000 0.010983
2.343333 0.270732 -0.012082 0.000648 0.600000 0.012099
2.470000 0.270732 -0.012535 0.001117 0.600000 0.012584
2.596667 0.270732 -0.013022 0.000437 0.600000 0.013029
2.723333 0.270732 -0.013816 0.000369 0.600000 0.013821
2.850000 0.270732 -0.014193 0.000714 0.600000 0.014210
2.976667 0.270732 -0.014094 0.000891 0.600000 0.014123
3.103333 0.270732 -0.014164 0.000652 0.600000 0.014179
3.230000 0.270732 -0.014267 0.001587 0.600000 0.014355
3.356667 0.270732 -0.012559 0.002688 0.600000 0.012843
3.483333 0.270732 -0.008939 0.005708 0.600000 0.010606
3.610000 0.270732 -0.003471 0.009165 0.600000 0.009800
3.736667 0.270732 0.000000 0.000000 0.000000 0.000000
0.063333 0.285366 0.000000 0.000000 0.000000 0.000000
0.190000 0.285366 0.001415 0.000649 0.600006 0.001557
0.316667 0.285366 0.002705 -0.002636 0.600000 0.003777
0.443333 0.285366 0.002271 -0.004158 0.600000 0.004738
0.570000 0.285366 0.001304 -0.003234 0.600000 0.003487
0.696667 0.285366 0.000118 -0.002965 0.600000 0.002968
0.823333 0.285366 -0.000845 -0.002491 0.600000 0.002631
0.950000 0.285366 -0.001539 -0.001735 0.600000 0.002319
1.076667 0.285366 -0.002153 -0.001277 0.600000 0.002503
1.203333 0.285366 -0.002768 -0.000519 0.600000 0.002816
1.330000 0.285366 -0.003213 0.000009 0.600000 0.003213
1.456667 0.285366 -0.004030 -0.000302 0.600000 0.004041
1.583333 0.285366 -0.005388 -0.000233 0.600000 0.005393
1.710000 0.285366 -0.006895 -0.000006 0.600000 0.006895
1.836667 0.285366 -0.007507 -0.000368 0.600000 0.007516
1.963333 0.285366 -0.007936 0.000227 0.600000 0.007940
2.090000 0.285366 -0.009404 0.000232 0.600000 0.009407
2.216667 0.285366 -0.010962 0.000413 0.600000 0.010970
2.343333 0.285366 -0.012054 0.000742 0.600000 0.012077
2.470000 0.285366 -0.012562 0.001090 0.600000 0.012610
2.596667 0.285366 -0.013069 0.000527 0.600000 0.013079
2.723333 0.285366 -0.013802 0.000418 0.600000 0.013808
2.850000 0.285366 -0.014169 0.000665 0.600000 0.014184
2.976667 0.285366 -0.014109 0.000784 0.600000 0.014131
3.103333 0.285366 -0.014133 0.000635 0.600000 0.014147
3.230000 0.285366 -0.014124 0.001533 0.600000 0.014207
3.356667 0.285366 -0.012272 0.002319 0.600000 0.012490
3.483333 0.285366 -0.008551 0.005307 0.600000 0.010064
3.610000 0.285366 -0.003278 0.008474 0.600000 0.009086
3.736667 0.285366 0.000000 0.000000 0.000000 0.000000
0.063333 0.300000 0.000000 0.000000 0.000000 0.000000
0.190000 0.300000 0.001235 0.000427 0.600000 0.001307
0.316667 0.300000 0.002413 -0.002483 0.600000 0.003462
0.443333 0.300000 0.002164 -0.003943 0.600000 0.004498
0.570000 0.300000 0.001314 -0.002967 0.600000 0.003245
0.696667 0.300000 0.000153 -0.002688 0.600000 0.002692
0.823333 0.300000 -0.000768 -0.002194 0.600000 0.002325
0.950000 0.300000 -0.001461 -0.001464 0.600000 0.002068
1.076667 0.300000 -0.002088 -0.000962 0.600000 0.002299
1.203333 0.300000 -0.002714 -0.000260 0.600000 0.002727
1.330000 0.300000 -0.003217 0.000216 0.600000 0.003224
1.456667 0.300000 -0.004057 -0.000003 0.600000 0.004057
1.583333 0.300000 -0.005399 0.000052 0.600000 0.005399
1.710000 0.300000 -0.006962 0.000258 0.600000 0.006967
1.836667 0.300000 -0.007530 -0.000459 0.600000 0.007544
1.963333 0.300000 -0.007870 0.000284 0.600000 0.007875
2.090000 0.300000 -0.009374 0.000414 0.600000 0.009383
2.216667 0.300000 -0.010952 0.000570 0.600000 0.010967
2.343333 0.300000 -0.012038 0.000838 0.600000 0.012067
2.470000 0.300000 -0.012591 0.001084 0.600000 0.012638
2.596667 0.300000 -0.013112 0.000607 0.600000 0.013126
2.723333 0.300000 -0.013796 0.000459 0.600000 0.013803
2.850000 0.300000 -0.014155 0.000611 0.600000 0.014168
2.976667 0.300000 -0.014126 0.000672 0.600000 0.014142
3.103333 0.300000 -0.014102 0.000584 0.600000 0.014114
3.230000 0.300000 -0.013997 0.001454 0.600000 0.014072
3.356667 0.300000 -0.011999 0.001925 0.600000 0.012152
3.483333 0.300000 -0.008179 0.004906 0.600000 0.009538
3.610000 0.300000 -0.003100 0.007826 0.600000 0.008418
3.736667 0.300000 0.000000 0.000000 0.000000 0.000000
0.063333 0.314634 0.000000 0.000000 0.000000 0.000000
0.190000 0.314634 0.001076 0.000244 0.600000 0.001104
0.316667 0.314634 0.002146 -0.002342 0.600000 0.003177
0.443333 0.314634 0.002061 -0.003753 0.600000 0.004282
0.570000 0.314634 0.001323 -0.002711 0.600000 0.003016
0.696667 0.314634 0.000184 -0.002426 0.600000 0.002433
0.823333 0.314634 -0.000697 -0.001904 0.600000 0.002028
0.950000 0.314634 -0.001391 -0.001183 0.600000 0.001826
1.076667 0.314634 -0.002033 -0.000641 0.600000 0.002131
1.203333 0.314634 -0.002676 0.000019 0.600000 0.002676
1.330000 0.314634 -0.003229 0.000452 0.600000 0.003260
1.456667 0.314634 -0.004094 0.000306 0.600000 0.004105
1.583333 0.314634 -0.005429 0.000352 0.600000 0.005441
1.710000 0.314634 -0.007072 0.000549 0.600000 0.007093
1.836667 0.314634 -0.007578 -0.000569 0.600000 0.007600
1.963333 0.314634 -0.007787 0.000346 0.600000 0.007795
2.090000 0.314634 -0.009343 0.000613 0.600000 0.009363
2.216667 0.314634 -0.010962 0.000735 0.600000 0.010987
2.343333 0.314634 -0.012042 0.000939 0.600000 0.012079
2.470000 0.314634 -0.012628 0.001099 0.600000 0.012676
2.596667 0.314634 -0.013159 0.000681 0.600000 0.013177
2.723333 0.314634 -0.013802 0.000492 0.600000 0.013811
2.850000 0.314634 -0.014153 0.000550 0.600000 0.014164
2.976667 0.314634 -0.014146 0.000552 0.600000 0.014157
3.103333 0.314634 -0.014075 0.000498 0.600000 0.014084
3.230000 0.314634 -0.013884 0.001348 0.600000 0.013950
3.356667 0.314634 -0.011734 0.001502 0.600000 0.011830
3.483333 0.314634 -0.007820 0.004510 0.600000 0.009028
3.610000 0.314634 -0.002936 0.007217 0.600000 0.007792
3.736667 0.314634 0.000000 0.000000 0.000000 0.000000
0.063333 0.329268 0.000000 0.000000 0.000000 0.000000
0.190000 0.329268 0.000937 0.000096 0.600000 0.000942
0.316667 0.329268 0.001903 -0.002211 0.600000 0.002917
0.443333 0.329268 0.001965 -0.003587 0.600000 0.004090
0.570000 0.329268 0.001334 -0.002469 0.600000 0.002806
0.696667 0.329268 0.000217 -0.002182 0.600000 0.002193
0.823333 0.329268 -0.000625 -0.001621 0.600000 0.001737
0.950000 0.329268 -0.001318 -0.000894 0.600000 0.001593
1.076667 0.329268 -0.001977 -0.000306 0.600000 0.002001
1.203333 0.329268 -0.002641 0.000322 0.600000 0.002661
1.330000 0.329268 -0.003239 0.000719 0.600000 0.003318
1.456667 0.329268 -0.004128 0.000633 0.600000 0.004176
1.583333 0.329268 -0.005465 0.000676 0.600000 0.005506
1.710000 0.329268 -0.007214 0.000879 0.600000 0.007268
1.836667 0.329268 -0.007641 -0.000707 0.600000 0.007673
1.963333 0.329268 -0.007670 0.000414 0.600000 0.007681
2.090000 0.329268 -0.009298 0.000838 0.600000 0.009336
2.216667 0.329268 -0.010983 0.000913 0.600000 0.011021
2.343333 0.329268 -0.012057 0.001051 0.600000 0.012103
2.470000 0.329268 -0.012668 0.001133 0.600000 0.012718
2.596667 0.329268 -0.013206 0.000752 0.600000 0.013227
2.723333 0.329268 -0.013816 0.000518 0.600000 0.013826
2.850000 0.329268 -0.014162 0.000481 0.600000 0.014170
2.976667 0.329268 -0.014172 0.000417 0.600000 0.014178
3.103333 0.329268 -0.014055 0.000371 0.600000 0.014059
3.230000 0.329268 -0.013786 0.001211 0.600000 0.013839
3.356667 0.329268 -0.011476 0.001050 0.600000 0.011524
3.483333 0.329268 -0.007472 0.004123 0.600000 0.008534
3.610000 0.329268 -0.002784 0.006644 0.600000 0.007204
3.736667 0.329268 0.000000 0.000000 0.000000 0.000000
0.063333 0.343902 0.000000 0.000000 0.000000 0.000000
0.190000 0.343902 0.000815 -0.000022 0.600000 0.000815
0.316667 0.343902 0.001680 -0.002086 0.600000 0.002678
0.443333 0.343902 0.001876 -0.003443 0.600000 0.003921
0.570000 0.343902 0.001347 -0.002244 0.600000 0.002618
0.696667 0.343902 0.000250 -0.001957 0.600000 0.001973
0.823333 0.343902 -0.000554 -0.001343 0.600000 0.001453
0.950000 0.343902 -0.001251 -0.000592 0.600000 0.001383
1.076667 0.343902 -0.001930 0.000048 0.600000 0.001931
1.203333 0.343902 -0.002619 0.000657 0.600000 0.002700
1.330000 0.343902 -0.003259 0.001023 0.600000 0.003416
1.456667 0.343902 -0.004170 0.000988 0.600000 0.004286
1.583333 0.343902 -0.005517 0.001030 0.600000 0.005613
1.710000 0.343902 -0.007407 0.001260 0.600000 0.007514
1.836667 0.343902 -0.007732 -0.000882 0.600000 0.007782
1.963333 0.343902 -0.007522 0.000487 0.600000 0.007538
2.090000 0.343902 -0.009245 0.001104 0.600000 0.009310
2.216667 0.343902 -0.011025 0.001111 0.600000 0.011081
2.343333 0.343902 -0.012090 0.001180 0.600000 0.012147
2.470000 0.343902 -0.012716 0.001189 0.600000 0.012771
2.596667 0.343902 -0.013258 0.000827 0.600000 0.013283
2.723333 0.343902 -0.013843 0.000541 0.600000 0.013854
2.850000 0.343902 -0.014184 0.000403 0.600000 0.014190
2.976667 0.343902 -0.014206 0.000265 0.600000 0.014209
3.103333 0.343902 -0.014045 0.000200 0.600000 0.014046
3.230000 0.343902 -0.013701 0.001034 0.600000 0.013740
3.356667 0.343902 -0.011220 0.000565 0.600000 0.011234
3.483333 0.343902 -0.007130 0.003749 0.600000 0.008055
3.610000 0.343902 -0.002644 0.006105 0.600000 0.006652
3.736667 0.343902 0.000000 0.000000 0.000000 0.000000
0.063333 0.358537 0.000000 0.000000 0.000000 0.000000
0.190000 0.358537 0.000708 -0.000114 0.600000 0.000717
0.316667 0.358537 0.001474 -0.001963 0.600000 0.002455
0.443333 0.358537 0.001795 -0.003323 0.600000 0.003777
0.570000 0.358537 0.001369 -0.002040 0.600000 0.002457
0.696667 0.358537 0.000288 -0.001754 0.600000 0.001777
0.823333 0.358537 -0.000480 -0.001068 0.600000 0.001171
0.950000 0.358537 -0.001181 -0.000272 0.600000 0.001212
1.076667 0.358537 -0.001884 0.000431 0.600000 0.001933
1.203333 0.358537 -0.002602 0.001034 0.600000 0.002800
1.330000 0.358537 -0.003281 0.001375 0.600000 0.003558
1.456667 0.358537 -0.004216 0.001384 0.600000 0.004438
1.583333 0.358537 -0.005581 0.001428 0.600000 0.005760
1.710000 0.358537 -0.007652 0.001708 0.600000 0.007841
1.836667 0.358537 -0.007851 -0.001104 0.600000 0.007929
1.963333 0.358537 -0.007326 0.000562 0.600000 0.007347
2.090000 0.358537 -0.009171 0.001430 0.600000 0.009282
2.216667 0.358537 -0.011087 0.001337 0.600000 0.011168
2.343333 0.358537 -0.012135 0.001333 0.600000 0.012208
2.470000 0.358537 -0.012769 0.001270 0.600000 0.012832
2.596667 0.358537 -0.013313 0.000909 0.600000 0.013344
2.723333 0.358537 -0.013880 0.000562 0.600000 0.013892
2.850000 0.358537 -0.014219 0.000315 0.600000 0.014222
2.976667 0.358537 -0.014253 0.000090 0.600000 0.014253
3.103333 0.358537 -0.014052 -0.000019 0.600000 0.014052
3.230000 0.358537 -0.013630 0.000808 0.600000 0.013654
3.356667 0.358537 -0.010963 0.000048 0.600000 0.010963
3.483333 0.358537 -0.006793 0.003390 0.600000 0.007592
3.610000 0.358537 -0.002513 0.005596 0.600000 0.006134
3.736667 0.358537 0.000000 0.000000 0.000000 0.000000
0.063333 0.373171 0.000000 0.000000 0.000000 0.000000
0.190000 0.373171 0.000615 -0.000182 0.600000 0.000641
0.316667 0.373171 0.001284 -0.001840 0.600000 0.002244
0.443333 0.373171 0.001725 -0.003227 0.600000 0.003659
0.570000 0.373171 0.001404 -0.001859 0.600000 0.002330
0.696667 0.373171 0.000335 -0.001571 0.600000 0.001607
0.823333 0.373171 -0.000399 -0.000789 0.600000 0.000884
0.950000 0.373171 -0.001110 0.000074 0.600000 0.001112
1.076667 0.373171 -0.001841 0.000857 0.600000 0.002030
1.203333 0.373171 -0.002594 0.001466 0.600000 0.002980
1.330000 0.373171 -0.003311 0.001786 0.600000 0.003762
1.456667 0.373171 -0.004270 0.001835 0.600000 0.004648
1.583333 0.373171 -0.005661 0.001883 0.600000 0.005965
1.710000 0.373171 -0.007966 0.002243 0.600000 0.008276
1.836667 0.373171 -0.008012 -0.001387 0.600000 0.008131
1.963333 0.373171 -0.007070 0.000637 0.600000 0.007098
2.090000 0.373171 -0.009072 0.001840 0.600000 0.009257
2.216667 0.373171 -0.011175 0.001603 0.600000 0.011289
2.343333 0.373171 -0.012195 0.001522 0.600000 0.012290
2.470000 0.373171 -0.012831 0.001384 0.600000 0.012905
2.596667 0.373171 -0.013376 0.001009 0.600000 0.013414
2.723333 0.373171 -0.013931 0.000589 0.600000 0.013943
2.850000 0.373171 -0.014269 0.000218 0.600000 0.014271
2.976667 0.373171 -0.014315 -0.000108 0.600000 0.014315
3.103333 0.373171 -0.014083 -0.000292 0.600000 0.014086
3.230000 0.373171 -0.013575 0.000520 0.600000 0.013585
3.356667 0.373171 -0.010698 -0.000502 0.600000 0.010710
3.483333 0.373171 -0.006460 0.003052 0.600000 0.007145
3.610000 0.373171 -0.002392 0.005116 0.600000 0.005648
3.736667 0.373171 0.000000 0.000000 0.000000 0.000000
0.063333 0.387805 0.000000 0.000000 0.000000 0.000000
0.190000 0.387805 0.000534 -0.000229 0.600000 0.000581
0.316667 0.387805 0.001106 -0.001715 0.600000 0.002041
0.443333 0.387805 0.001668 -0.003157 0.599997 0.003570
0.570000 0.387805 0.001460 -0.001702 0.599992 0.002242
0.696667 0.387805 0.000397 -0.001406 0.599988 0.001461
0.823333 0.387805 -0.000309 -0.000498 0.599996 0.000586
0.950000 0.387805 -0.001035 0.000458 0.600000 0.001132
1.076667 0.387805 -0.001800 0.001343 0.600000 0.002246
1.203333 0.387805 -0.002596 0.001973 0.600000 0.003261
1.330000 0.387805 -0.003351 0.002276 0.600000 0.004051
1.456667 0.387805 -0.004335 0.002362 0.600000 0.004937
1.583333 0.387805 -0.005761 0.002416 0.600000 0.006247
1.710000 0.387805 -0.008369 0.002892 0.600000 0.008855
1.836667 0.387805 -0.008230 -0.001750 0.599998 0.008414
1.963333 0.387805 -0.006737 0.000701 0.600000 0.006773
2.090000 0.387805 -0.008939 0.002370 0.600000 0.009248
2.216667 0.387805 -0.011295 0.001924 0.600000 0.011458
2.343333 0.387805 -0.012271 0.001761 0.600000 0.012397
2.470000 0.387805 -0.012902 0.001543 0.600000 0.012994
2.596667 0.387805 -0.013448 0.001137 0.600000 0.013496
2.723333 0.387805 -0.013997 0.000628 0.599999 0.014011
2.850000 0.387805 -0.014338 0.000115 0.599997 0.014339
2.976667 0.387805 -0.014398 -0.000332 0.599996 0.014402
3.103333 0.387805 -0.014150 -0.000622 0.599997 0.014164
3.230000 0.387805 -0.013539 0.000150 0.599999 0.013540
3.356667 0.387805 -0.010422 -0.001084 0.600000 0.010478
3.483333 0.387805 -0.006130 0.002739 0.600000 0.006714
3.610000 0.387805 -0.002281 0.004662 0.600000 0.005190
3.736667 0.387805 0.000000 0.000000 0.000000 0.000000
0.063333 0.402439 0.000000 0.000000 0.000000 0.000000
0.190000 0.402439 0.000465 -0.000260 0.600000 0.000533
0.316667 0.402439 0.000937 -0.001584 0.600000 0.001840
0.443333 0.402439 0.001569 -0.003111 0.599912 0.003484
0.570000 0.402439 0.001496 -0.001573 0.599821 0.002171
0.696667 0.402439 0.000495 -0.001250 0.599677 0.001344
0.823333 0.402439 -0.000189 -0.000182 0.599754 0.000262
0.950000 0.402439 -0.000943 0.000897 0.599992 0.001302
1.076667 0.402439 -0.001758 0.001912 0.600000 0.002597
1.203333 0.402439 -0.002608 0.002579 0.600000 0.003667
1.330000 0.402439 -0.003404 0.002868 0.600000 0.004451
1.456667 0.402439 -0.004417 0.002993 0.600000 0.005335
1.583333 0.402439 -0.005904 0.003054 0.600000 0.006647
1.710000 0.402439 -0.008951 0.003692 0.599998 0.009683
1.836667 0.402439 -0.008568 -0.002220 0.599887 0.008851
1.963333 0.402439 -0.006107 0.000722 0.600000 0.006149
2.090000 0.402439 -0.008549 0.003085 0.600000 0.009089
2.216667 0.402439 -0.011427 0.002315 0.600000 0.011660
2.343333 0.402439 -0.012344 0.002070 0.600000 0.012517
2.470000 0.402439 -0.012972 0.001762 0.600000 0.013091
2.596667 0.402439 -0.013525 0.001309 0.599998 0.013588
2.723333 0.402439 -0.014080 0.000691 0.599878 0.014097
2.850000 0.402439 -0.014428 0.000013 0.599823 0.014428
2.976667 0.402439 -0.014510 -0.000579 0.599844 0.014522
3.103333 0.402439 -0.014282 -0.001009 0.599891 0.014317
3.230000 0.402439 -0.013503 -0.000333 0.599943 0.013507
3.356667 0.402439 -0.010095 -0.001687 0.600000 0.010235
3.483333 0.402439 -0.005804 0.002453 0.600000 0.006301
3.610000 0.402439 -0.002179 0.004233 0.600000 0.004761
3.736667 0.402439 0.000000 0.000000 0.000000 0.000000
0.063333 0.417073 0.000000 0.000000 0.000000 0.000000
0.190000 0.417073 0.000408 -0.000275 0.600000 0.000492
0.316667 0.417073 0.000738 -0.001439 0.600000 0.001617
0.443333 0.417073 -0.002667 -0.002611 0.598487 0.003733
0.570000 0.417073 -0.003023 -0.001697 0.557101 0.003467
0.696667 0.417073 -0.000079 -0.000957 0.553374 0.000960
0.823333 0.417073 -0.000371 0.000280 0.551539 0.000465
0.950000 0.417073 -0.000923 0.001478 0.550246 0.001743
1.076667 0.417073 -0.001594 0.002612 0.549329 0.003060
1.203333 0.417073 -0.002342 0.003313 0.548958 0.004057
1.330000 0.417073 -0.003062 0.003586 0.548907 0.004715
1.456667 0.417073 -0.003962 0.003731 0.548725 0.005442
1.583333 0.417073 -0.005035 0.003756 0.548858 0.006281
1.710000 0.417073 -0.002360 0.003969 0.551909 0.004618
1.836667 0.417073 -0.002563 -0.002059 0.597884 0.003288
1.963333 0.417073 -0.012142 0.001411 0.595399 0.012224
2.090000 0.417073 -0.015257 0.003337 0.552290 0.015618
2.216667 0.417073 -0.012431 0.002785 0.550286 0.012739
2.343333 0.417073 -0.012945 0.002496 0.550634 0.013183
2.470000 0.417073 -0.013430 0.002113 0.551220 0.013595
2.596667 0.417073 -0.013874 0.001615 0.551803 0.013967
2.723333 0.417073 -0.014305 0.000896 0.552879 0.014333
2.850000 0.417073 -0.014556 0.000069 0.554333 0.014556
2.976667 0.417073 -0.014566 -0.000659 0.555772 0.014581
3.103333 0.417073 -0.014049 -0.001254 0.557321 0.014105
3.230000 0.417073 -0.009228 -0.001124 0.561203 0.009296
3.356667 0.417073 -0.005872 -0.001843 0.599995 0.006154
3.483333 0.417073 -0.005522 0.002196 0.600000 0.005943
3.610000 0.417073 -0.002088 0.003825 0.600000 0.004358
3.736667 0.417073 0.000000 0.000000 0.000000 0.000000
0.063333 0.431707 0.000000 0.000000 0.000000 0.000000
0.190000 0.431707 0.000361 -0.000278 0.600000 0.000456
0.316667 0.431707 0.000624 -0.001282 0.600000 0.001426
0.443333 0.431707 0.000276 -0.002004 0.600000 0.002023
0.570000 0.431707 0.000000 0.000000 0.000000 0.000000
0.696667 0.431707 0.000000 0.000000 0.000000 0.000000
0.823333 0.431707 0.000000 0.000000 0.000000 0.000000
0.950000 0.431707 0.000000 0.000000 0.000000 0.000000
1.076667 0.431707 0.000000 0.000000 0.000000 0.000000
1.203333 0.431707 0.000000 0.000000 0.000000 0.000000
1.330000 0.431707 0.000000 0.000000 0.000000 0.000000
1.456667 0.431707 0.000000 0.000000 0.000000 0.000000
1.583333 0.431707 0.000000 0.000000 0.000000 0.000000
1.710000 0.431707 0.000000 0.000000 0.000000 0.000000
1.836667 0.431707 -0.004502 -0.001456 0.599993 0.004732
1.963333 0.431707 -0.005150 0.002038 0.599652 0.005539
2.090000 0.431707 0.000000 0.000000 0.000000 0.000000
2.216667 0.431707 0.000000 0.000000 0.000000 0.000000
2.343333 0.431707 0.000000 0.000000 0.000000 0.000000
2.470000 0.431707 0.000000 0.000000 0.000000 0.000000
2.596667 0.431707 0.000000 0.000000 0.000000 0.000000
2.723333 0.431707 0.000000 0.000000 0.000000 0.000000
2.850000 0.431707 0.000000 0.000000 0.000000 0.000000
2.976667 0.431707 0.000000 0.000000 0.000000 0.000000
3.103333 0.431707 0.000000 0.000000 0.000000 0.000000
3.230000 0.431707 0.000000 0.000000 0.000000 0.000000
3.356667 0.431707 -0.005874 -0.001566 0.600000 0.006079
3.483333 0.431707 -0.005284 0.001960 0.600000 0.005635
3.610000 0.431707 -0.002006 0.003438 0.600000 0.003980
3.736667 0.431707 0.000000 0.000000 0.000000 0.000000
0.063333 0.446341 0.000000 0.000000 0.000000 0.000000
0.190000 0.446341 0.000326 -0.000271 0.600000 0.000424
0.316667 0.446341 0.000607 -0.001130 0.600000 0.001282
0.443333 0.446341 0.000410 -0.001765 0.600000 0.001812
0.570000 0.446341 0.000000 0.000000 0.000000 0.000000
0.696667 0.446341 0.000000 0.000000 0.000000 0.000000
0.823333 0.446341 0.000000 0.000000 0.000000 0.000000
0.950000 0.446341 0.000000 0.000000 0.000000 0.000000
1.076667 0.446341 0.000000 0.000000 0.000000 0.000000
1.203333 0.446341 0.000000 0.000000 0.000000 0.000000
1.330000 0.446341 0.000000 0.000000 0.000000 0.000000
1.456667 0.446341 0.000000 0.000000 0.000000 0.000000
1.583333 0.446341 0.000000 0.000000 0.000000 0.000000
1.710000 0.446341 0.000000 0.000000 0.000000 0.000000
1.836667 0.446341 -0.004650 -0.001141 0.600000 0.004788
1.963333 0.446341 -0.004844 0.001890 0.599984 0.005200
2.090000 0.446341 0.000000 0.000000 0.000000 0.000000
2.216667 0.446341 0.000000 0.000000 0.000000 0.000000
2.343333 0.446341 0.000000 0.000000 0.000000 0.000000
2.470000 0.446341 0.000000 0.000000 0.000000 0.000000
2.596667 0.446341 0.000000 0.000000 0.000000 0.000000
2.723333 0.446341 0.000000 0.000000 0.000000 0.000000
2.850000 0.446341 0.000000 0.000000 0.000000 0.000000
2.976667 0.446341 0.000000 0.000000 0.000000 0.000000
3.103333 0.446341 0.000000 0.000000 0.000000 0.000000
3.230000 0.446341 0.000000 0.000000 0.000000 0.000000
3.356667 0.446341 -0.005792 -0.001322 0.600000 0.005941
3.483333 0.446341 -0.005092 0.001740 0.600000 0.005381
3.610000 0.446341 -0.001934 0.003067 0.600000 0.003626
3.736667 0.446341 0.000000 0.000000 0.000000 0.000000
0.063333 0.460976 0.000000 0.000000 0.000000 0.000000
0.190000 0.460976 0.000299 -0.000256 0.600000 0.000394
0.316667 0.460976 0.000596 -0.000988 0.600000 0.001154
0.443333 0.460976 0.000506 -0.001549 0.600000 0.001630
0.570000 0.460976 0.000000 0.000000 0.000000 0.000000
0.696667 0.460976 0.000000 0.000000 0.000000 0.000000
0.823333 0.460976 0.000000 0.000000 0.000000 0.000000
0.950000 0.460976 0.000000 0.000000 0.000000 0.000000
1.076667 0.460976 0.000000 0.000000 0.000000 0.000000
1.203333 0.460976 0.000000 0.000000 0.000000 0.000000
1.330000 0.460976 0.000000 0.000000 0.000000 0.000000
1.456667 0.460976 0.000000 0.000000 0.000000 0.000000
1.583333 0.460976 0.000000 0.000000 0.000000 0.000000
1.710000 0.460976 0.000000 0.000000 0.000000 0.000000
1.836667 0.460976 -0.004802 -0.000894 0.600000 0.004884
1.963333 0.460976 -0.004587 0.001728 0.600000 0.004902
2.090000 0.460976 0.000000 0.000000 0.000000 0.000000
2.216667 0.460976 0.000000 0.000000 0.000000 0.000000
2.343333 0.460976 0.000000 0.000000 0.000000 0.000000
2.470000 0.460976 0.000000 0.000000 0.000000 0.000000
2.596667 0.460976 0.000000 0.000000 0.000000 0.000000
2.723333 0.460976 0.000000 0.000000 0.000000 0.000000
2.850000 0.460976 0.000000 0.000000 0.000000 0.000000
2.976667 0.460976 0.000000 0.000000 0.000000 0.000000
3.103333 0.460976 0.000000 0.000000 0.000000 0.000000
3.230000 0.460976 0.000000 0.000000 0.000000 0.000000
3.356667 0.460976 -0.005717 -0.001105 0.600000 0.005822
3.483333 0.460976 -0.004925 0.001532 0.600000 0.005158
3.610000 0.460976 -0.001872 0.002711 0.600000 0.003294
3.736667 0.460976 0.000000 0.000000 0.000000 0.000000
0.063333 0.475610 0.000000 0.000000 0.000000 0.000000
0.190000 0.475610 0.000281 -0.000235 0.600000 0.000366
0.316667 0.475610 0.000593 -0.000856 0.600000 0.001041
0.443333 0.475610 0.000578 -0.001349 0.600000 0.001467
0.570000 0.475610 0.000000 0.000000 0.000000 0.000000
0.696667 0.475610 0.000000 0.000000 0.000000 0.000000
0.823333 0.475610 0.000000 0.000000 0.000000 0.000000
0.950000 0.475610 0.000000 0.000000 0.000000 0.000000
1.076667 0.475610 0.000000 0.000000 0.000000 0.000000
1.203333 0.475610 0.000000 0.000000 0.000000 0.000000
1.330000 0.475610 0.000000 0.000000 0.000000 0.000000
1.456667 0.475610 0.000000 0.000000 0.000000 0.000000
1.583333 0.475610 0.000000 0.000000 0.000000 0.000000
1.710000 0.475610 0.000000 0.000000 0.000000 0.000000
1.836667 0.475610 -0.004935 -0.000705 0.600000 0.004985
1.963333 0.475610 -0.004416 0.001553 0.600000 0.004681
2.090000 0.475610 0.000000 0.000000 0.000000 0.000000
2.216667 0.475610 0.000000 0.000000 0.000000 0.000000
2.343333 0.475610 0.000000 0.000000 0.000000 0.000000
2.470000 0.475610 0.000000 0.000000 0.000000 0.000000
2.596667 0.475610 0.000000 0.000000 0.000000 0.000000
2.723333 0.475610 0.000000 0.000000 0.000000 0.000000
2.850000 0.475610 0.000000 0.000000 0.000000 0.000000
2.976667 0.475610 0.000000 0.000000 0.000000 0.000000
3.103333 0.475610 0.000000 0.000000 0.000000 0.000000
3.230000 0.475610 0.000000 0.000000 0.000000 0.000000
3.356667 0.475610 -0.005649 -0.000912 0.600000 0.005722
3.483333 0.475610 -0.004780 0.001335 0.600000 0.004963
3.610000 0.475610 -0.001818 0.002368 0.600000 0.002985
3.736667 0.475610 0.000000 0.000000 0.000000 0.000000
0.063333 0.490244 0.000000 0.000000 0.000000 0.000000
0.190000 0.490244 0.000268 -0.000209 0.600000 0.000340
0.316667 0.490244 0.000595 -0.000731 0.600000 0.000942
0.443333 0.490244 0.000632 -0.001159 0.600000 0.001320
0.570000 0.490244 0.000000 0.000000 0.000000 0.000000
0.696667 0.490244 0.000000 0.000000 0.000000 0.000000
0.823333 0.490244 0.000000 0.000000 0.000000 0.000000
0.950000 0.490244 0.000000 0.000000 0.000000 0.000000
1.076667 0.490244 0.000000 0.000000 0.000000 0.000000
1.203333 0.490244 0.000000 0.000000 0.000000 0.000000
1.330000 0.490244 0.000000 0.000000 0.000000 0.000000
1.456667 0.490244 0.000000 0.000000 0.000000 0.000000
1.583333 0.490244 0.000000 0.000000 0.000000 0.000000
1.710000 0.490244 0.000000 0.000000 0.000000 0.000000
1.836667 0.490244 -0.005055 -0.000558 0.600000 0.005086
1.963333 0.490244 -0.004313 0.001370 0.600000 0.004525
2.090000 0.490244 0.000000 0.000000 0.000000 0.000000
2.216667 0.490244 0.000000 0.000000 0.000000 0.000000
2.343333 0.490244 0.000000 0.000000 0.000000 0.000000
2.470000 0.490244 0.000000 0.000000 0.000000 0.000000
2.596667 0.490244 0.000000 0.000000 0.000000 0.000000
2.723333 0.490244 0.000000 0.000000 0.000000 0.000000
2.850000 0.490244 0.000000 0.000000 0.000000 0.000000
2.976667 0.490244 0.000000 0.000000 0.000000 0.000000
3.103333 0.490244 0.000000 0.000000 0.000000 0.000000
3.230000 0.490244 0.000000 0.000000 0.000000 0.000000
3.356667 0.490244 -0.005590 -0.000741 0.600000 0.005639
3.483333 0.490244 -0.004657 0.001145 0.600000 0.004796
3.610000 0.490244 -0.001771 0.002035 0.600000 0.002698
3.736667 0.490244 0.000000 0.000000 0.000000 0.000000
0.063333 0.504878 0.000000 0.000000 0.000000 0.000000
0.190000 0.504878 0.000261 -0.000181 0.600000 0.000317
0.316667 0.504878 0.000601 -0.000611 0.600000 0.000857
0.443333 0.504878 0.000674 -0.000976 0.600000 0.001186
0.570000 0.504878 0.000000 0.000000 0.000000 0.000000
0.696667 0.504878 0.000000 0.000000 0.000000 0.000000
0.823333 0.504878 0.000000 0.000000 0.000000 0.000000
0.950000 0.504878 0.000000 0.000000 0.000000 0.000000
1.076667 0.504878 0.000000 0.000000 0.000000 0.000000
1.203333 0.504878 0.000000 0.000000 0.000000 0.000000
1.330000 0.504878 0.000000 0.000000 0.000000 0.000000
1.456667 0.504878 0.000000 0.000000 0.000000 0.000000
1.583333 0.504878 0.000000 0.000000 0.000000 0.000000
1.710000 0.504878 0.000000 0.000000 0.000000 0.000000
1.836667 0.504878 -0.005169 -0.000443 0.600000 0.005188
1.963333 0.504878 -0.004265 0.001182 0.600000 0.004425
2.090000 0.504878 0.000000 0.000000 0.000000 0.000000
2.216667 0.504878 0.000000 0.000000 0.000000 0.000000
2.343333 0.504878 0.000000 0.000000 0.000000 0.000000
2.470000 0.504878 0.000000 0.000000 0.000000 0.000000
2.596667 0.504878 0.000000 0.000000 0.000000 0.000000
2.723333 0.504878 0.000000 0.000000 0.000000 0.000000
2.850000 0.504878 0.000000 0.000000 0.000000 0.000000
2.976667 0.504878 0.000000 0.000000 0.000000 0.000000
3.103333 0.504878 0.000000 0.000000 0.000000 0.000000
3.230000 0.504878 0.000000 0.000000 0.000000 0.000000
3.356667 0.504878 -0.005542 -0.000590 0.600000 0.005573
3.483333 0.504878 -0.004555 0.000963 0.600000 0.004655
3.610000 0.504878 -0.001732 0.001711 0.600000 0.002435
3.736667 0.504878 0.000000 0.000000 0.000000 0.000000
0.063333 0.519512 0.000000 0.000000 0.000000 0.000000
0.190000 0.519512 0.000259 -0.000149 0.600000 0.000299
0.316667 0.519512 0.000612 -0.000496 0.600000 0.000788
0.443333 0.519512 0.000708 -0.000797 0.600000 0.001066
0.570000 0.519512 0.000000 0.000000 0.000000 0.000000
0.696667 0.519512 0.000000 0.000000 0.000000 0.000000
0.823333 0.519512 0.000000 0.000000 0.000000 0.000000
0.950000 0.519512 0.000000 0.000000 0.000000 0.000000
1.076667 0.519512 0.000000 0.000000 0.000000 0.000000
1.203333 0.519512 0.000000 0.000000 0.000000 0.000000
1.330000 0.519512 0.000000 0.000000 0.000000 0.000000
1.456667 0.519512 0.000000 0.000000 0.000000 0.000000
1.583333 0.519512 0.000000 0.000000 0.000000 0.000000
1.710000 0.519512 0.000000 0.000000 0.000000 0.000000
1.836667 0.519512 -0.005294 -0.000348 0.600000 0.005305
1.963333 0.519512 -0.004272 0.000989 0.600000 0.004385
2.090000 0.519512 0.000000 0.000000 0.000000 0.000000
2.216667 0.519512 0.000000 0.000000 0.000000 0.000000
2.343333 0.519512 0.000000 0.000000 0.000000 0.000000
2.470000 0.519512 0.000000 0.000000 0.000000 0.000000
2.596667 0.519512 0.000000 0.000000 0.000000 0.000000
2.723333 0.519512 0.000000 0.000000 0.000000 0.000000
2.850000 0.519512 0.000000 0.000000 0.000000 0.000000
2.976667 0.519512 0.000000 0.000000 0.000000 0.000000
3.103333 0.519512 0.000000 0.000000 0.000000 0.000000
3.230000 0.519512 0.000000 0.000000 0.000000 0.000000
3.356667 0.519512 -0.005504 -0.000456 0.600000 0.005523
3.483333 0.519512 -0.004472 0.000785 0.600000 0.004540
3.610000 0.519512 -0.001700 0.001394 0.600000 0.002198
3.736667 0.519512 0.000000 0.000000 0.000000 0.000000
0.063333 0.534146 0.000000 0.000000 0.000000 0.000000
0.190000 0.534146 0.000260 -0.000117 0.600000 0.000285
0.316667 0.534146 0.000628 -0.000383 0.600000 0.000735
0.443333 0.534146 0.000737 -0.000620 0.600000 0.000963
0.570000 0.534146 0.000000 0.000000 0.000000 0.000000
0.696667 0.534146 0.000000 0.000000 0.000000 0.000000
0.823333 0.534146 0.000000 0.000000 0.000000 0.000000
0.950000 0.534146 0.000000 0.000000 0.000000 0.000000
1.076667 0.534146 0.000000 0.000000 0.000000 0.000000
1.203333 0.534146 0.000000 0.000000 0.000000 0.000000
1.330000 0.534146 0.000000 0.000000 0.000000 0.000000
1.456667 0.534146 0.000000 0.000000 0.000000 0.000000
1.583333 0.534146 0.000000 0.000000 0.000000 0.000000
1.710000 0.534146 0.000000 0.000000 0.000000 0.000000
1.836667 0.534146 -0.005419 -0.000268 0.600000 0.005425
1.963333 0.534146 -0.004312 0.000789 0.600000 0.004384
2.090000 0.534146 0.000000 0.000000 0.000000 0.000000
2.216667 0.534146 0.000000 0.000000 0.000000 0.000000
2.343333 0.534146 0.000000 0.000000 0.000000 0.000000
2.470000 0.534146 0.000000 0.000000 0.000000 0.000000
2.596667 0.534146 0.000000 0.000000 0.000000 0.000000
2.723333 0.534146 0.000000 0.000000 0.000000 0.000000
2.850000 0.534146 0.000000 0.000000 0.000000 0.000000
2.976667 0.534146 0.000000 0.000000 0.000000 0.000000
3.103333 0.534146 0.000000 0.000000 0.000000 0.000000
3.230000 0.534146 0.000000 0.000000 0.000000 0.000000
3.356667 0.534146 -0.005480 -0.000336 0.600000 0.005490
3.483333 0.534146 -0.004408 0.000611 0.600000 0.004450
3.610000 0.534146 -0.001675 0.001081 0.600000 0.001994
3.736667 0.534146 0.000000 0.000000 0.000000 0.000000
0.063333 0.548780 0.000000 0.000000 0.000000 0.000000
0.190000 0.548780 0.000266 -0.000083 0.600000 0.000279
0.316667 0.548780 0.000647 -0.000273 0.600000 0.000702
0.443333 0.548780 0.000763 -0.000443 0.600000 0.000882
0.570000 0.548780 0.000000 0.000000 0.000000 0.000000
0.696667 0.548780 0.000000 0.000000 0.000000 0.000000
0.823333 0.548780 0.000000 0.000000 0.000000 0.000000
0.950000 0.548780 0.000000 0.000000 0.000000 0.000000
1.076667 0.548780 0.000000 0.000000 0.000000 0.000000
1.203333 0.548780 0.000000 0.000000 0.000000 0.000000
1.330000 0.548780 0.000000 0.000000 0.000000 0.000000
1.456667 0.548780 0.000000 0.000000 0.000000 0.000000
1.583333 0.548780 0.000000 0.000000 0.000000 0.000000
1.710000 0.548780 0.000000 0.000000 0.000000 0.000000
1.836667 0.548780 -0.005576 -0.000193 0.600000 0.005580
1.963333 0.548780 -0.004408 0.000581 0.600000 0.004446
2.090000 0.548780 0.000000 0.000000 0.000000 0.000000
2.216667 0.548780 0.000000 0.000000 0.000000 0.000000
2.343333 0.548780 0.000000 0.000000 0.000000 0.000000
2.470000 0.548780 0.000000 0.000000 0.000000 0.000000
2.596667 0.548780 0.000000 0.000000 0.000000 0.000000
2.723333 0.548780 0.000000 0.000000 0.000000 0.000000
2.850000 0.548780 0.000000 0.000000 0.000000 0.000000
2.976667 0.548780 0.000000 0.000000 0.000000 0.000000
3.103333 0.548780 0.000000 0.000000 0.000000 0.000000
3.230000 0.548780 0.000000 0.000000 0.000000 0.000000
3.356667 0.548780 -0.005467 -0.000229 0.600000 0.005472
3.483333 0.548780 -0.004363 0.000438 0.600000 0.004385
3.610000 0.548780 -0.001656 0.000772 0.600000 0.001827
3.736667 0.548780 0.000000 0.000000 0.000000 0.000000
0.063333 0.563415 0.000000 0.000000 0.000000 0.000000
0.190000 0.563415 0.000276 -0.000049 0.600000 0.000280
0.316667 0.563415 0.000671 -0.000163 0.600000 0.000691
0.443333 0.563415 0.000791 -0.000266 0.600000 0.000834
0.570000 0.563415 0.000000 0.000000 0.000000 0.000000
0.696667 0.563415 0.000000 0.000000 0.000000 0.000000
0.823333 0.563415 0.000000 0.000000 0.000000 0.000000
0.950000 0.563415 0.000000 0.000000 0.000000 0.000000
1.076667 0.563415 0.000000 0.000000 0.000000 0.000000
1.203333 0.563415 0.000000 0.000000 0.000000 0.000000
1.330000 0.563415 0.000000 0.000000 0.000000 0.000000
1.456667 0.563415 0.000000 0.000000 0.000000 0.000000
1.583333 0.563415 0.000000 0.000000 0.000000 0.000000
1.710000 0.563415 0.000000 0.000000 0.000000 0.000000
1.836667 0.563415 -0.005741 -0.000119 0.600000 0.005743
1.963333 0.563415 -0.004526 0.000361 0.600000 0.004541
2.090000 0.563415 0.000000 0.000000 0.000000 0.000000
2.216667 0.563415 0.000000 0.000000 0.000000 0.000000
2.343333 0.563415 0.000000 0.000000 0.000000 0.000000
2.470000 0.563415 0.000000 0.000000 0.000000 0.000000
2.596667 0.563415 0.000000 0.000000 0.000000 0.000000
2.723333 0.563415 0.000000 0.000000 0.000000 0.000000
2.850000 0.563415 0.000000 0.000000 0.000000 0.000000
2.976667 0.563415 0.000000 0.000000 0.000000 0.000000
3.103333 0.563415 0.000000 0.000000 0.000000 0.000000
3.230000 0.563415 0.000000 0.000000 0.000000 0.000000
3.356667 0.563415 -0.005470 -0.000132 0.600000 0.005471
3.483333 0.563415 -0.004337 0.000264 0.600000 0.004345
3.610000 0.563415 -0.001645 0.000464 0.600000 0.001709
3.736667 0.563415 0.000000 0.000000 0.000000 0.000000
0.063333 0.578049 0.000000 0.000000 0.000000 0.000000
0.190000 0.578049 0.000291 -0.000016 0.600000 0.000291
0.316667 0.578049 0.000708 -0.000054 0.600000 0.000710
0.443333 0.578049 0.000833 -0.000089 0.600000 0.000838
0.570000 0.578049 0.000000 0.000000 0.000000 0.000000
0.696667 0.578049 0.000000 0.000000 0.000000 0.000000
0.823333 0.578049 0.000000 0.000000 0.000000 0.000000
0.950000 0.578049 0.000000 0.000000 0.000000 0.000000
1.076667 0.578049 0.000000 0.000000 0.000000 0.000000
1.203333 0.578049 0.000000 0.000000 0.000000 0.000000
1.330000 0.578049 0.000000 0.000000 0.000000 0.000000
1.456667 0.578049 0.000000 0.000000 0.000000 0.000000
1.583333 0.578049 0.000000 0.000000 0.000000 0.000000
1.710000 0.578049 0.000000 0.000000 0.000000 0.000000
1.836667 0.578049 -0.005945 -0.000041 0.600000 0.005945
1.963333 0.578049 -0.004683 0.000124 0.600000 0.004684
2.090000 0.578049 0.000000 0.000000 0.000000 0.000000
2.216667 0.578049 0.000000 0.000000 0.000000 0.000000
2.343333 0.578049 0.000000 0.000000 0.000000 0.000000
2.470000 0.578049 0.000000 0.000000 0.000000 0.000000
2.596667 0.578049 0.000000 0.000000 0.000000 0.000000
2.723333 0.578049 0.000000 0.000000 0.000000 0.000000
2.850000 0.578049 0.000000 0.000000 0.000000 0.000000
2.976667 0.578049 0.000000 0.000000 0.000000 0.000000
3.103333 0.578049 0.000000 0.000000 0.000000 0.000000
3.230000 0.578049 0.000000 0.000000 0.000000 0.000000
3.356667 0.578049 -0.005498 -0.000043 0.600000 0.005498
3.483333 0.578049 -0.004336 0.000089 0.600000 0.004337
3.610000 0.578049 -0.001641 0.000155 0.600000 0.001648
3.736667 0.578049 0.000000 0.000000 0.000000 0.000000
0.063333 0.592683 0.000000 0.000000 0.000000 0.000000
0.190000 0.592683 0.000000 0.000000 0.000000 0.000000
0.316667 0.592683 0.000000 0.000000 0.000000 0.000000
0.443333 0.592683 0.000000 0.000000 0.000000 0.000000
0.570000 0.592683 0.000000 0.000000 0.000000 0.000000
0.696667 0.592683 0.000000 0.000000 0.000000 0.000000
0.823333 0.592683 0.000000 0.000000 0.000000 0.000000
0.950000 0.592683 0.000000 0.000000 0.000000 0.000000
1.076667 0.592683 0.000000 0.000000 0.000000 0.000000
1.203333 0.592683 0.000000 0.000000 0.000000 0.000000
1.330000 0.592683 0.000000 0.000000 0.000000 0.000000
1.456667 0.592683 0.000000 0.000000 0.000000 0.000000
1.583333 0.592683 0.000000 0.000000 0.000000 0.000000
1.710000 0.592683 0.000000 0.000000 0.000000 0.000000
1.836667 0.592683 0.000000 0.000000 0.000000 0.000000
1.963333 0.592683 0.000000 0.000000 0.000000 0.000000
2.090000 0.592683 0.000000 0.000000 0.000000 0.000000
2.216667 0.592683 0.000000 0.000000 0.000000 0.000000
2.343333 0.592683 0.000000 0.000000 0.000000 0.000000
2.470000 0.592683 0.000000 0.000000 0.000000 0.000000
2.596667 0.592683 0.000000 0.000000 0.000000 0.000000
2.723333 0.592683 0.000000 0.000000 0.000000 0.000000
2.850000 0.592683 0.000000 0.000000 0.000000 0.000000
2.976667 0.592683 0.000000 0.000000 0.000000 0.000000
3.103333 0.592683 0.000000 0.000000 0.000000 0.000000
3.230000 0.592683 0.000000 0.000000 0.000000 0.000000
3.356667 0.592683 0.000000 0.000000 0.000000 0.000000
3.483333 0.592683 0.000000 0.000000 0.000000 0.000000
3.610000 0.592683 0.000000 0.000000 0.000000 0.000000
3.736667 0.592683 0.000000 0.000000 0.000000 0.000000
