0.263  0.263  0.2635 0.2635 0.263  0.262  0.2605 0.259  0.257  0.2555 0.2545 0.2545 0.2555 0.2565 0.257  0.257  0.2565 0.2555 0.2535 0.2515 0.2495 0.247  0.244  0.241  0.2375 0.234  0.2305 0.227  0.2245 0.222 0.22  
0.2635 0.264  0.2655 0.267  0.2685 0.2685 0.268  0.267  0.2655 0.264 0.263  0.262  0.2615 0.261  0.2605 0.2595 0.2585 0.257  0.2555 0.2535 0.2515 0.249  0.2465 0.2435 0.2405 0.237  0.234  0.2305 0.227  0.224 0.2215
0.2615 0.262  0.264  0.266  0.268  0.2685 0.2685 0.268  0.267  0.266 0.265  0.264  0.263  0.262  0.2615 0.2605 0.259  0.2575 0.256  0.254 0.252  0.25   0.2475 0.245  0.242  0.239  0.236  0.233  0.2295 0.226 0.2225
0.2575 0.258  0.2605 0.2625 0.265  0.266  0.2665 0.267  0.2665 0.2655 0.265  0.264  0.2635 0.2625 0.2615 0.2605 0.259  0.258  0.2565 0.2545 0.2525 0.2505 0.248  0.246  0.2435 0.2405 0.2375 0.2345 0.2315 0.228 0.224 
0.2515 0.253  0.2555 0.258  0.2605 0.262  0.263  0.264  0.264  0.2635 0.263  0.2625 0.262  0.2615 0.2605 0.2595 0.2585 0.2575 0.256  0.2545 0.2525 0.2505 0.2485 0.2465 0.244  0.2415 0.239  0.236  0.2335 0.23 0.226 
0.245  0.247  0.2495 0.2525 0.255  0.257  0.2585 0.26   0.26   0.2605 0.2605 0.2605 0.26   0.2595 0.259  0.2585 0.2575 0.257  0.2555 0.254 0.2525 0.251  0.249  0.247  0.245  0.2425 0.24   0.238  0.235  0.2325 0.229 
0.238  0.241  0.2435 0.2465 0.249  0.2515 0.2535 0.255  0.2555 0.2565 0.257  0.257  0.2575 0.257  0.257  0.2565 0.2565 0.256  0.255  0.254 0.2525 0.251  0.2495 0.2475 0.2455 0.2435 0.2415 0.2395 0.2375 0.2355 0.2325
0.232  0.235  0.2375 0.24   0.243  0.245  0.2475 0.249  0.2505 0.252 0.253  0.2535 0.2545 0.2545 0.255  0.255  0.255  0.2545 0.254  0.2535 0.2525 0.2515 0.25   0.2485 0.247  0.245  0.2435 0.2415 0.24   0.238 0.236 
0.2265 0.229  0.2315 0.2335 0.236  0.2385 0.2405 0.243  0.245  0.247 0.2485 0.25   0.2515 0.252  0.253  0.2535 0.2535 0.2535 0.2535 0.253 0.2525 0.2515 0.2505 0.2495 0.2485 0.247  0.2455 0.244  0.2425 0.241 0.2395
0.2215 0.223  0.2245 0.2265 0.228  0.2305 0.233  0.2355 0.2385 0.2415 0.244  0.2465 0.2485 0.25   0.2515 0.252  0.2525 0.2525 0.2525 0.2525 0.252  0.252  0.2515 0.2505 0.25   0.2485 0.2475 0.246  0.2445 0.243 0.2425
0.2175 0.2185 0.218  0.2175 0.2175 0.219  0.2215 0.225  0.229  0.2335 0.238  0.242  0.2455 0.248  0.25   0.251  0.251  0.251  0.251  0.251 0.251  0.2515 0.2515 0.2515 0.251  0.25   0.249  0.2475 0.246  0.244 0.2435
