0.21452703 0.21439189 0.21452703 0.21452703 0.21452703 0.21452703 0.21452703 0.21452703 0.21425676 0.21452703 0.21439189 0.21452703 0.21466216 0.21452703 0.21452703 0.21452703 0.21452703 0.21452703 0.21439189 0.21331081 0.21358108 0.21425676 0.21412162 0.21425676 0.21425676 0.21398649 0.21317568 0.21452703 0.21236486 0.21452703 0.21452703 0.21452703 0.21236486 0.21033784 0.20722973 0.20587838 0.20587838 0.20587838 0.20587838 0.20587838 0.20587838 0.20587838 0.20587838 0.20587838
0.21452703 0.21466216 0.21452703 0.21466216 0.21452703 0.21452703 0.21439189 0.21452703 0.21452703 0.21452703 0.21452703 0.21452703 0.21452703 0.21452703 0.21439189 0.21439189 0.21452703 0.21452703 0.21452703 0.21452703 0.21452703 0.21452703 0.21452703 0.21452703 0.21452703 0.21452703 0.21439189 0.21452703 0.21439189 0.21452703 0.21452703 0.21452703 0.21452703 0.2125     0.21047297 0.21006757 0.20682432 0.20560811 0.20547297 0.20587838 0.20587838 0.20587838 0.20587838 0.20587838
0.21412162 0.21452703 0.21439189 0.21452703 0.21452703 0.21452703 0.21452703 0.21452703 0.21452703 0.21452703 0.21452703 0.21452703 0.21439189 0.21439189 0.21452703 0.21452703 0.21452703 0.21452703 0.21452703 0.21452703 0.21452703 0.21452703 0.21452703 0.21439189 0.21452703 0.21452703 0.21439189 0.21452703 0.20858108 0.20804054 0.21452703 0.21452703 0.21452703 0.21452703 0.21398649 0.21128378 0.21047297 0.21047297 0.21047297 0.20574324 0.20587838 0.20587838 0.20587838 0.20587838
0.21452703 0.21452703 0.21452703 0.21452703 0.21452703 0.21452703 0.21452703 0.21452703 0.21452703 0.21452703 0.21452703 0.21452703 0.21452703 0.21452703 0.21452703 0.21439189 0.21452703 0.21452703 0.21452703 0.21452703 0.21452703 0.21452703 0.21452703 0.21439189 0.21439189 0.21452703 0.21452703 0.21452703 0.21412162 0.21439189 0.21452703 0.21358108 0.21452703 0.21439189 0.21452703 0.21452703 0.21209459 0.21047297 0.20898649 0.21047297 0.21047297 0.21047297 0.21033784 0.21047297
0.21304054 0.21452703 0.21452703 0.21452703 0.21452703 0.21439189 0.21452703 0.21452703 0.21452703 0.21452703 0.21452703 0.21452703 0.21425676 0.21317568 0.21412162 0.21439189 0.21452703 0.21452703 0.21452703 0.21452703 0.21452703 0.21452703 0.21452703 0.21466216 0.21452703 0.21452703 0.21452703 0.21452703 0.21452703 0.21668919 0.22074324 0.22101351 0.21952703 0.21587838 0.22101351 0.21452703 0.21452703 0.21452703 0.21452703 0.21452703 0.21412162 0.21141892 0.21047297 0.21047297
0.21047297 0.2102027  0.21412162 0.21452703 0.21452703 0.21452703 0.21452703 0.21452703 0.21452703 0.21452703 0.21452703 0.21452703 0.21452703 0.21452703 0.21439189 0.21452703 0.21452703 0.21452703 0.21452703 0.21452703 0.21452703 0.21425676 0.21452703 0.21736486 0.22101351 0.22114865 0.22101351 0.22101351 0.22101351 0.22101351 0.22101351 0.22101351 0.22344595 0.22736486 0.22736486 0.22655405 0.22209459 0.21655405 0.21452703 0.21452703 0.21439189 0.21452703 0.21425676 0.21412162
0.21047297 0.21047297 0.21033784 0.20952703 0.21452703 0.21452703 0.21452703 0.21452703 0.21452703 0.21452703 0.21452703 0.21425676 0.21452703 0.21412162 0.21412162 0.21358108 0.21371622 0.21452703 0.21452703 0.21466216 0.21452703 0.21466216 0.21452703 0.22087838 0.22101351 0.22087838 0.22101351 0.22101351 0.22101351 0.22101351 0.22101351 0.2247973  0.2275     0.2275     0.2275     0.2275 0.22736486 0.22682432 0.22277027 0.22101351 0.22033784 0.21587838 0.21452703 0.21452703
0.21047297 0.21047297 0.21047297 0.21047297 0.21168919 0.21425676 0.21452703 0.21452703 0.21452703 0.21452703 0.21452703 0.21452703 0.21452703 0.21452703 0.21452703 0.21452703 0.21439189 0.21452703 0.21452703 0.21439189 0.21452703 0.21452703 0.22101351 0.22087838 0.22101351 0.22101351 0.22101351 0.22101351 0.22101351 0.22101351 0.22006757 0.22736486 0.2275     0.2275     0.2275     0.2275 0.2275     0.2275     0.2275     0.22222973 0.22101351 0.22101351 0.22101351 0.21628378
0.20695946 0.2097973  0.21047297 0.21047297 0.21047297 0.21047297 0.20871622 0.21452703 0.21452703 0.21452703 0.21452703 0.21452703 0.21452703 0.21452703 0.21425676 0.21412162 0.21412162 0.21439189 0.21439189 0.21452703 0.21412162 0.21412162 0.22101351 0.22087838 0.22101351 0.22087838 0.22101351 0.22101351 0.22087838 0.22101351 0.2275     0.2275     0.2275     0.2275     0.2275     0.2275 0.22736486 0.2275     0.2275     0.2275     0.2247973  0.22101351 0.22101351 0.22033784
0.20587838 0.20587838 0.20655405 0.21047297 0.21047297 0.21047297 0.21047297 0.21209459 0.21466216 0.21452703 0.21452703 0.21452703 0.21452703 0.21452703 0.21439189 0.21466216 0.21452703 0.21439189 0.21452703 0.21452703 0.21452703 0.22101351 0.22101351 0.22087838 0.22087838 0.22087838 0.22101351 0.22101351 0.22101351 0.22101351 0.22074324 0.22736486 0.2275     0.2275     0.2275     0.2275 0.22736486 0.2275     0.2275     0.2275     0.2275     0.2275 0.22614865 0.2275    
0.20587838 0.20587838 0.20587838 0.20736486 0.21033784 0.21047297 0.21047297 0.20709459 0.21168919 0.21425676 0.21236486 0.21452703 0.21452703 0.21452703 0.21371622 0.21304054 0.21304054 0.21304054 0.21222973 0.21452703 0.21452703 0.21425676 0.21439189 0.22087838 0.22101351 0.22087838 0.22101351 0.22101351 0.22101351 0.22101351 0.22074324 0.22385135 0.2275     0.2275     0.2275     0.2275 0.22736486 0.2275     0.2275     0.2275     0.2275     0.2275 0.2275     0.2275    
