0.3026 0.3026 0.3027 0.3027 0.3026 0.3024 0.3021 0.3018 0.3014 0.3011 0.3009 0.3009 0.3011 0.3013 0.3014 0.3014 0.3013 0.3011 0.3007 0.3003 0.2999 0.2994 0.2988 0.2982 0.2975 0.2968 0.2961 0.2954 0.2949 0.2944 0.294 
0.3027 0.3028 0.3031 0.3034 0.3037 0.3037 0.3036 0.3034 0.3031 0.3028 0.3026 0.3024 0.3023 0.3022 0.3021 0.3019 0.3017 0.3014 0.3011 0.3007 0.3003 0.2998 0.2993 0.2987 0.2981 0.2974 0.2968 0.2961 0.2954 0.2948 0.2943
0.3023 0.3024 0.3028 0.3032 0.3036 0.3037 0.3037 0.3036 0.3034 0.3032 0.303  0.3028 0.3026 0.3024 0.3023 0.3021 0.3018 0.3015 0.3012 0.3008 0.3004 0.3    0.2995 0.299  0.2984 0.2978 0.2972 0.2966 0.2959 0.2952 0.2945
0.3015 0.3016 0.3021 0.3025 0.303  0.3032 0.3033 0.3034 0.3033 0.3031 0.303  0.3028 0.3027 0.3025 0.3023 0.3021 0.3018 0.3016 0.3013 0.3009 0.3005 0.3001 0.2996 0.2992 0.2987 0.2981 0.2975 0.2969 0.2963 0.2956 0.2948
0.3003 0.3006 0.3011 0.3016 0.3021 0.3024 0.3026 0.3028 0.3028 0.3027 0.3026 0.3025 0.3024 0.3023 0.3021 0.3019 0.3017 0.3015 0.3012 0.3009 0.3005 0.3001 0.2997 0.2993 0.2988 0.2983 0.2978 0.2972 0.2967 0.296 0.2952
0.299  0.2994 0.2999 0.3005 0.301  0.3014 0.3017 0.302  0.302  0.3021 0.3021 0.3021 0.302  0.3019 0.3018 0.3017 0.3015 0.3014 0.3011 0.3008 0.3005 0.3002 0.2998 0.2994 0.299  0.2985 0.298  0.2976 0.297  0.2965 0.2958
0.2976 0.2982 0.2987 0.2993 0.2998 0.3003 0.3007 0.301  0.3011 0.3013 0.3014 0.3014 0.3015 0.3014 0.3014 0.3013 0.3013 0.3012 0.301  0.3008 0.3005 0.3002 0.2999 0.2995 0.2991 0.2987 0.2983 0.2979 0.2975 0.2971 0.2965
0.2964 0.297  0.2975 0.298  0.2986 0.299  0.2995 0.2998 0.3001 0.3004 0.3006 0.3007 0.3009 0.3009 0.301  0.301  0.301  0.3009 0.3008 0.3007 0.3005 0.3003 0.3    0.2997 0.2994 0.299  0.2987 0.2983 0.298  0.2976 0.2972
0.2953 0.2958 0.2963 0.2967 0.2972 0.2977 0.2981 0.2986 0.299  0.2994 0.2997 0.3    0.3003 0.3004 0.3006 0.3007 0.3007 0.3007 0.3007 0.3006 0.3005 0.3003 0.3001 0.2999 0.2997 0.2994 0.2991 0.2988 0.2985 0.2982 0.2979
0.2943 0.2946 0.2949 0.2953 0.2956 0.2961 0.2966 0.2971 0.2977 0.2983 0.2988 0.2993 0.2997 0.3    0.3003 0.3004 0.3005 0.3005 0.3005 0.3005 0.3004 0.3004 0.3003 0.3001 0.3    0.2997 0.2995 0.2992 0.2989 0.2986 0.2985
0.2935 0.2937 0.2936 0.2935 0.2935 0.2938 0.2943 0.295  0.2958 0.2967 0.2976 0.2984 0.2991 0.2996 0.3    0.3002 0.3002 0.3002 0.3002 0.3002 0.3002 0.3003 0.3003 0.3003 0.3002 0.3    0.2998 0.2995 0.2992 0.2988 0.2987
