0.25125641 0.25125641 0.25225641 0.25325641 0.25425641 0.25525641 0.25425641 0.25332544 0.2524142  0.25152268 0.25152268
0.25125641 0.25125641 0.25225641 0.25325641 0.25425641 0.25525641 0.25425641 0.25332544 0.2524142  0.25152268 0.25152268
0.25151282 0.25151282 0.25251282 0.25351282 0.25451282 0.25551282 0.25451282 0.25365089 0.2528284  0.25204536 0.25204536
0.25176923 0.25176923 0.25276923 0.25376923 0.25476923 0.25576923 0.25476923 0.25397633 0.2532426  0.25256805 0.25256805
0.25202564 0.25202564 0.25302564 0.25402564 0.25502564 0.25602564 0.25502564 0.25430178 0.2536568  0.25309073 0.25309073
0.25228205 0.25228205 0.25328205 0.25428205 0.25528205 0.25628205 0.25528205 0.25462722 0.25407101 0.25361341 0.25361341
0.25253846 0.25253846 0.25353846 0.25453846 0.25553846 0.25653846 0.25553846 0.25495266 0.25448521 0.25413609 0.25413609
0.25279487 0.25279487 0.25379487 0.25479487 0.25579487 0.25679487 0.25579487 0.25527811 0.25489941 0.25465878 0.25465878
0.25305128 0.25305128 0.25405128 0.25505128 0.25605128 0.25705128 0.25605128 0.25560355 0.25531361 0.25518146 0.25518146
0.25330769 0.25330769 0.25430769 0.25530769 0.25630769 0.25730769 0.25630769 0.25592899 0.25572781 0.25570414 0.25570414
0.2535641  0.2535641  0.2545641  0.2555641  0.2565641  0.2575641 0.2565641  0.25625444 0.25614201 0.25622682 0.25622682
0.25382051 0.25382051 0.25482051 0.25582051 0.25682051 0.25782051 0.25682051 0.25657988 0.25655621 0.25674951 0.25674951
0.25407692 0.25407692 0.25507692 0.25607692 0.25707692 0.25807692 0.25707692 0.25690533 0.25697041 0.25727219 0.25727219
0.25433333 0.25433333 0.25533333 0.25633333 0.25733333 0.25833333 0.25733333 0.25723077 0.25738462 0.25779487 0.25779487
0.25458974 0.25458974 0.25558974 0.25658974 0.25758974 0.25858974 0.25758974 0.25755621 0.25779882 0.25831755 0.25831755
0.25484615 0.25484615 0.25584615 0.25684615 0.25784615 0.25884615 0.25784615 0.25788166 0.25821302 0.25884024 0.25884024
0.25510256 0.25510256 0.25610256 0.25710256 0.25810256 0.25910256 0.25810256 0.2582071  0.25862722 0.25936292 0.25936292
0.25535897 0.25535897 0.25635897 0.25735897 0.25835897 0.25935897 0.25835897 0.25853254 0.25904142 0.2598856  0.2598856 
0.25561538 0.25561538 0.25661538 0.25761538 0.25861538 0.25961538 0.25861538 0.25885799 0.25945562 0.26040828 0.26040828
0.25587179 0.25587179 0.25687179 0.25787179 0.25887179 0.25987179 0.25887179 0.25918343 0.25986982 0.26093097 0.26093097
0.25587179 0.25587179 0.25687179 0.25787179 0.25887179 0.25987179 0.25887179 0.25925247 0.26002761 0.26119724 0.26119724
0.25561538 0.25561538 0.25661538 0.25761538 0.25861538 0.25961538 0.25861538 0.25906509 0.25992899 0.2612071  0.2612071 
0.25535897 0.25535897 0.25635897 0.25735897 0.25835897 0.25935897 0.25835897 0.25887771 0.25983037 0.26121696 0.26121696
0.25510256 0.25510256 0.25610256 0.25710256 0.25810256 0.25910256 0.25810256 0.25869034 0.25973176 0.26122682 0.26122682
0.25484615 0.25484615 0.25584615 0.25684615 0.25784615 0.25884615 0.25784615 0.25850296 0.25963314 0.26123669 0.26123669
0.25458974 0.25458974 0.25558974 0.25658974 0.25758974 0.25858974 0.25758974 0.25831558 0.25953452 0.26124655 0.26124655
0.25433333 0.25433333 0.25533333 0.25633333 0.25733333 0.25833333 0.25733333 0.25812821 0.2594359  0.26125641 0.26125641
0.2543432  0.2543432  0.25560947 0.25687574 0.25814201 0.25940828 0.25867456 0.25980473 0.26146746 0.26366272 0.26366272
0.25437278 0.25437278 0.25592505 0.25747732 0.25902959 0.26058185 0.26013412 0.26161933 0.2636568  0.26624655 0.26624655
0.25442209 0.25442209 0.25628008 0.25813807 0.25999606 0.26185404 0.26171203 0.26357199 0.26600394 0.26900789 0.26900789
0.25449112 0.25449112 0.25667456 0.25885799 0.26104142 0.26322485 0.26340828 0.26566272 0.26850888 0.27194675 0.27194675
0.25457988 0.25457988 0.25710848 0.25963708 0.26216568 0.26469428 0.26522288 0.26789152 0.2711716  0.27506312 0.27506312
0.25468836 0.25468836 0.25758185 0.26047535 0.26336884 0.26626233 0.26715582 0.27025838 0.27399211 0.278357   0.278357  
0.25481657 0.25481657 0.25809467 0.26137278 0.26465089 0.26792899 0.2692071  0.27276331 0.27697041 0.2818284  0.2818284 
0.2549645  0.2549645  0.25864694 0.26232939 0.26601183 0.26969428 0.27137673 0.27540631 0.28010651 0.28547732 0.28547732
0.25513215 0.25513215 0.25923866 0.26334517 0.26745168 0.27155819 0.27366469 0.27818738 0.28340039 0.28930375 0.28930375
0.25531953 0.25531953 0.25986982 0.26442012 0.26897041 0.27352071 0.27607101 0.28110651 0.28685207 0.29330769 0.29330769
0.25552663 0.25552663 0.26054043 0.26555424 0.27056805 0.27558185 0.27859566 0.28416371 0.29046154 0.29748915 0.29748915
0.25575345 0.25575345 0.26125049 0.26674753 0.27224458 0.27774162 0.28123866 0.28735897 0.2942288  0.30184813 0.30184813
0.25575345 0.25575345 0.26125049 0.26674753 0.27224458 0.27774162 0.28123866 0.28735897 0.2942288  0.30184813 0.30184813
