0.21405405 0.21378378 0.21405405 0.21405405 0.21405405 0.21405405 0.21405405 0.21405405 0.21351351 0.21405405 0.21378378 0.21405405 0.21432432 0.21405405 0.21405405 0.21405405 0.21405405 0.21405405 0.21378378 0.21162162 0.21216216 0.21351351 0.21324324 0.21351351 0.21351351 0.21297297 0.21135135 0.21405405 0.20972973 0.21405405 0.21405405 0.21405405 0.20972973 0.20567568 0.19945946 0.19675676 0.19675676 0.19675676 0.19675676 0.19675676 0.19675676 0.19675676 0.19675676 0.19675676
0.21405405 0.21432432 0.21405405 0.21432432 0.21405405 0.21405405 0.21378378 0.21405405 0.21405405 0.21405405 0.21405405 0.21405405 0.21405405 0.21405405 0.21378378 0.21378378 0.21405405 0.21405405 0.21405405 0.21405405 0.21405405 0.21405405 0.21405405 0.21405405 0.21405405 0.21405405 0.21378378 0.21405405 0.21378378 0.21405405 0.21405405 0.21405405 0.21405405 0.21       0.20594595 0.20513514 0.19864865 0.19621622 0.19594595 0.19675676 0.19675676 0.19675676 0.19675676 0.19675676
0.21324324 0.21405405 0.21378378 0.21405405 0.21405405 0.21405405 0.21405405 0.21405405 0.21405405 0.21405405 0.21405405 0.21405405 0.21378378 0.21378378 0.21405405 0.21405405 0.21405405 0.21405405 0.21405405 0.21405405 0.21405405 0.21405405 0.21405405 0.21378378 0.21405405 0.21405405 0.21378378 0.21405405 0.20216216 0.20108108 0.21405405 0.21405405 0.21405405 0.21405405 0.21297297 0.20756757 0.20594595 0.20594595 0.20594595 0.19648649 0.19675676 0.19675676 0.19675676 0.19675676
0.21405405 0.21405405 0.21405405 0.21405405 0.21405405 0.21405405 0.21405405 0.21405405 0.21405405 0.21405405 0.21405405 0.21405405 0.21405405 0.21405405 0.21405405 0.21378378 0.21405405 0.21405405 0.21405405 0.21405405 0.21405405 0.21405405 0.21405405 0.21378378 0.21378378 0.21405405 0.21405405 0.21405405 0.21324324 0.21378378 0.21405405 0.21216216 0.21405405 0.21378378 0.21405405 0.21405405 0.20918919 0.20594595 0.20297297 0.20594595 0.20594595 0.20594595 0.20567568 0.20594595
0.21108108 0.21405405 0.21405405 0.21405405 0.21405405 0.21378378 0.21405405 0.21405405 0.21405405 0.21405405 0.21405405 0.21405405 0.21351351 0.21135135 0.21324324 0.21378378 0.21405405 0.21405405 0.21405405 0.21405405 0.21405405 0.21405405 0.21405405 0.21432432 0.21405405 0.21405405 0.21405405 0.21405405 0.21405405 0.21837838 0.22648649 0.22702703 0.22405405 0.21675676 0.22702703 0.21405405 0.21405405 0.21405405 0.21405405 0.21405405 0.21324324 0.20783784 0.20594595 0.20594595
0.20594595 0.20540541 0.21324324 0.21405405 0.21405405 0.21405405 0.21405405 0.21405405 0.21405405 0.21405405 0.21405405 0.21405405 0.21405405 0.21405405 0.21378378 0.21405405 0.21405405 0.21405405 0.21405405 0.21405405 0.21405405 0.21351351 0.21405405 0.21972973 0.22702703 0.2272973  0.22702703 0.22702703 0.22702703 0.22702703 0.22702703 0.22702703 0.23189189 0.23972973 0.23972973 0.23810811 0.22918919 0.21810811 0.21405405 0.21405405 0.21378378 0.21405405 0.21351351 0.21324324
0.20594595 0.20594595 0.20567568 0.20405405 0.21405405 0.21405405 0.21405405 0.21405405 0.21405405 0.21405405 0.21405405 0.21351351 0.21405405 0.21324324 0.21324324 0.21216216 0.21243243 0.21405405 0.21405405 0.21432432 0.21405405 0.21432432 0.21405405 0.22675676 0.22702703 0.22675676 0.22702703 0.22702703 0.22702703 0.22702703 0.22702703 0.23459459 0.24       0.24       0.24       0.24 0.23972973 0.23864865 0.23054054 0.22702703 0.22567568 0.21675676 0.21405405 0.21405405
0.20594595 0.20594595 0.20594595 0.20594595 0.20837838 0.21351351 0.21405405 0.21405405 0.21405405 0.21405405 0.21405405 0.21405405 0.21405405 0.21405405 0.21405405 0.21405405 0.21378378 0.21405405 0.21405405 0.21378378 0.21405405 0.21405405 0.22702703 0.22675676 0.22702703 0.22702703 0.22702703 0.22702703 0.22702703 0.22702703 0.22513514 0.23972973 0.24       0.24       0.24       0.24 0.24       0.24       0.24       0.22945946 0.22702703 0.22702703 0.22702703 0.21756757
0.19891892 0.20459459 0.20594595 0.20594595 0.20594595 0.20594595 0.20243243 0.21405405 0.21405405 0.21405405 0.21405405 0.21405405 0.21405405 0.21405405 0.21351351 0.21324324 0.21324324 0.21378378 0.21378378 0.21405405 0.21324324 0.21324324 0.22702703 0.22675676 0.22702703 0.22675676 0.22702703 0.22702703 0.22675676 0.22702703 0.24       0.24       0.24       0.24       0.24       0.24 0.23972973 0.24       0.24       0.24       0.23459459 0.22702703 0.22702703 0.22567568
0.19675676 0.19675676 0.19810811 0.20594595 0.20594595 0.20594595 0.20594595 0.20918919 0.21432432 0.21405405 0.21405405 0.21405405 0.21405405 0.21405405 0.21378378 0.21432432 0.21405405 0.21378378 0.21405405 0.21405405 0.21405405 0.22702703 0.22702703 0.22675676 0.22675676 0.22675676 0.22702703 0.22702703 0.22702703 0.22702703 0.22648649 0.23972973 0.24       0.24       0.24       0.24 0.23972973 0.24       0.24       0.24       0.24       0.24 0.2372973  0.24      
0.19675676 0.19675676 0.19675676 0.19972973 0.20567568 0.20594595 0.20594595 0.19918919 0.20837838 0.21351351 0.20972973 0.21405405 0.21405405 0.21405405 0.21243243 0.21108108 0.21108108 0.21108108 0.20945946 0.21405405 0.21405405 0.21351351 0.21378378 0.22675676 0.22702703 0.22675676 0.22702703 0.22702703 0.22702703 0.22702703 0.22648649 0.2327027  0.24       0.24       0.24       0.24 0.23972973 0.24       0.24       0.24       0.24       0.24 0.24       0.24      
