1.73205081 1.83303028 1.9078784  1.95959179 1.98997487 2. 1.98997487 1.95959179 1.9078784  1.83303028 1.73205081
1.73205081 1.83303028 1.9078784  1.95959179 1.98997487 2. 1.98997487 1.95959179 1.9078784  1.83303028 1.73205081
1.73205081 1.83303028 1.9078784  1.95959179 1.98997487 2. 1.98997487 1.95959179 1.9078784  1.83303028 1.73205081
1.73205081 1.83303028 1.9078784  1.95959179 1.98997487 2. 1.98997487 1.95959179 1.9078784  1.83303028 1.73205081
1.73205081 1.83303028 1.9078784  1.95959179 1.98997487 2. 1.98997487 1.95959179 1.9078784  1.83303028 1.73205081
1.73205081 1.83303028 1.9078784  1.95959179 1.98997487 2. 1.98997487 1.95959179 1.9078784  1.83303028 1.73205081
1.73205081 1.83303028 1.9078784  1.95959179 1.98997487 2. 1.98997487 1.95959179 1.9078784  1.83303028 1.73205081
1.73205081 1.83303028 1.9078784  1.95959179 1.98997487 2. 1.98997487 1.95959179 1.9078784  1.83303028 1.73205081
1.73205081 1.83303028 1.9078784  1.95959179 1.98997487 2. 1.98997487 1.95959179 1.9078784  1.83303028 1.73205081
1.73205081 1.83303028 1.9078784  1.95959179 1.98997487 2. 1.98997487 1.95959179 1.9078784  1.83303028 1.73205081
1.73205081 1.83303028 1.9078784  1.95959179 1.98997487 2. 1.98997487 1.95959179 1.9078784  1.83303028 1.73205081
1.73205081 1.83303028 1.9078784  1.95959179 1.98997487 2. 1.98997487 1.95959179 1.9078784  1.83303028 1.73205081
1.73205081 1.83303028 1.9078784  1.95959179 1.98997487 2. 1.98997487 1.95959179 1.9078784  1.83303028 1.73205081
1.73205081 1.83303028 1.9078784  1.95959179 1.98997487 2. 1.98997487 1.95959179 1.9078784  1.83303028 1.73205081
1.73205081 1.83303028 1.9078784  1.95959179 1.98997487 2. 1.98997487 1.95959179 1.9078784  1.83303028 1.73205081
1.73205081 1.83303028 1.9078784  1.95959179 1.98997487 2. 1.98997487 1.95959179 1.9078784  1.83303028 1.73205081
1.73205081 1.83303028 1.9078784  1.95959179 1.98997487 2. 1.98997487 1.95959179 1.9078784  1.83303028 1.73205081
1.73205081 1.83303028 1.9078784  1.95959179 1.98997487 2. 1.98997487 1.95959179 1.9078784  1.83303028 1.73205081
1.73205081 1.83303028 1.9078784  1.95959179 1.98997487 2. 1.98997487 1.95959179 1.9078784  1.83303028 1.73205081
1.73205081 1.83303028 1.9078784  1.95959179 1.98997487 2. 1.98997487 1.95959179 1.9078784  1.83303028 1.73205081
1.73205081 1.83303028 1.9078784  1.95959179 1.98997487 2. 1.98997487 1.95959179 1.9078784  1.83303028 1.73205081
1.73205081 1.83303028 1.9078784  1.95959179 1.98997487 2. 1.98997487 1.95959179 1.9078784  1.83303028 1.73205081
1.73205081 1.83303028 1.9078784  1.95959179 1.98997487 2. 1.98997487 1.95959179 1.9078784  1.83303028 1.73205081
1.73205081 1.83303028 1.9078784  1.95959179 1.98997487 2. 1.98997487 1.95959179 1.9078784  1.83303028 1.73205081
1.73205081 1.83303028 1.9078784  1.95959179 1.98997487 2. 1.98997487 1.95959179 1.9078784  1.83303028 1.73205081
1.73205081 1.83303028 1.9078784  1.95959179 1.98997487 2. 1.98997487 1.95959179 1.9078784  1.83303028 1.73205081
1.73205081 1.83303028 1.9078784  1.95959179 1.98997487 2. 1.98997487 1.95959179 1.9078784  1.83303028 1.73205081
1.73205081 1.83303028 1.9078784  1.95959179 1.98997487 2. 1.98997487 1.95959179 1.9078784  1.83303028 1.73205081
1.73205081 1.83303028 1.9078784  1.95959179 1.98997487 2. 1.98997487 1.95959179 1.9078784  1.83303028 1.73205081
1.73205081 1.83303028 1.9078784  1.95959179 1.98997487 2. 1.98997487 1.95959179 1.9078784  1.83303028 1.73205081
1.73205081 1.83303028 1.9078784  1.95959179 1.98997487 2. 1.98997487 1.95959179 1.9078784  1.83303028 1.73205081
1.73205081 1.83303028 1.9078784  1.95959179 1.98997487 2. 1.98997487 1.95959179 1.9078784  1.83303028 1.73205081
1.73205081 1.83303028 1.9078784  1.95959179 1.98997487 2. 1.98997487 1.95959179 1.9078784  1.83303028 1.73205081
1.73205081 1.83303028 1.9078784  1.95959179 1.98997487 2. 1.98997487 1.95959179 1.9078784  1.83303028 1.73205081
1.73205081 1.83303028 1.9078784  1.95959179 1.98997487 2. 1.98997487 1.95959179 1.9078784  1.83303028 1.73205081
1.73205081 1.83303028 1.9078784  1.95959179 1.98997487 2. 1.98997487 1.95959179 1.9078784  1.83303028 1.73205081
1.73205081 1.83303028 1.9078784  1.95959179 1.98997487 2. 1.98997487 1.95959179 1.9078784  1.83303028 1.73205081
1.73205081 1.83303028 1.9078784  1.95959179 1.98997487 2. 1.98997487 1.95959179 1.9078784  1.83303028 1.73205081
1.73205081 1.83303028 1.9078784  1.95959179 1.98997487 2. 1.98997487 1.95959179 1.9078784  1.83303028 1.73205081
1.73205081 1.83303028 1.9078784  1.95959179 1.98997487 2. 1.98997487 1.95959179 1.9078784  1.83303028 1.73205081
