0.313  0.313  0.3135 0.3135 0.313  0.312  0.3105 0.309  0.307  0.3055 0.3045 0.3045 0.3055 0.3065 0.307  0.307  0.3065 0.3055 0.3035 0.3015 0.2995 0.297  0.294  0.291  0.2875 0.284  0.2805 0.277  0.2745 0.272 0.27  
0.3135 0.314  0.3155 0.317  0.3185 0.3185 0.318  0.317  0.3155 0.314 0.313  0.312  0.3115 0.311  0.3105 0.3095 0.3085 0.307  0.3055 0.3035 0.3015 0.299  0.2965 0.2935 0.2905 0.287  0.284  0.2805 0.277  0.274 0.2715
0.3115 0.312  0.314  0.316  0.318  0.3185 0.3185 0.318  0.317  0.316 0.315  0.314  0.313  0.312  0.3115 0.3105 0.309  0.3075 0.306  0.304 0.302  0.3    0.2975 0.295  0.292  0.289  0.286  0.283  0.2795 0.276 0.2725
0.3075 0.308  0.3105 0.3125 0.315  0.316  0.3165 0.317  0.3165 0.3155 0.315  0.314  0.3135 0.3125 0.3115 0.3105 0.309  0.308  0.3065 0.3045 0.3025 0.3005 0.298  0.296  0.2935 0.2905 0.2875 0.2845 0.2815 0.278 0.274 
0.3015 0.303  0.3055 0.308  0.3105 0.312  0.313  0.314  0.314  0.3135 0.313  0.3125 0.312  0.3115 0.3105 0.3095 0.3085 0.3075 0.306  0.3045 0.3025 0.3005 0.2985 0.2965 0.294  0.2915 0.289  0.286  0.2835 0.28 0.276 
0.295  0.297  0.2995 0.3025 0.305  0.307  0.3085 0.31   0.31   0.3105 0.3105 0.3105 0.31   0.3095 0.309  0.3085 0.3075 0.307  0.3055 0.304 0.3025 0.301  0.299  0.297  0.295  0.2925 0.29   0.288  0.285  0.2825 0.279 
0.288  0.291  0.2935 0.2965 0.299  0.3015 0.3035 0.305  0.3055 0.3065 0.307  0.307  0.3075 0.307  0.307  0.3065 0.3065 0.306  0.305  0.304 0.3025 0.301  0.2995 0.2975 0.2955 0.2935 0.2915 0.2895 0.2875 0.2855 0.2825
0.282  0.285  0.2875 0.29   0.293  0.295  0.2975 0.299  0.3005 0.302 0.303  0.3035 0.3045 0.3045 0.305  0.305  0.305  0.3045 0.304  0.3035 0.3025 0.3015 0.3    0.2985 0.297  0.295  0.2935 0.2915 0.29   0.288 0.286 
0.2765 0.279  0.2815 0.2835 0.286  0.2885 0.2905 0.293  0.295  0.297 0.2985 0.3    0.3015 0.302  0.303  0.3035 0.3035 0.3035 0.3035 0.303 0.3025 0.3015 0.3005 0.2995 0.2985 0.297  0.2955 0.294  0.2925 0.291 0.2895
0.2715 0.273  0.2745 0.2765 0.278  0.2805 0.283  0.2855 0.2885 0.2915 0.294  0.2965 0.2985 0.3    0.3015 0.302  0.3025 0.3025 0.3025 0.3025 0.302  0.302  0.3015 0.3005 0.3    0.2985 0.2975 0.296  0.2945 0.293 0.2925
0.2675 0.2685 0.268  0.2675 0.2675 0.269  0.2715 0.275  0.279  0.2835 0.288  0.292  0.2955 0.298  0.3    0.301  0.301  0.301  0.301  0.301 0.301  0.3015 0.3015 0.3015 0.301  0.3    0.299  0.2975 0.296  0.294 0.2935
