0.25125641 0.25125641 0.25225641 0.25325641 0.25425641 0.25525641 0.25425641 0.25331164 0.25238264 0.25146943 0.25146943
0.25125641 0.25125641 0.25225641 0.25325641 0.25425641 0.25525641 0.25425641 0.25331164 0.25238264 0.25146943 0.25146943
0.25151282 0.25151282 0.25251282 0.25351282 0.25451282 0.25551282 0.25451282 0.25362327 0.25276529 0.25193886 0.25193886
0.25176923 0.25176923 0.25276923 0.25376923 0.25476923 0.25576923 0.25476923 0.25393491 0.25314793 0.25240828 0.25240828
0.25202564 0.25202564 0.25302564 0.25402564 0.25502564 0.25602564 0.25502564 0.25424655 0.25353057 0.25287771 0.25287771
0.25228205 0.25228205 0.25328205 0.25428205 0.25528205 0.25628205 0.25528205 0.25455819 0.25391321 0.25334714 0.25334714
0.25253846 0.25253846 0.25353846 0.25453846 0.25553846 0.25653846 0.25553846 0.25486982 0.25429586 0.25381657 0.25381657
0.25279487 0.25279487 0.25379487 0.25479487 0.25579487 0.25679487 0.25579487 0.25518146 0.2546785  0.254286   0.254286  
0.25305128 0.25305128 0.25405128 0.25505128 0.25605128 0.25705128 0.25605128 0.2554931  0.25506114 0.25475542 0.25475542
0.25330769 0.25330769 0.25430769 0.25530769 0.25630769 0.25730769 0.25630769 0.25580473 0.25544379 0.25522485 0.25522485
0.2535641  0.2535641  0.2545641  0.2555641  0.2565641  0.2575641 0.2565641  0.25611637 0.25582643 0.25569428 0.25569428
0.25382051 0.25382051 0.25482051 0.25582051 0.25682051 0.25782051 0.25682051 0.25642801 0.25620907 0.25616371 0.25616371
0.25407692 0.25407692 0.25507692 0.25607692 0.25707692 0.25807692 0.25707692 0.25673964 0.25659172 0.25663314 0.25663314
0.25433333 0.25433333 0.25533333 0.25633333 0.25733333 0.25833333 0.25733333 0.25705128 0.25697436 0.25710256 0.25710256
0.25458974 0.25458974 0.25558974 0.25658974 0.25758974 0.25858974 0.25758974 0.25736292 0.257357   0.25757199 0.25757199
0.25484615 0.25484615 0.25584615 0.25684615 0.25784615 0.25884615 0.25784615 0.25767456 0.25773964 0.25804142 0.25804142
0.25510256 0.25510256 0.25610256 0.25710256 0.25810256 0.25910256 0.25810256 0.25798619 0.25812229 0.25851085 0.25851085
0.25535897 0.25535897 0.25635897 0.25735897 0.25835897 0.25935897 0.25835897 0.25829783 0.25850493 0.25898028 0.25898028
0.25561538 0.25561538 0.25661538 0.25761538 0.25861538 0.25961538 0.25861538 0.25860947 0.25888757 0.2594497  0.2594497 
0.25587179 0.25587179 0.25687179 0.25787179 0.25887179 0.25987179 0.25887179 0.2589211  0.25927022 0.25991913 0.25991913
0.25587179 0.25587179 0.25687179 0.25787179 0.25887179 0.25987179 0.25887179 0.25897633 0.25939645 0.26013215 0.26013215
0.25561538 0.25561538 0.25661538 0.25761538 0.25861538 0.25961538 0.25861538 0.25877515 0.25926627 0.26008876 0.26008876
0.25535897 0.25535897 0.25635897 0.25735897 0.25835897 0.25935897 0.25835897 0.25857396 0.25913609 0.26004536 0.26004536
0.25510256 0.25510256 0.25610256 0.25710256 0.25810256 0.25910256 0.25810256 0.25837278 0.25900592 0.26000197 0.26000197
0.25484615 0.25484615 0.25584615 0.25684615 0.25784615 0.25884615 0.25784615 0.2581716  0.25887574 0.25995858 0.25995858
0.25458974 0.25458974 0.25558974 0.25658974 0.25758974 0.25858974 0.25758974 0.25797041 0.25874556 0.25991519 0.25991519
0.25433333 0.25433333 0.25533333 0.25633333 0.25733333 0.25833333 0.25733333 0.25776923 0.25861538 0.25987179 0.25987179
0.25428994 0.25428994 0.25550296 0.25671598 0.25792899 0.25914201 0.25835503 0.25905917 0.26018935 0.26174556 0.26174556
0.25426233 0.25426233 0.25570414 0.25714596 0.25858777 0.26002959 0.2594714  0.26045957 0.26188955 0.26376134 0.26376134
0.25425049 0.25425049 0.25593688 0.25762327 0.25930966 0.26099606 0.26068245 0.26197041 0.26371598 0.26591913 0.26591913
0.25425444 0.25425444 0.25620118 0.25814793 0.26009467 0.26204142 0.26198817 0.26359172 0.26566864 0.26821893 0.26821893
0.25427416 0.25427416 0.25649704 0.25871992 0.2609428  0.26316568 0.26338856 0.26532347 0.26774753 0.27066075 0.27066075
0.25430966 0.25430966 0.25682446 0.25933925 0.26185404 0.26436884 0.26488363 0.26716568 0.26995266 0.27324458 0.27324458
0.25436095 0.25436095 0.25718343 0.26000592 0.2628284  0.26565089 0.26647337 0.26911834 0.27228402 0.27597041 0.27597041
0.25442801 0.25442801 0.25757396 0.26071992 0.26386588 0.26701183 0.26815779 0.27118146 0.27474162 0.27883826 0.27883826
0.25451085 0.25451085 0.25799606 0.26148126 0.26496647 0.26845168 0.26993688 0.27335503 0.27732544 0.28184813 0.28184813
0.25460947 0.25460947 0.2584497  0.26228994 0.26613018 0.26997041 0.27181065 0.27563905 0.2800355  0.285      0.285     
0.25472387 0.25472387 0.25893491 0.26314596 0.267357   0.27156805 0.27377909 0.27803353 0.28287179 0.28829389 0.28829389
0.25485404 0.25485404 0.25945168 0.26404931 0.26864694 0.27324458 0.27584221 0.28053846 0.28583432 0.29172978 0.29172978
0.25485404 0.25485404 0.25945168 0.26404931 0.26864694 0.27324458 0.27584221 0.28053846 0.28583432 0.29172978 0.29172978
